#cliente	day	place	penalty	service
191_PR_3	3	2	2182	60
101_PR_2	2	2	2092	60
1_PR_1	1	2	444	90
341_SA_5	5	1	3170	70
102_SA_2	2	1	4115	120
2_SA_1	1	1	59392	90
103_SA_2	2	1	64321	120
104_LC_2	2	3	410	120
271_PR_4	4	2	20958	60
105_LC_2	2	3	61656	200
342_PR_5	5	2	750	60
192_PR_3	3	2	4655	130
193_LC_3	3	3	2237	70
272_LC_4	4	3	67664	130
273_LC_4	4	3	2765	90
343_LC_5	5	3	30603	45
274_SA_4	4	1	67897	60
3_SA_1	1	1	54591	75
106_NU_2	2	5	45429	75
107_PR_2	2	2	41130	30
344_LC_5	5	3	810	120
108_LC_2	2	3	60773	10
345_SA_5	5	1	300	150
194_PR_3	3	2	39794	20
4_LC_1	1	3	2308	120
195_SA_3	3	1	4811	150
5_SA_1	1	1	72897	90
197_SA_3	3	1	67081	120
346_LC_5	5	3	59304	70
199_SA_3	3	1	13993	80
196_PR_3	3	2	80543	45
198_SA_3	3	1	59417	60
6_SA_1	1	1	4856	30
200_SA_3	3	1	5740	60
201_LC_3	3	3	5925	270
347_SA_5	5	1	21720	20
7_SA_1	1	1	34484	290
202_SA_3	3	1	64891	180
8_SA_1	1	1	58735	60
110_SA_2	2	1	44641	120
111_SA_2	2	1	51855	120
112_SA_2	2	1	40323	60
109_SA_2	2	1	29255	110
114_SA_2	2	1	32253	60
113_SA_2	2	1	49778	60
203_SA_3	3	1	27484	45
115_PR_2	2	2	34776	90
348_SA_5	5	1	9020	60
349_SA_5	5	1	7854	15
9_SA_1	1	1	602	360
10_SA_1	1	1	290	60
13_SA_1	1	1	500	60
14_SA_1	1	1	1050	90
350_SA_5	5	1	809	180
12_SA_1	1	1	461	75
204_SA_3	3	1	923	80
205_SA_3	3	1	308	60
352_PR_5	5	2	594	70
11_SA_1	1	1	690	120
275_SA_4	4	1	558	90
276_SA_4	4	1	720	60
277_SA_4	4	1	645	120
120_SA_2	2	1	369	55
279_SA_4	4	1	801	300
280_NU_4	4	5	839	60
119_SA_2	2	1	571	60
124_SA_2	2	1	661	30
121_LC_2	2	3	700	45
122_SA_2	2	1	585	50
351_SA_5	5	1	640	60
118_SA_2	2	1	933	120
278_PR_4	4	2	831	150
116_SA_2	2	1	480	60
117_SA_2	2	1	682	140
123_SA_2	2	1	760	50
15_SA_1	1	1	72190	240
125_SA_2	2	1	49409	60
281_PR_4	4	2	73617	70
282_LC_4	4	3	46496	90
127_PR_2	2	2	134559	80
206_PR_3	3	2	132280	35
126_PR_2	2	2	88633	180
353_SA_5	5	1	78	5
354_PR_5	5	2	68971	30
16_SA_1	1	1	221	110
207_SA_3	3	1	203	50
128_SA_2	2	1	183	120
17_NU_1	1	5	1236	180
129_NU_2	2	5	1280	120
283_SA_4	4	1	2125	180
355_LC_5	5	3	989	150
130_SA_2	2	1	1651	90
356_SA_5	5	1	216	150
131_PR_2	2	2	56013	215
18_SA_1	1	1	2117	90
208_SA_3	3	1	1573	90
209_SA_3	3	1	532	45
132_SA_2	2	1	1812	20
19_SA_1	1	1	95864	180
210_SA_3	3	1	87952	180
284_SA_4	4	1	78676	240
134_SA_2	2	1	40620	60
133_SA_2	2	1	40878	90
357_SA_5	5	1	54174	60
285_SA_4	4	1	52210	60
135_SA_2	2	1	57481	60
20_SA_1	1	1	50008	60
136_LC_2	2	3	299	30
286_PR_4	4	2	58533	60
360_LC_5	5	3	66926	10
358_PR_5	5	2	53642	70
137_PR_2	2	2	63958	150
359_LC_5	5	3	47034	10
361_SA_5	5	1	37266	10
21_NU_1	1	5	28765	90
211_NU_3	3	5	19202	40
362_PR_5	5	2	45717	240
22_PR_1	1	2	29047	60
213_LC_3	3	3	58932	90
139_PR_2	2	2	29538	60
140_SA_2	2	1	28887	50
288_SA_4	4	1	75497	60
287_PR_4	4	2	58996	90
212_SA_3	3	1	73760	40
138_VI_2	2	4	61074	90
363_VI_5	5	4	1196	10
214_VI_3	3	4	2549	25
215_PR_3	3	2	46259	45
23_SA_1	1	1	43246	90
24_PR_1	1	2	4036	100
289_LC_4	4	3	27279	110
25_PR_1	1	2	793	90
141_NU_2	2	5	472	150
26_NU_1	1	5	390	420
27_LC_1	1	3	2938	180
216_SA_3	3	1	26963	80
28_SA_1	1	1	341	30
29_SA_1	1	1	36246	60
364_PR_5	5	2	2373	1
217_SA_3	3	1	786	150
365_SA_5	5	1	546	120
290_SA_4	4	1	966	60
291_SA_4	4	1	3641	150
292_PR_4	4	2	1488	50
293_PR_4	4	2	2342	165
294_SA_4	4	1	28935	90
142_LC_2	2	3	4297	50
218_SA_3	3	1	2475	120
219_SA_3	3	1	3527	90
143_SA_2	2	1	2291	180
144_SA_2	2	1	360	90
145_LC_2	2	3	205	60
146_SA_2	2	1	210	165
147_LC_2	2	3	175	30
220_PR_3	3	2	176	60
30_PR_1	1	2	5483	60
295_LC_4	4	3	76	60
366_SA_5	5	1	11199	20
32_SA_1	1	1	25069	90
31_SA_1	1	1	10967	90
367_PR_5	5	2	52482	15
33_LC_1	1	3	3225	150
221_PR_3	3	2	74120	35
296_SA_4	4	1	65478	90
222_PR_3	3	2	61650	60
223_PR_3	3	2	43598	40
224_PR_3	3	2	3252	50
34_LC_1	1	3	46736	80
148_SA_2	2	1	10834	90
368_PR_5	5	2	17380	5
369_SA_5	5	1	42621	120
370_SA_5	5	1	56013	140
225_SA_3	3	1	361	80
35_SA_1	1	1	283	105
297_SA_4	4	1	1381	100
36_LC_1	1	3	54221	60
298_PR_4	4	2	192	120
150_SA_2	2	1	1340	120
149_SA_2	2	1	1954	235
151_SA_2	2	1	85212	120
38_PR_1	1	2	50993	80
371_PR_5	5	2	60212	30
37_PR_1	1	2	49336	60
39_LC_1	1	3	2196	90
226_PR_3	3	2	54522	65
372_LC_5	5	3	53513	60
227_LC_3	3	3	4580	120
40_SA_1	1	1	2163	60
228_SA_3	3	1	54822	100
152_LC_2	2	3	2135	1
41_LC_1	1	3	2524	120
42_PR_1	1	2	3079	60
299_LC_4	4	3	129	60
43_SA_1	1	1	3263	207
300_SA_4	4	1	27624	105
301_SA_4	4	1	317	75
44_PR_1	1	2	1190	25
153_PR_2	2	2	22916	230
302_SA_4	4	1	58799	90
373_SA_5	5	1	2286	60
154_PR_2	2	2	20601	170
374_PR_5	5	2	48535	105
155_SA_2	2	1	68465	240
375_PR_5	5	2	41973	170
229_SA_3	3	1	623	60
156_PR_2	2	2	45680	80
45_VI_1	1	4	7776	75
46_SA_1	1	1	60	90
47_SA_1	1	1	144	90
230_PR_3	3	2	30282	30
303_LC_4	4	3	42471	60
376_PR_5	5	2	39969	75
304_VI_4	4	4	780	120
231_SA_3	3	1	1751	80
49_SA_1	1	1	827	60
306_SA_4	4	1	2320	270
305_PR_4	4	2	1169	25
377_PR_5	5	2	1270	30
157_SA_2	2	1	1238	150
48_SA_1	1	1	1900	60
232_PR_3	3	2	2032	120
307_SA_4	4	1	36911	120
233_SA_3	3	1	58709	40
378_PR_5	5	2	52636	30
234_LC_3	3	3	2546	60
235_LC_3	3	3	441	120
379_LC_5	5	3	27254	60
50_LC_1	1	3	54341	80
158_PR_2	2	2	1031	85
236_VI_3	3	4	196	90
308_PR_4	4	2	71775	30
237_PR_3	3	2	54610	70
159_SA_2	2	1	3779	55
51_SA_1	1	1	2607	90
160_PR_2	2	2	53953	60
309_PR_4	4	2	48359	60
310_PR_4	4	2	59533	120
161_LC_2	2	3	48798	180
238_SA_3	3	1	9137	60
162_SA_2	2	1	4303	1
239_SA_3	3	1	47227	180
52_PR_1	1	2	4285	30
240_PR_3	3	2	3503	60
53_NU_1	1	5	52382	90
311_PR_4	4	2	44676	60
241_SA_3	3	1	47287	20
55_LC_1	1	3	1207	60
54_LC_1	1	3	1029	60
312_PR_4	4	2	105689	50
56_LC_1	1	3	86	150
313_PR_4	4	2	1469	50
163_PR_2	2	2	1672	120
164_NU_2	2	5	2218	90
314_SA_4	4	1	2904	20
380_LC_5	5	3	4197	234
59_SA_1	1	1	6930	60
57_SA_1	1	1	2793	60
58_SA_1	1	1	6578	60
165_SA_2	2	1	54531	120
60_LC_1	1	3	4076	90
167_SA_2	2	1	72505	60
64_SA_1	1	1	47609	10
62_SA_1	1	1	48698	150
61_SA_1	1	1	47973	30
166_SA_2	2	1	61615	40
65_SA_1	1	1	38517	30
63_SA_1	1	1	27763	75
381_SA_5	5	1	66684	60
242_LC_3	3	3	50169	40
315_SA_4	4	1	1710	180
316_NU_4	4	5	7632	60
66_PR_1	1	2	298	75
168_SA_2	2	1	608	60
67_SA_1	1	1	143	60
317_LC_4	4	3	82265	45
243_SA_3	3	1	1513	120
318_SA_4	4	1	838	240
68_SA_1	1	1	198	120
69_VI_1	1	4	54138	60
382_PR_5	5	2	2205	30
319_PR_4	4	2	1006	90
71_PR_1	1	2	19451	520
70_SA_1	1	1	11516	180
170_SA_2	2	1	6052	120
244_SA_3	3	1	13389	80
169_LC_2	2	3	19471	135
171_PR_2	2	2	9796	65
172_NU_2	2	5	63855	60
321_SA_4	4	1	55654	240
383_SA_5	5	1	64238	240
73_PR_1	1	2	74795	120
72_SA_1	1	1	53648	195
320_SA_4	4	1	54411	120
322_SA_4	4	1	42675	90
245_SA_3	3	1	170	160
384_SA_5	5	1	446	240
323_SA_4	4	1	334	120
246_LC_3	3	3	6186	100
247_SA_3	3	1	37570	90
74_SA_1	1	1	300	60
75_SA_1	1	1	67780	75
174_SA_2	2	1	39789	360
173_SA_2	2	1	48886	55
175_SA_2	2	1	73290	90
385_SA_5	5	1	62838	60
248_SA_3	3	1	1038	60
176_SA_2	2	1	1392	90
177_PR_2	2	2	108	50
249_SA_3	3	1	61526	75
76_SA_1	1	1	279	100
250_SA_3	3	1	47117	60
77_SA_1	1	1	49555	120
178_NU_2	2	5	191	20
324_SA_4	4	1	51678	130
325_PR_4	4	2	5254	180
386_SA_5	5	1	77652	90
179_PR_2	2	2	76818	100
251_PR_3	3	2	3128	60
180_LC_2	2	3	36132	60
326_SA_4	4	1	973	1
78_SA_1	1	1	1308	60
79_SA_1	1	1	1190	100
181_LC_2	2	3	1162	120
252_SA_3	3	1	1330	55
387_SA_5	5	1	70601	90
80_SA_1	1	1	42193	90
81_SA_1	1	1	24115	60
388_SA_5	5	1	1773	60
389_SA_5	5	1	30278	90
253_SA_3	3	1	31035	60
82_VI_1	1	4	9332	30
390_LC_5	5	3	5004	180
255_PR_3	3	2	32214	150
254_PR_3	3	2	35222	60
256_PR_3	3	2	336	90
257_SA_3	3	1	1238	5
258_SA_3	3	1	2980	120
83_SA_1	1	1	2250	240
327_SA_4	4	1	15297	120
84_LC_1	1	3	16107	15
85_PR_1	1	2	91	70
86_PR_1	1	2	52106	90
259_SA_3	3	1	182	110
260_SA_3	3	1	212	120
261_SA_3	3	1	5271	90
87_SA_1	1	1	1551	60
262_SA_3	3	1	2266	120
88_LC_1	1	3	40697	120
328_LC_4	4	3	68912	120
329_LC_4	4	3	42621	90
182_LC_2	2	3	50304	60
183_NU_2	2	5	580	20
263_SA_3	3	1	49467	60
184_SA_2	2	1	65757	15
185_SA_2	2	1	63978	35
331_SA_4	4	1	30657	160
330_SA_4	4	1	39961	120
264_SA_3	3	1	38464	65
186_PR_2	2	2	210	120
187_SA_2	2	1	55270	210
89_PR_1	1	2	47993	70
90_SA_1	1	1	54	90
391_LC_5	5	3	43319	75
393_PR_5	5	2	49372	150
91_PR_1	1	2	62743	120
392_PR_5	5	2	39417	35
188_VI_2	2	4	100	100
332_PR_4	4	2	1939	120
265_PR_3	3	2	45386	100
92_SA_1	1	1	66294	60
333_VI_4	4	4	49347	90
394_PR_5	5	2	48643	75
93_SA_1	1	1	3907	90
94_NU_1	1	5	66853	160
95_SA_1	1	1	619	140
334_SA_4	4	1	998	30
96_VI_1	1	4	34174	50
98_PR_1	1	2	45167	10
97_PR_1	1	2	75593	20
335_SA_4	4	1	13051	30
266_SA_3	3	1	3752	80
99_SA_1	1	1	77	75
267_NU_3	3	5	5925	50
336_VI_4	4	4	281	240
337_PR_4	4	2	2952	1
395_SA_5	5	1	155	90
338_SA_4	4	1	234	60
396_SA_5	5	1	46676	60
397_SA_5	5	1	38303	10
268_SA_3	3	1	1196	90
398_NU_5	5	5	5530	150
340_SA_4	4	1	4915	60
339_SA_4	4	1	6733	140
189_PR_2	2	2	7351	80
399_SA_5	5	1	64172	60
190_SA_2	2	1	51344	30
100_PR_1	1	2	4725	60
269_SA_3	3	1	259780	40
400_PR_5	5	2	64446	45
270_PR_3	3	2	15962	75
