Iter 71
MasterProb = 34105.5

s [*] :=
1   1
2  62
3  10
4  71
5  72
;

SubProb = -71.5
d = 0

distanceCost*(sum{l in 1 .. Lcap - 1} t[l]) = 1265

Iter 72
MasterProb = 34100

s [*] :=
1   8
2  38
3  71
4  72
5  73
;

SubProb = -110
d = 0

distanceCost*(sum{l in 1 .. Lcap - 1} t[l]) = 660

Iter 73
MasterProb = 34068.2

s [*] :=
1  66
2  34
3  71
4  72
5  73
;

SubProb = -252.32
d = 0

distanceCost*(sum{l in 1 .. Lcap - 1} t[l]) = 495

Iter 74
MasterProb = 33840.3

s [*] :=
1  36
2  70
3  71
4  72
5  73
;

SubProb = 0
d = 0

distanceCost*(sum{l in 1 .. Lcap - 1} t[l]) = 880

Problema Entero
MasterProb = 34980

fo1 = 34980
fo2 = 0

x[j] [*] :=
  8  1
  9  1
 46  1
 52  1
 79  1
 84  1
 86  1
121  1
134  1
137  1
138  1
141  1
151  1
156  1
158  1
171  1
183  1
185  1
203  1
204  1
216  1
222  1
229  1
241  1
258  1
;

aa[i,j] [*,*]
:    8   9  46  52  79  84  86 121 134 137 138 141 151 156 158 171 183 185 203 :=
1    0   0   0   0   0   0   0   0   1   0   0   0   0   0   0   0   0   0   0
2    0   0   0   0   0   0   0   0   0   0   0   0   1   0   0   0   0   0   0
3    0   0   0   0   0   0   0   0   0   0   1   0   0   0   0   0   0   0   0
4    0   0   0   0   0   1   0   0   0   0   0   0   0   0   0   0   0   0   0
5    0   0   0   0   0   0   0   0   1   0   0   0   0   0   0   0   0   0   0
6    0   0   0   0   0   0   0   0   1   0   0   0   0   0   0   0   0   0   0
7    0   0   0   0   0   0   0   0   0   0   0   0   0   0   0   0   0   0   0
8    1   0   0   0   0   0   0   0   0   0   0   0   0   0   0   0   0   0   0
9    0   1   0   0   0   0   0   0   0   0   0   0   0   0   0   0   0   0   0
10   0   0   0   0   0   0   0   0   0   1   0   0   0   0   0   0   0   0   0
11   0   0   0   0   0   0   0   0   0   0   0   0   0   0   0   0   0   1   0
12   0   0   0   0   0   0   0   0   0   0   0   0   0   0   0   0   0   0   1
13   0   0   0   0   0   0   0   0   0   0   0   0   0   0   1   0   0   0   0
14   0   0   0   0   0   0   0   0   0   0   0   1   0   0   0   0   0   0   0
15   0   0   0   0   0   0   0   0   0   0   0   0   0   1   0   0   0   0   0
16   0   0   0   0   0   0   0   0   0   0   0   0   0   0   0   0   0   0   0
17   0   0   0   0   0   0   0   0   0   0   0   0   1   0   0   0   0   0   0
18   0   0   0   0   0   1   0   0   0   0   0   0   0   0   0   0   0   0   0
19   0   0   0   0   0   0   0   0   0   0   1   0   0   0   0   0   0   0   0
20   0   0   0   0   0   0   0   0   0   0   0   0   0   0   0   0   0   0   0
21   0   0   0   0   0   0   0   0   1   0   0   0   0   0   0   0   0   0   0
22   0   0   0   0   0   0   0   0   0   0   0   0   1   0   0   0   0   0   0
23   0   0   0   0   0   0   1   0   0   0   0   0   0   0   0   0   0   0   0
24   0   0   0   0   0   0   0   0   0   0   0   0   0   0   0   0   0   0   0
25   0   0   0   0   0   0   0   0   0   0   1   0   0   0   0   0   0   0   0
26   0   0   0   0   0   0   0   0   0   0   0   0   0   0   0   1   0   0   0
27   0   0   0   0   0   0   0   0   0   0   0   1   0   0   0   0   0   0   0
28   0   0   0   0   1   0   0   0   0   0   0   0   0   0   0   0   0   0   0
29   0   0   0   0   0   0   0   0   0   0   0   0   0   0   0   0   1   0   0
30   0   0   0   0   0   0   0   0   0   0   0   0   0   0   1   0   0   0   0
31   0   0   0   0   0   1   0   0   0   0   0   0   0   0   0   0   0   0   0
32   0   0   0   0   0   0   0   0   0   0   0   0   0   0   0   0   0   0   0
33   0   0   0   0   0   0   0   0   0   0   1   0   0   0   0   0   0   0   0
34   0   0   0   0   0   0   0   0   0   0   0   0   0   0   0   0   0   0   0
35   0   0   0   0   0   0   0   0   0   0   0   0   1   0   0   0   0   0   0
36   0   0   0   0   0   0   0   1   0   0   0   0   0   0   0   0   0   0   0
37   0   0   0   0   0   0   0   0   0   0   0   0   0   0   0   0   0   0   0
38   0   0   0   0   1   0   0   0   0   0   0   0   0   0   0   0   0   0   0
39   0   0   0   0   0   0   0   0   0   1   0   0   0   0   0   0   0   0   0
40   0   0   0   0   0   0   0   0   0   0   0   0   0   0   0   0   0   0   0
41   0   0   0   0   1   0   0   0   0   0   0   0   0   0   0   0   0   0   0
42   0   0   0   0   0   0   0   0   1   0   0   0   0   0   0   0   0   0   0
43   0   0   0   0   0   0   1   0   0   0   0   0   0   0   0   0   0   0   0
44   0   0   0   0   0   0   0   0   0   0   0   1   0   0   0   0   0   0   0
45   0   0   0   0   1   0   0   0   0   0   0   0   0   0   0   0   0   0   0
46   0   0   1   0   0   0   0   0   0   0   0   0   0   0   0   0   0   0   0
47   0   0   0   0   0   0   1   0   0   0   0   0   0   0   0   0   0   0   0
48   0   0   0   0   0   0   0   0   0   0   0   0   0   1   0   0   0   0   0
49   0   0   0   0   0   0   1   0   0   0   0   0   0   0   0   0   0   0   0
50   0   0   0   0   0   1   0   0   0   0   0   0   0   0   0   0   0   0   0
51   0   0   0   0   0   0   0   0   0   0   0   0   0   0   0   0   0   0   0
52   0   0   0   1   0   0   0   0   0   0   0   0   0   0   0   0   0   0   0
53   0   0   0   0   0   0   0   0   0   0   0   0   0   0   0   0   0   0   0
54   0   0   0   0   0   0   0   0   0   0   0   0   0   0   0   0   0   0   0
55   0   0   0   0   0   0   0   0   0   0   0   0   0   0   0   0   0   1   0
56   0   0   0   0   1   0   0   0   0   0   0   0   0   0   0   0   0   0   0
57   0   0   0   0   0   0   0   0   0   0   0   0   0   0   0   1   0   0   0
58   0   0   0   0   0   0   0   0   0   0   0   0   0   0   0   0   0   0   1
59   0   0   0   0   0   0   0   0   0   0   0   0   0   0   0   0   1   0   0
60   0   0   0   0   0   0   0   0   0   0   0   0   0   0   0   1   0   0   0
61   0   0   0   0   0   0   0   1   0   0   0   0   0   0   0   0   0   0   0
62   0   0   0   0   0   0   0   0   0   0   0   0   1   0   0   0   0   0   0
63   0   0   0   0   0   0   0   0   0   0   1   0   0   0   0   0   0   0   0
64   0   0   0   0   0   0   0   0   0   0   0   1   0   0   0   0   0   0   0
65   0   0   0   0   0   1   0   0   0   0   0   0   0   0   0   0   0   0   0
66   0   0   0   0   0   0   0   0   0   0   0   0   0   0   0   0   0   0   0
67   0   0   0   0   0   0   1   0   0   0   0   0   0   0   0   0   0   0   0
68   0   0   0   0   0   0   0   0   0   0   0   0   0   0   0   0   0   0   0
69   0   0   0   0   0   0   0   0   0   0   0   0   0   0   0   0   0   0   0
70   0   0   0   0   0   0   0   0   0   0   0   0   0   0   0   0   0   0   0

:  204 216 222 229 241 258    :=
1    0   0   0   0   0   0
2    0   0   0   0   0   0
3    0   0   0   0   0   0
4    0   0   0   0   0   0
5    0   0   0   0   0   0
6    0   0   0   0   0   0
7    0   0   0   1   0   0
8    0   0   0   0   0   0
9    0   0   0   0   0   0
10   0   0   0   0   0   0
11   0   0   0   0   0   0
12   0   0   0   0   0   0
13   0   0   0   0   0   0
14   0   0   0   0   0   0
15   0   0   0   0   0   0
16   1   0   0   0   0   0
17   0   0   0   0   0   0
18   0   0   0   0   0   0
19   0   0   0   0   0   0
20   0   0   0   1   0   0
21   0   0   0   0   0   0
22   0   0   0   0   0   0
23   0   0   0   0   0   0
24   0   0   1   0   0   0
25   0   0   0   0   0   0
26   0   0   0   0   0   0
27   0   0   0   0   0   0
28   0   0   0   0   0   0
29   0   0   0   0   0   0
30   0   0   0   0   0   0
31   0   0   0   0   0   0
32   0   0   1   0   0   0
33   0   0   0   0   0   0
34   0   0   0   0   0   1
35   0   0   0   0   0   0
36   0   0   0   0   0   0
37   0   0   1   0   0   0
38   0   0   0   0   0   0
39   0   0   0   0   0   0
40   1   0   0   0   0   0
41   0   0   0   0   0   0
42   0   0   0   0   0   0
43   0   0   0   0   0   0
44   0   0   0   0   0   0
45   0   0   0   0   0   0
46   0   0   0   0   0   0
47   0   0   0   0   0   0
48   0   0   0   0   0   0
49   0   0   0   0   0   0
50   0   0   0   0   0   0
51   0   0   0   0   1   0
52   0   0   0   0   0   0
53   0   0   1   0   0   0
54   0   1   0   0   0   0
55   0   0   0   0   0   0
56   0   0   0   0   0   0
57   0   0   0   0   0   0
58   0   0   0   0   0   0
59   0   0   0   0   0   0
60   0   0   0   0   0   0
61   0   0   0   0   0   0
62   0   0   0   0   0   0
63   0   0   0   0   0   0
64   0   0   0   0   0   0
65   0   0   0   0   0   0
66   0   0   0   0   0   1
67   0   0   0   0   0   0
68   0   0   0   0   1   0
69   0   0   0   1   0   0
70   0   1   0   0   0   0
;

vi[i] [*] :=
;

:   x[i]   c[i] travel[i] delay[i]    :=
8     1       0       0       0
9     1       0       0       0
46    1       0       0       0
52    1       0       0       0
79    1    3355    3355       0
84    1    3520    3520       0
86    1    2860    2860       0
121   1     880     880       0
134   1    3575    3575       0
137   1     605     605       0
138   1    1980    1980       0
141   1    2640    2640       0
151   1    3080    3080       0
156   1     880     880       0
158   1     880     880       0
171   1    1760    1760       0
183   1     495     495       0
185   1     660     660       0
203   1     495     495       0
204   1     660     660       0
216   1     880     880       0
222   1    2640    2640       0
229   1    1760    1760       0
241   1     880     880       0
258   1     495     495       0
;

