Iter 89
MasterProb = 59749.4

s [*] :=
1  31
2  32
3  67
4  34
5  19
;

SubProb = -2757.53
d = 0

distanceCost*(sum{l in 1 .. Lcap - 1} t[l]) = 3740

Iter 90
MasterProb = 58807.6

s [*] :=
1  59
2   1
3  18
4  19
5  89
;

SubProb = -2978.1
d = 0

distanceCost*(sum{l in 1 .. Lcap - 1} t[l]) = 2530

Iter 91
MasterProb = 57562.4

s [*] :=
1  76
2  85
3  74
4   3
5  59
;

SubProb = -6290.37
d = 0

distanceCost*(sum{l in 1 .. Lcap - 1} t[l]) = 3960

Iter 92
MasterProb = 56076.6

s [*] :=
1  32
2  54
3  43
4  30
5  65
;

SubProb = -2089.33
d = 0

distanceCost*(sum{l in 1 .. Lcap - 1} t[l]) = 4070

Iter 93
MasterProb = 55253.6

s [*] :=
1  38
2  51
3  85
4  76
5  17
;

SubProb = -3001.95
d = 0

distanceCost*(sum{l in 1 .. Lcap - 1} t[l]) = 3795

Iter 94
MasterProb = 54508.3

s [*] :=
1  86
2  85
3  51
4  64
5  32
;

SubProb = -1953.92
d = 0

distanceCost*(sum{l in 1 .. Lcap - 1} t[l]) = 3520

Iter 95
MasterProb = 54458.1

s [*] :=
1  30
2  86
3  52
4  76
5  46
;

SubProb = -1946.07
d = 0

distanceCost*(sum{l in 1 .. Lcap - 1} t[l]) = 3905

Iter 96
MasterProb = 53777.1

s [*] :=
1  63
2  18
3  38
4  72
5  34
;

SubProb = -1670.58
d = 0

distanceCost*(sum{l in 1 .. Lcap - 1} t[l]) = 4180

Iter 97
MasterProb = 53116

s [*] :=
1  64
2  71
3  17
4  70
5  26
;

SubProb = -1216.25
d = 0

distanceCost*(sum{l in 1 .. Lcap - 1} t[l]) = 3520

Iter 98
MasterProb = 52890

s [*] :=
1  59
2  74
3  32
4  72
5   1
;

SubProb = -1066
d = 0

distanceCost*(sum{l in 1 .. Lcap - 1} t[l]) = 4510

Iter 99
MasterProb = 52796.3

s [*] :=
1  86
2  21
3  42
4  18
5  39
;

SubProb = -2208.18
d = 0

distanceCost*(sum{l in 1 .. Lcap - 1} t[l]) = 3355

Iter 100
MasterProb = 52504.6

s [*] :=
1  74
2  65
3  83
4  26
5  34
;

SubProb = -1946
d = 0

distanceCost*(sum{l in 1 .. Lcap - 1} t[l]) = 4125

Iter 101
MasterProb = 52233.8

s [*] :=
1  27
2  65
3  73
4  45
5  72
;

SubProb = -508.812
d = 4

distanceCost*(sum{l in 1 .. Lcap - 1} t[l]) = 3520

Iter 102
MasterProb = 52195

s [*] :=
1  32
2  34
3  62
4  72
5  56
;

SubProb = -188.345
d = 0

distanceCost*(sum{l in 1 .. Lcap - 1} t[l]) = 4400

Iter 103
MasterProb = 52179.3

s [*] :=
1  43
2  46
3  67
4  38
5   2
;

SubProb = -1095.27
d = 0

distanceCost*(sum{l in 1 .. Lcap - 1} t[l]) = 2805

Iter 104
MasterProb = 51808

s [*] :=
1  11
2   1
3  24
4  85
5  83
;

SubProb = -253.767
d = 0

distanceCost*(sum{l in 1 .. Lcap - 1} t[l]) = 3575

Iter 105
MasterProb = 51798.7

s [*] :=
1  32
2  27
3  18
4  72
5   4
;

SubProb = -192.196
d = 0

distanceCost*(sum{l in 1 .. Lcap - 1} t[l]) = 4070

Iter 106
MasterProb = 51787.5

s [*] :=
1  32
2  34
3  62
4  72
5  56
;

SubProb = 2.27374e-13
d = 0

distanceCost*(sum{l in 1 .. Lcap - 1} t[l]) = 4400

Problema Entero
MasterProb = 52475

fo1 = 35530
fo2 = 16945

x[j] [*] :=
  1  1
 27  1
 61  1
 83  1
136  1
145  1
154  1
167  1
196  1
198  1
203  1
221  1
233  1
250  1
272  1
276  1
282  1
284  1
288  1
291  1
;

aa[i,j] [*,*]
:    1  27  61  83 136 145 154 167 196 198 203 221 233 250 272 276 282 284 288 :=
1    1   0   0   0   0   0   0   0   0   0   0   0   0   0   0   0   0   0   0
2    0   0   0   0   0   0   0   0   0   0   0   0   0   0   0   0   0   0   1
3    0   0   0   0   0   0   0   0   0   0   0   0   0   0   0   1   0   0   0
4    0   0   0   0   0   0   0   0   0   1   0   0   0   0   0   0   0   0   0
5    0   0   0   0   0   0   0   0   0   0   0   0   0   0   0   0   0   0   0
6    0   0   0   0   0   0   0   0   0   0   0   0   0   0   0   0   0   0   0
7    0   0   0   0   0   0   0   0   0   0   0   0   0   0   0   0   0   0   0
8    0   0   0   0   0   0   0   0   0   0   0   0   0   0   0   0   0   0   0
9    0   0   0   0   0   0   0   0   0   0   0   0   0   0   0   0   0   0   0
10   0   0   0   0   0   0   0   0   0   0   0   0   0   0   0   0   0   0   0
11   0   0   0   0   0   0   0   0   0   0   1   0   0   0   0   0   0   0   0
12   0   0   0   0   0   0   0   0   0   0   0   1   0   0   0   0   0   0   0
13   0   0   0   0   0   0   0   1   0   0   0   0   0   0   0   0   0   0   0
14   0   0   0   0   1   0   0   0   0   0   0   0   0   0   0   0   0   0   0
15   0   0   0   0   0   0   1   0   0   0   0   0   0   0   0   0   0   0   0
16   0   0   0   0   0   0   1   0   0   0   0   0   0   0   0   0   0   0   0
17   0   0   0   0   0   0   0   0   0   0   0   0   0   0   0   0   1   0   0
18   0   0   0   0   0   0   0   0   0   0   0   0   0   0   0   0   0   1   0
19   0   0   0   0   0   1   0   0   0   0   0   0   0   0   0   0   0   0   0
20   0   0   0   0   0   0   0   0   0   0   0   0   0   0   0   0   0   0   0
21   0   0   0   0   0   0   0   0   0   0   0   0   0   0   0   0   0   1   0
22   0   0   0   0   0   1   0   0   0   0   0   0   0   0   0   0   0   0   0
23   0   0   0   0   0   0   0   0   0   0   0   0   0   0   0   0   0   0   0
24   0   0   0   0   0   0   0   0   1   0   0   0   0   0   0   0   0   0   0
25   0   0   0   0   0   0   0   0   0   0   0   0   0   0   0   0   0   0   0
26   0   0   0   0   0   0   0   0   0   0   0   0   0   0   0   0   1   0   0
27   0   1   0   0   0   0   0   0   0   0   0   0   0   0   0   0   0   0   0
28   0   0   0   0   0   0   0   0   0   0   0   0   0   0   0   0   0   0   0
29   0   0   0   0   0   0   0   0   0   0   0   0   0   0   0   0   0   0   0
30   0   0   0   0   0   0   0   0   0   1   0   0   0   0   0   0   0   0   0
31   0   0   0   0   0   0   0   0   0   0   0   0   0   0   0   0   0   0   0
32   0   0   0   0   0   0   0   0   0   0   0   0   0   0   0   0   0   0   0
33   0   0   0   0   0   1   0   0   0   0   0   0   0   0   0   0   0   0   0
34   0   0   0   0   0   0   0   0   0   0   0   0   0   0   0   0   0   0   0
35   0   0   0   0   0   0   0   0   0   0   0   0   0   0   0   0   0   0   0
36   0   0   0   0   0   0   0   0   0   1   0   0   0   0   0   0   0   0   0
37   0   0   0   0   0   0   1   0   0   0   0   0   0   0   0   0   0   0   0
38   0   0   0   0   0   0   0   0   0   0   0   0   0   0   0   0   0   0   1
39   0   0   0   0   0   0   0   0   0   0   0   0   0   0   0   0   0   1   0
40   0   0   0   0   0   1   0   0   0   0   0   0   0   0   0   0   0   0   0
41   0   0   0   0   0   0   1   0   0   0   0   0   0   0   0   0   0   0   0
42   0   0   0   0   0   0   0   0   0   0   0   0   0   0   0   0   0   1   0
43   0   0   0   0   0   0   0   0   0   0   0   0   0   0   0   0   0   0   1
44   0   0   0   0   0   0   0   0   1   0   0   0   0   0   0   0   0   0   0
45   0   0   0   0   0   0   0   0   0   0   0   0   1   0   0   0   0   0   0
46   0   0   0   0   0   0   0   0   0   0   0   0   0   0   0   0   0   0   1
47   0   0   0   0   0   1   0   0   0   0   0   0   0   0   0   0   0   0   0
48   0   0   0   0   0   0   0   0   0   0   0   0   0   0   0   0   0   0   0
49   0   0   0   0   0   0   1   0   0   0   0   0   0   0   0   0   0   0   0
50   0   0   0   0   0   0   0   1   0   0   0   0   0   0   0   0   0   0   0
51   0   0   0   0   0   0   0   0   0   0   0   0   0   1   0   0   0   0   0
52   0   0   0   0   0   0   0   0   1   0   0   0   0   0   0   0   0   0   0
53   0   0   0   0   0   0   0   0   0   0   0   0   0   0   0   0   0   0   0
54   0   0   0   0   0   0   0   0   0   0   0   0   1   0   0   0   0   0   0
55   0   0   0   0   0   0   0   0   0   0   1   0   0   0   0   0   0   0   0
56   0   0   0   0   0   0   0   0   0   0   0   0   0   0   0   0   0   0   0
57   0   0   0   0   0   0   0   0   0   0   0   0   0   1   0   0   0   0   0
58   0   0   0   0   0   0   0   0   0   0   0   1   0   0   0   0   0   0   0
59   0   0   0   0   0   0   0   0   0   0   0   0   0   0   0   1   0   0   0
60   0   0   0   0   0   0   0   0   1   0   0   0   0   0   0   0   0   0   0
61   0   0   1   0   0   0   0   0   0   0   0   0   0   0   0   0   0   0   0
62   0   0   0   0   0   0   0   0   0   0   0   0   0   0   0   0   0   0   0
63   0   0   0   0   0   0   0   0   0   0   0   0   0   0   1   0   0   0   0
64   0   0   0   0   0   0   0   0   0   0   0   0   0   0   0   0   1   0   0
65   0   0   0   0   0   0   0   0   1   0   0   0   0   0   0   0   0   0   0
66   0   0   0   0   0   0   0   0   0   0   0   0   0   0   1   0   0   0   0
67   0   0   0   0   0   0   0   0   0   0   0   0   0   0   0   0   0   0   1
68   0   0   0   0   0   0   0   0   0   0   0   0   0   0   0   0   0   0   0
69   0   0   0   0   1   0   0   0   0   0   0   0   0   0   0   0   0   0   0
70   0   0   0   0   0   0   0   0   0   0   0   0   0   0   0   0   1   0   0
71   0   0   0   0   0   0   0   0   0   0   0   0   0   0   0   0   1   0   0
72   0   0   0   0   0   0   0   0   0   0   0   0   0   0   0   0   0   0   0
73   0   0   0   0   0   0   0   0   0   0   0   0   0   0   0   0   0   0   0
74   0   0   0   0   0   0   0   0   0   0   0   0   0   0   0   1   0   0   0
75   0   0   0   0   0   0   0   0   0   0   0   0   0   0   0   0   0   0   0
76   0   0   0   0   0   0   0   0   0   0   0   0   0   0   0   1   0   0   0
77   0   0   0   0   0   0   0   0   0   0   0   0   0   0   0   0   0   0   0
78   0   0   0   0   0   0   0   0   0   0   0   0   0   0   0   0   0   0   0
79   0   0   0   0   0   0   0   0   0   0   0   0   0   0   0   0   0   0   0
80   0   0   0   0   0   0   0   0   0   0   0   0   0   0   0   0   0   0   0
81   0   0   0   0   0   0   0   0   0   0   0   0   0   0   0   0   0   0   0
82   0   0   0   0   0   0   0   0   0   0   0   0   0   0   0   0   0   0   0
83   0   0   0   1   0   0   0   0   0   0   0   0   0   0   0   0   0   0   0
84   0   0   0   0   0   0   0   0   0   0   0   0   0   0   0   0   0   0   0
85   0   0   0   0   0   0   0   0   0   0   0   0   0   0   0   1   0   0   0
86   0   0   0   0   0   0   0   0   0   0   0   0   0   0   0   0   0   1   0
87   0   0   0   0   0   0   0   0   0   0   0   0   0   0   0   0   0   0   0
88   0   0   0   0   0   0   0   0   0   0   0   0   0   0   0   0   0   0   0

:  291    :=
1    0
2    0
3    0
4    0
5    0
6    0
7    0
8    0
9    0
10   0
11   0
12   0
13   0
14   0
15   0
16   0
17   0
18   0
19   0
20   0
21   0
22   0
23   0
24   0
25   0
26   0
27   0
28   0
29   0
30   0
31   0
32   1
33   0
34   1
35   0
36   0
37   0
38   0
39   0
40   0
41   0
42   0
43   0
44   0
45   0
46   0
47   0
48   0
49   0
50   0
51   0
52   0
53   0
54   0
55   0
56   1
57   0
58   0
59   0
60   0
61   0
62   1
63   0
64   0
65   0
66   0
67   0
68   0
69   0
70   0
71   0
72   1
73   0
74   0
75   0
76   0
77   0
78   0
79   0
80   0
81   0
82   0
83   0
84   0
85   0
86   0
87   0
88   0
;

vi[i] [*] :=
 5  1
 6  1
 7  1
 8  1
 9  1
10  1
20  1
23  1
25  1
28  1
29  1
31  1
35  1
48  1
53  1
68  1
73  1
75  1
77  1
78  1
79  1
80  1
81  1
82  1
84  1
87  1
88  1
;

:   x[i]   c[i] travel[i] delay[i]    :=
1     1       0       0       0
27    1       0       0       0
61    1       0       0       0
83    1       0       0       0
136   1     880     880       0
145   1    2805    2805       0
154   1    3850    3850       0
167   1     880     880       0
196   1    3520    3520       0
198   1    2035    2035       0
203   1     660     660       0
221   1     605     605       0
233   1     880     880       0
250   1     880     880       0
272   1     495     495       0
276   1    3960    3960       0
282   1    3520    3520       0
284   1    3355    3355       0
288   1    2805    2805       0
291   1    4400    4400       0
;

