#Nombre	DiaAten	ModelId		T.Servicio	Penalty
191_PR_3	3	1	1	10078
101_PR_2	-3	1	1	20156
1_PR_1	1	1	1	10160
341_SA_5	5	1	1	11989
102_SA_2	-3	2	1	24160
2_SA_1	1	2	5	13413
103_SA_2	2	3	5	14188
104_LC_2	2	4	5	14326
271_PR_4	4	1	15	14476
105_LC_2	2	5	15	14523
342_PR_5	5	2	15	14706
192_PR_3	3	2	18	14913
193_LC_3	3	3	20	14933
272_LC_4	4	2	20	14962
273_LC_4	4	3	20	14972
343_LC_5	5	3	20	14993
274_SA_4	4	4	20	15161
3_SA_1	1	3	20	15303
106_NU_2	2	6	20	15521
107_PR_2	2	7	25	15616
344_LC_5	5	4	30	15680
108_LC_2	2	8	30	15680
345_SA_5	5	5	30	16291
194_PR_3	3	4	30	16339
4_LC_1	1	4	30	16352
195_SA_3	3	5	30	16386
5_SA_1	1	5	30	16448
197_SA_3	3	6	30	16448
346_LC_5	5	6	30	16448
199_SA_3	3	7	30	16448
196_PR_3	-4	8	30	32896
198_SA_3	3	9	30	16448
6_SA_1	1	6	30	16465
200_SA_3	3	10	30	16465
201_LC_3	3	11	30	16465
347_SA_5	5	7	30	16594
7_SA_1	1	7	30	16624
202_SA_3	3	12	30	16624
8_SA_1	1	8	30	16624
110_SA_2	2	9	30	16624
111_SA_2	2	10	30	16624
112_SA_2	2	11	30	16624
109_SA_2	2	12	30	16624
114_SA_2	-3	13	30	33248
113_SA_2	2	14	30	16624
203_SA_3	3	13	30	16624
115_PR_2	2	15	30	16760
348_SA_5	5	8	35	16784
349_SA_5	5	9	35	16784
9_SA_1	1	9	35	16897
10_SA_1	1	10	35	16897
13_SA_1	1	11	35	16897
14_SA_1	1	12	35	16897
350_SA_5	5	10	35	16897
12_SA_1	1	13	35	16897
204_SA_3	3	14	35	16897
205_SA_3	3	15	35	16897
352_PR_5	5	11	35	16897
11_SA_1	1	14	35	16897
275_SA_4	4	5	35	16897
276_SA_4	4	6	35	16897
277_SA_4	4	7	35	16897
120_SA_2	2	16	35	16897
279_SA_4	4	8	35	16897
280_NU_4	4	9	35	16897
119_SA_2	2	17	35	16897
124_SA_2	2	18	35	16897
121_LC_2	2	19	35	16897
122_SA_2	2	20	35	16897
351_SA_5	5	12	35	16897
118_SA_2	2	21	35	16897
278_PR_4	4	10	35	16897
116_SA_2	2	22	35	16897
117_SA_2	-3	23	35	33794
123_SA_2	2	24	35	16897
15_SA_1	1	15	38	16924
125_SA_2	2	25	38	17003
281_PR_4	4	11	38	17003
282_LC_4	4	12	40	17126
127_PR_2	2	26	40	17155
206_PR_3	3	16	40	17155
126_PR_2	2	27	40	17155
353_SA_5	5	13	40	17209
354_PR_5	5	14	40	17521
16_SA_1	1	16	45	17573
207_SA_3	3	17	45	17573
128_SA_2	2	28	45	17601
17_NU_1	1	17	45	17692
129_NU_2	2	29	45	17692
283_SA_4	4	13	45	17726
355_LC_5	5	15	45	17774
130_SA_2	-3	30	45	35548
356_SA_5	5	16	45	17850
131_PR_2	2	31	50	17852
18_SA_1	1	18	50	17877
208_SA_3	3	18	50	17877
209_SA_3	3	19	50	17877
132_SA_2	2	32	50	17877
19_SA_1	1	19	50	17954
210_SA_3	3	20	50	17954
284_SA_4	4	14	50	17954
134_SA_2	2	33	50	18089
133_SA_2	2	34	50	18089
357_SA_5	5	17	50	18089
285_SA_4	4	15	50	18158
135_SA_2	2	35	50	18161
20_SA_1	1	20	50	18161
136_LC_2	2	36	50	18223
286_PR_4	4	16	52	18321
360_LC_5	5	18	52	18321
358_PR_5	5	19	52	18321
137_PR_2	2	37	52	18321
359_LC_5	5	20	52	18321
361_SA_5	5	21	52	18321
21_NU_1	1	21	57	18351
211_NU_3	3	21	57	18351
362_PR_5	5	22	57	18420
22_PR_1	1	22	60	18471
213_LC_3	3	22	60	18471
139_PR_2	2	38	60	18471
140_SA_2	2	39	60	18471
288_SA_4	4	17	60	18471
287_PR_4	4	18	60	18471
212_SA_3	3	23	60	18471
138_VI_2	2	40	60	18471
363_VI_5	5	23	60	18493
214_VI_3	3	24	60	18493
215_PR_3	3	25	60	18504
23_SA_1	1	23	60	18513
24_PR_1	1	24	60	18567
289_LC_4	4	19	60	18621
25_PR_1	1	25	60	18763
141_NU_2	2	41	60	18810
26_NU_1	1	26	60	18810
27_LC_1	-2	27	60	37802
216_SA_3	3	26	60	19053
28_SA_1	1	28	60	19081
29_SA_1	1	29	60	19110
364_PR_5	5	24	60	19166
217_SA_3	3	27	60	19174
365_SA_5	5	25	60	19174
290_SA_4	4	20	60	19174
291_SA_4	4	21	60	19241
292_PR_4	4	22	60	19343
293_PR_4	4	23	60	19343
294_SA_4	4	24	60	19401
142_LC_2	2	42	60	19410
218_SA_3	3	28	60	19426
219_SA_3	3	29	60	19426
143_SA_2	2	43	60	19426
144_SA_2	2	44	60	19433
145_LC_2	2	45	60	19484
146_SA_2	2	46	60	19484
147_LC_2	2	47	60	19484
220_PR_3	3	30	60	19484
30_PR_1	1	30	60	19575
295_LC_4	4	25	60	19587
366_SA_5	5	26	60	19615
32_SA_1	1	31	60	19629
31_SA_1	1	32	60	19629
367_PR_5	5	27	60	19635
33_LC_1	1	33	60	19655
221_PR_3	3	31	60	19659
296_SA_4	4	26	60	19720
222_PR_3	3	32	60	19785
223_PR_3	3	33	60	19836
224_PR_3	3	34	60	19844
34_LC_1	1	34	60	19883
148_SA_2	2	48	60	19913
368_PR_5	5	28	60	19961
369_SA_5	5	29	60	20016
370_SA_5	5	30	60	20016
225_SA_3	3	35	60	20021
35_SA_1	1	35	60	20021
297_SA_4	4	27	60	20111
36_LC_1	1	36	61	20124
298_PR_4	4	28	65	20202
150_SA_2	2	49	65	20205
149_SA_2	2	50	65	20205
151_SA_2	2	51	65	20250
38_PR_1	1	37	65	20250
371_PR_5	5	31	65	20250
37_PR_1	1	38	65	20250
39_LC_1	1	39	65	20364
226_PR_3	3	36	65	20403
372_LC_5	5	32	67	20460
227_LC_3	3	37	68	20543
40_SA_1	1	40	70	20554
228_SA_3	3	38	70	20660
152_LC_2	2	52	70	20823
41_LC_1	1	41	70	20848
42_PR_1	1	42	70	20848
299_LC_4	4	29	70	20912
43_SA_1	1	43	73	20947
300_SA_4	4	30	75	20955
301_SA_4	4	31	75	20964
44_PR_1	1	44	75	21025
153_PR_2	2	53	75	21061
302_SA_4	4	32	75	21096
373_SA_5	5	33	75	21266
154_PR_2	2	54	75	21272
374_PR_5	5	34	75	21272
155_SA_2	2	55	75	21272
375_PR_5	5	35	75	21311
229_SA_3	3	39	75	21423
156_PR_2	2	56	75	21446
45_VI_1	1	45	75	21446
46_SA_1	1	46	75	21477
47_SA_1	1	47	75	21477
230_PR_3	3	40	78	21490
303_LC_4	4	33	79	21504
376_PR_5	5	36	80	21553
304_VI_4	4	34	80	21632
231_SA_3	3	41	80	21632
49_SA_1	1	48	80	21632
306_SA_4	4	35	80	21632
305_PR_4	4	36	80	21632
377_PR_5	5	37	80	21632
157_SA_2	2	57	80	21632
48_SA_1	1	49	80	21632
232_PR_3	3	42	80	21632
307_SA_4	4	37	80	21671
233_SA_3	3	43	80	21746
378_PR_5	5	38	80	21810
234_LC_3	3	44	80	21875
235_LC_3	3	45	85	21886
379_LC_5	5	39	85	21918
50_LC_1	-2	50	90	44010
158_PR_2	2	58	90	22051
236_VI_3	3	46	90	22061
308_PR_4	4	38	90	22078
237_PR_3	3	47	90	22078
159_SA_2	2	59	90	22078
51_SA_1	1	51	90	22078
160_PR_2	2	60	90	22117
309_PR_4	4	39	90	22128
310_PR_4	4	40	90	22128
161_LC_2	2	61	90	22184
238_SA_3	3	48	90	22193
162_SA_2	2	62	90	22285
239_SA_3	3	49	90	22309
52_PR_1	1	52	90	22341
240_PR_3	3	50	90	22341
53_NU_1	1	53	90	22362
311_PR_4	4	41	90	22372
241_SA_3	3	51	90	22384
55_LC_1	-2	54	90	44922
54_LC_1	1	55	90	22461
312_PR_4	4	42	90	22638
56_LC_1	1	56	90	22653
313_PR_4	4	43	90	22653
163_PR_2	2	63	90	22653
164_NU_2	2	64	90	22706
314_SA_4	4	44	90	22720
380_LC_5	5	40	90	22844
59_SA_1	1	57	90	23001
57_SA_1	1	58	90	23001
58_SA_1	1	59	90	23001
165_SA_2	2	65	90	23027
60_LC_1	1	60	90	23051
167_SA_2	2	66	90	23071
64_SA_1	1	61	90	23071
62_SA_1	1	62	90	23071
61_SA_1	1	63	90	23071
166_SA_2	2	67	90	23071
65_SA_1	1	64	90	23071
63_SA_1	1	65	90	23071
381_SA_5	5	41	90	23071
242_LC_3	3	52	90	23123
315_SA_4	4	45	90	23141
316_NU_4	4	46	90	23148
66_PR_1	1	66	90	23183
168_SA_2	2	68	90	23207
67_SA_1	1	67	90	23266
317_LC_4	4	47	90	23459
243_SA_3	3	53	90	23481
318_SA_4	4	48	90	23481
68_SA_1	1	68	90	23562
69_VI_1	1	69	90	23581
382_PR_5	5	42	93	23591
319_PR_4	4	49	98	23620
71_PR_1	1	70	100	23639
70_SA_1	1	71	100	23639
170_SA_2	2	69	100	23639
244_SA_3	3	54	100	23639
169_LC_2	2	70	100	23639
171_PR_2	2	71	100	23644
172_NU_2	2	72	100	23676
321_SA_4	4	50	100	23755
383_SA_5	5	43	100	23755
73_PR_1	1	72	100	23755
72_SA_1	-2	73	100	47510
320_SA_4	4	51	100	23755
322_SA_4	4	52	100	23755
245_SA_3	3	55	100	23766
384_SA_5	5	44	100	23766
323_SA_4	4	53	100	23766
246_LC_3	3	56	100	23786
247_SA_3	3	57	100	23822
74_SA_1	1	74	100	23857
75_SA_1	1	75	100	23949
174_SA_2	2	73	100	23949
173_SA_2	2	74	100	23949
175_SA_2	2	75	100	23949
385_SA_5	5	45	100	23949
248_SA_3	3	58	102	24049
176_SA_2	2	76	102	24108
177_PR_2	2	77	105	24126
249_SA_3	3	59	105	24391
76_SA_1	1	76	105	24433
250_SA_3	3	60	105	24439
77_SA_1	1	77	105	24439
178_NU_2	2	78	108	24493
324_SA_4	4	54	108	24579
325_PR_4	4	55	110	24610
386_SA_5	5	46	110	24658
179_PR_2	2	79	110	24676
251_PR_3	3	61	111	24805
180_LC_2	2	80	120	24809
326_SA_4	4	56	120	24858
78_SA_1	1	78	120	24858
79_SA_1	1	79	120	24858
181_LC_2	2	81	120	24858
252_SA_3	3	62	120	24858
387_SA_5	5	47	120	24898
80_SA_1	1	80	120	24965
81_SA_1	1	81	120	24981
388_SA_5	5	48	120	25389
389_SA_5	5	49	120	25392
253_SA_3	3	63	120	25392
82_VI_1	1	82	120	25540
390_LC_5	5	50	120	25544
255_PR_3	3	64	120	25549
254_PR_3	3	65	120	25549
256_PR_3	3	66	120	25663
257_SA_3	3	67	120	25701
258_SA_3	3	68	120	25740
83_SA_1	1	83	120	25740
327_SA_4	4	57	120	25784
84_LC_1	1	84	120	25795
85_PR_1	1	85	120	25842
86_PR_1	1	86	120	25875
259_SA_3	3	69	120	25885
260_SA_3	3	70	120	25992
261_SA_3	3	71	128	26074
87_SA_1	1	87	130	26085
262_SA_3	3	72	130	26085
88_LC_1	-2	88	130	52182
328_LC_4	4	58	130	26136
329_LC_4	4	59	130	26136
182_LC_2	2	82	130	26216
183_NU_2	2	83	130	26435
263_SA_3	3	73	138	26488
184_SA_2	2	84	138	26488
185_SA_2	2	85	140	26587
331_SA_4	4	60	140	26587
330_SA_4	4	61	140	26587
264_SA_3	3	74	150	26640
186_PR_2	2	86	150	26814
187_SA_2	2	87	150	26942
89_PR_1	1	89	150	27011
90_SA_1	1	90	150	27024
391_LC_5	5	51	150	27217
393_PR_5	5	52	150	27480
91_PR_1	1	91	150	27480
392_PR_5	5	53	150	27480
188_VI_2	2	88	160	27557
332_PR_4	4	62	168	27819
265_PR_3	3	75	170	27966
92_SA_1	1	92	173	27999
333_VI_4	4	63	178	28155
394_PR_5	5	54	180	28225
93_SA_1	1	93	180	28255
94_NU_1	1	94	180	28273
95_SA_1	1	95	180	28314
334_SA_4	4	64	180	28418
96_VI_1	1	96	180	28464
98_PR_1	1	97	180	28548
97_PR_1	1	98	180	28548
335_SA_4	4	65	180	28598
266_SA_3	3	76	180	28655
99_SA_1	1	99	200	28677
267_NU_3	3	77	200	28961
336_VI_4	4	66	207	28974
337_PR_4	4	67	207	29015
395_SA_5	5	55	210	29227
338_SA_4	4	68	210	29227
396_SA_5	5	56	215	29587
397_SA_5	5	57	215	29587
268_SA_3	3	78	230	29831
398_NU_5	5	58	234	29910
340_SA_4	4	69	234	29910
339_SA_4	4	70	234	29910
189_PR_2	2	89	234	29910
399_SA_5	5	59	240	30285
190_SA_2	2	90	240	30285
100_PR_1	1	100	240	30617
269_SA_3	3	79	240	30747
400_PR_5	5	60	240	32064
270_PR_3	3	80	285	36518
