Iter 74
MasterProb = 41244.7

s [*] :=
1  73
2   8
3  74
4  75
5  76
;

SubProb = -6310
d = 0

distanceCost*(sum{l in 1 .. Lcap - 1} t[l]) = 880

Iter 75
MasterProb = 39787.9

s [*] :=
1  23
2  72
3  74
4  75
5  76
;

SubProb = -976.546
d = 0

distanceCost*(sum{l in 1 .. Lcap - 1} t[l]) = 660

Iter 76
MasterProb = 39279.6

s [*] :=
1  32
2  73
3  74
4  75
5  76
;

SubProb = -853.824
d = 0

distanceCost*(sum{l in 1 .. Lcap - 1} t[l]) = 880

Iter 77
MasterProb = 39279.6

s [*] :=
1   8
2  72
3  74
4  75
5  76
;

SubProb = -808.447
d = 0

distanceCost*(sum{l in 1 .. Lcap - 1} t[l]) = 1155

Iter 78
MasterProb = 39234

s [*] :=
1  32
2  20
3  50
4  44
5  56
;

SubProb = -1454.44
d = 0

distanceCost*(sum{l in 1 .. Lcap - 1} t[l]) = 3520

Iter 79
MasterProb = 39037.7

s [*] :=
1  73
2  48
3  74
4  75
5  76
;

SubProb = -911
d = 0

distanceCost*(sum{l in 1 .. Lcap - 1} t[l]) = 880

Iter 80
MasterProb = 38736.2

s [*] :=
1  72
2  66
3  74
4  75
5  76
;

SubProb = -627.578
d = 0

distanceCost*(sum{l in 1 .. Lcap - 1} t[l]) = 880

Iter 81
MasterProb = 38500

s [*] :=
1  32
2   8
3  74
4  75
5  76
;

SubProb = -594.039
d = 0

distanceCost*(sum{l in 1 .. Lcap - 1} t[l]) = 880

Iter 82
MasterProb = 38350.7

s [*] :=
1  40
2  72
3  74
4  75
5  76
;

SubProb = -185.592
d = 0

distanceCost*(sum{l in 1 .. Lcap - 1} t[l]) = 660

Iter 83
MasterProb = 38344.4

s [*] :=
1  54
2  56
3   4
4  24
5  57
;

SubProb = -631.136
d = 0

distanceCost*(sum{l in 1 .. Lcap - 1} t[l]) = 3520

Iter 84
MasterProb = 38227.7

s [*] :=
1   5
2  35
3  74
4  75
5  76
;

SubProb = -312.613
d = 0

distanceCost*(sum{l in 1 .. Lcap - 1} t[l]) = 880

Iter 85
MasterProb = 38177.1

s [*] :=
1  72
2  35
3  74
4  75
5  76
;

SubProb = -48.0707
d = 0

distanceCost*(sum{l in 1 .. Lcap - 1} t[l]) = 1155

Iter 86
MasterProb = 38172.3

s [*] :=
1  65
2   5
3  53
4  13
5  74
;

SubProb = -412.165
d = 0

distanceCost*(sum{l in 1 .. Lcap - 1} t[l]) = 2640

Iter 87
MasterProb = 38121.9

s [*] :=
1  31
2   8
3  74
4  75
5  76
;

SubProb = -411.006
d = 0

distanceCost*(sum{l in 1 .. Lcap - 1} t[l]) = 880

Iter 88
MasterProb = 38045.5

s [*] :=
1  36
2  34
3   2
4   1
5  43
;

SubProb = -560.618
d = 0

distanceCost*(sum{l in 1 .. Lcap - 1} t[l]) = 3300

Iter 89
MasterProb = 37996.7

s [*] :=
1  12
2  67
3  26
4  21
5   4
;

SubProb = 9.75832
d = 0

distanceCost*(sum{l in 1 .. Lcap - 1} t[l]) = 3850

Problema Entero
MasterProb = 47233

fo1 = 38445
fo2 = 8788

x[j] [*] :=
 19  1
 75  1
115  1
136  1
163  1
208  1
259  1
288  1
299  1
326  1
357  1
367  1
370  1
383  1
409  1
412  1
428  1
466  1
480  1
494  1
;

aa[i,j] [*,*]
:   19  75 115 136 163 208 259 288 299 326 357 367 370 383 409 412 428 466 480 :=
1    0   1   0   0   0   0   0   0   0   0   0   0   0   0   0   0   0   0   0
2    0   0   0   1   0   0   0   0   0   0   0   0   0   0   0   0   0   0   0
3    0   0   0   0   0   0   0   0   0   0   0   1   0   0   0   0   0   0   0
4    0   0   0   0   0   0   0   0   0   0   0   0   0   0   0   0   0   0   0
5    0   0   0   1   0   0   0   0   0   0   0   0   0   0   0   0   0   0   0
6    0   0   0   0   0   0   0   0   0   1   0   0   0   0   0   0   0   0   0
7    0   0   0   0   0   0   0   0   0   0   0   0   0   0   1   0   0   0   0
8    0   0   0   0   0   0   0   0   0   0   0   0   0   0   0   0   0   0   0
9    0   0   1   0   0   0   0   0   0   0   0   0   0   0   0   0   0   0   0
10   0   0   0   0   1   0   0   0   0   0   0   0   0   0   0   0   0   0   0
11   0   0   0   0   0   1   0   0   0   0   0   0   0   0   0   0   0   0   0
12   0   0   0   0   0   0   0   0   0   0   0   1   0   0   0   0   0   0   0
13   0   0   0   0   0   0   0   0   0   0   0   0   0   1   0   0   0   0   0
14   0   0   0   0   0   0   0   0   0   0   0   0   0   0   0   0   0   0   1
15   0   0   0   0   0   0   0   0   0   0   0   0   1   0   0   0   0   0   0
16   0   0   0   0   0   0   0   0   0   0   0   0   1   0   0   0   0   0   0
17   0   0   0   0   0   0   0   1   0   0   0   0   0   0   0   0   0   0   0
18   0   0   0   0   1   0   0   0   0   0   0   0   0   0   0   0   0   0   0
19   1   0   0   0   0   0   0   0   0   0   0   0   0   0   0   0   0   0   0
20   0   0   0   0   0   0   0   1   0   0   0   0   0   0   0   0   0   0   0
21   0   0   0   0   1   0   0   0   0   0   0   0   0   0   0   0   0   0   0
22   0   1   0   0   0   0   0   0   0   0   0   0   0   0   0   0   0   0   0
23   0   0   0   0   0   0   1   0   0   0   0   0   0   0   0   0   0   0   0
24   0   0   0   0   0   0   0   0   0   0   0   0   0   0   0   1   0   0   0
25   0   0   0   0   0   0   0   0   1   0   0   0   0   0   0   0   0   0   0
26   0   0   0   1   0   0   0   0   0   0   0   0   0   0   0   0   0   0   0
27   0   0   0   0   0   0   0   0   0   1   0   0   0   0   0   0   0   0   0
28   0   0   0   0   0   0   0   0   1   0   0   0   0   0   0   0   0   0   0
29   0   0   1   0   0   0   0   0   0   0   0   0   0   0   0   0   0   0   0
30   0   0   0   0   0   1   0   0   0   0   0   0   0   0   0   0   0   0   0
31   0   0   0   1   0   0   0   0   0   0   0   0   0   0   0   0   0   0   0
32   0   0   0   0   0   0   0   1   0   0   0   0   0   0   0   0   0   0   0
33   0   0   0   0   0   0   0   0   0   0   0   1   0   0   0   0   0   0   0
34   0   0   0   0   0   0   0   0   0   0   0   1   0   0   0   0   0   0   0
35   0   0   0   0   0   0   0   0   0   0   0   0   0   0   0   0   1   0   0
36   0   0   0   0   0   0   1   0   0   0   0   0   0   0   0   0   0   0   0
37   0   0   0   0   0   0   0   0   0   0   0   0   1   0   0   0   0   0   0
38   0   0   0   0   0   0   0   0   0   0   0   1   0   0   0   0   0   0   0
39   0   0   0   0   1   0   0   0   0   0   0   0   0   0   0   0   0   0   0
40   0   0   1   0   0   0   0   0   0   0   0   0   0   0   0   0   0   0   0
41   0   0   0   0   0   0   0   0   0   0   0   0   1   0   0   0   0   0   0
42   0   0   1   0   0   0   0   0   0   0   0   0   0   0   0   0   0   0   0
43   0   0   0   0   0   0   1   0   0   0   0   0   0   0   0   0   0   0   0
44   0   0   0   0   0   0   0   0   0   0   0   0   0   0   0   1   0   0   0
45   0   0   0   0   0   0   0   0   0   1   0   0   0   0   0   0   0   0   0
46   0   0   0   0   0   0   0   0   1   0   0   0   0   0   0   0   0   0   0
47   0   0   0   0   0   0   1   0   0   0   0   0   0   0   0   0   0   0   0
48   0   0   0   0   0   0   0   0   0   0   0   0   0   0   0   0   0   0   0
49   0   0   0   0   0   0   0   0   0   0   0   0   1   0   0   0   0   0   0
50   0   0   0   0   0   0   0   0   0   0   0   0   0   1   0   0   0   0   0
51   0   0   0   0   0   0   0   0   0   0   0   0   0   0   0   0   0   1   0
52   0   0   0   0   0   0   0   0   0   0   0   0   0   0   0   1   0   0   0
53   0   0   0   0   0   0   0   0   0   0   0   0   0   0   1   0   0   0   0
54   0   0   0   0   0   0   0   0   0   0   0   0   0   0   0   0   0   0   1
55   0   0   0   0   0   0   0   0   0   0   0   0   0   0   0   0   1   0   0
56   0   0   0   0   0   0   0   0   0   1   0   0   0   0   0   0   0   0   0
57   0   0   0   0   0   0   0   0   0   0   0   0   0   0   0   0   0   1   0
58   0   0   0   0   0   0   0   0   0   0   1   0   0   0   0   0   0   0   0
59   0   1   0   0   0   0   0   0   0   0   0   0   0   0   0   0   0   0   0
60   0   0   0   0   0   0   0   0   0   0   0   0   0   0   0   1   0   0   0
61   0   0   0   0   0   0   0   1   0   0   0   0   0   0   0   0   0   0   0
62   0   0   0   0   0   0   0   0   1   0   0   0   0   0   0   0   0   0   0
63   0   0   0   0   0   0   1   0   0   0   0   0   0   0   0   0   0   0   0
64   0   0   0   0   0   1   0   0   0   0   0   0   0   0   0   0   0   0   0
65   0   0   0   0   0   0   0   0   0   0   0   0   0   0   0   1   0   0   0
66   0   0   0   0   0   0   0   0   0   0   1   0   0   0   0   0   0   0   0
67   0   0   0   1   0   0   0   0   0   0   0   0   0   0   0   0   0   0   0
68   0   0   0   0   0   0   0   0   0   1   0   0   0   0   0   0   0   0   0
69   0   1   0   0   0   0   0   0   0   0   0   0   0   0   0   0   0   0   0
70   0   0   0   0   0   1   0   0   0   0   0   0   0   0   0   0   0   0   0
71   0   0   0   0   0   0   0   0   0   0   0   0   0   0   0   0   0   0   0
72   0   0   0   0   0   0   0   0   0   0   0   0   0   0   0   0   0   0   0
73   0   0   0   0   0   0   0   0   0   0   0   0   0   0   0   0   0   0   0

:  494    :=
1    0
2    0
3    0
4    0
5    0
6    0
7    0
8    0
9    0
10   0
11   0
12   0
13   0
14   0
15   0
16   0
17   0
18   0
19   0
20   0
21   0
22   0
23   0
24   0
25   0
26   0
27   0
28   0
29   0
30   0
31   0
32   0
33   0
34   0
35   0
36   0
37   0
38   0
39   0
40   0
41   0
42   0
43   0
44   0
45   0
46   0
47   0
48   1
49   0
50   0
51   0
52   0
53   0
54   0
55   0
56   0
57   0
58   0
59   0
60   0
61   0
62   0
63   0
64   0
65   0
66   0
67   0
68   0
69   0
70   0
71   0
72   0
73   1
;

vi[i] [*] :=
 4  1
 8  1
71  1
72  1
;

:   x[i]   c[i] travel[i] delay[i]    :=
19    1       0       0       0
75    1    1870    1870       0
115   1    1815    1815       0
136   1    3850    3850       0
163   1    1320    1320       0
208   1    1760    1760       0
259   1    3025    3025       0
288   1    2640    2640       0
299   1    1595    1595       0
326   1    3520    3520       0
357   1     825     825       0
367   1    3300    3300       0
370   1    3850    3850       0
383   1     880     880       0
409   1     880     880       0
412   1    3520    3520       0
428   1    1155    1155       0
466   1     880     880       0
480   1     880     880       0
494   1     880     880       0
;

