#Nombre	DiaAten	ModelId		T.Servicio	Penalty
191_PR_3	-4	1	60	304
101_PR_2	-3	1	60	304
1_PR_1	1	1	90	314
341_SA_5	-6	1	70	714
102_SA_2	-3	2	120	980
2_SA_1	-2	2	90	1318
103_SA_2	-3	3	120	1324
104_LC_2	-3	4	120	1420
271_PR_4	4	1	60	901
105_LC_2	-3	5	200	1864
342_PR_5	5	2	60	955
192_PR_3	-4	2	130	2066
193_LC_3	3	3	70	1238
272_LC_4	4	2	130	1252
273_LC_4	4	3	90	1427
343_LC_5	5	3	45	1661
274_SA_4	-5	4	60	3594
3_SA_1	-2	3	75	3692
106_NU_2	2	6	75	1961
107_PR_2	2	7	30	2315
344_LC_5	5	4	120	2340
108_LC_2	2	8	10	2340
345_SA_5	5	5	150	2604
194_PR_3	3	4	20	3010
4_LC_1	1	4	120	3039
195_SA_3	-4	5	150	7190
5_SA_1	1	5	90	4147
197_SA_3	3	6	120	4147
346_LC_5	5	6	70	4147
199_SA_3	3	7	80	4147
196_PR_3	3	8	45	4147
198_SA_3	3	9	60	4147
6_SA_1	1	6	30	4153
200_SA_3	3	10	60	4153
201_LC_3	3	11	270	4153
347_SA_5	5	7	20	4211
7_SA_1	-2	7	290	8744
202_SA_3	3	12	180	4372
8_SA_1	1	8	60	4372
110_SA_2	-3	9	120	8744
111_SA_2	-3	10	120	8744
112_SA_2	2	11	60	4372
109_SA_2	-3	12	110	8744
114_SA_2	2	13	60	4372
113_SA_2	2	14	60	4372
203_SA_3	3	13	45	4372
115_PR_2	2	15	90	4378
348_SA_5	5	8	60	4569
349_SA_5	5	9	15	4569
9_SA_1	-2	9	360	9242
10_SA_1	1	10	60	4621
13_SA_1	-2	11	60	9242
14_SA_1	1	12	90	4621
350_SA_5	5	10	180	4621
12_SA_1	1	13	75	4621
204_SA_3	3	14	80	4621
205_SA_3	3	15	60	4621
352_PR_5	5	11	70	4621
11_SA_1	1	14	120	4621
275_SA_4	4	5	90	4621
276_SA_4	4	6	60	4621
277_SA_4	4	7	120	4621
120_SA_2	2	16	55	4621
279_SA_4	-5	8	300	9242
280_NU_4	4	9	60	4621
119_SA_2	2	17	60	4621
124_SA_2	-3	18	30	9242
121_LC_2	-3	19	45	9242
122_SA_2	-3	20	50	9242
351_SA_5	5	12	60	4621
118_SA_2	2	21	120	4621
278_PR_4	4	10	150	4621
116_SA_2	-3	22	60	9242
117_SA_2	2	23	140	4621
123_SA_2	2	24	50	4621
15_SA_1	1	15	240	4821
125_SA_2	2	25	60	4912
281_PR_4	4	11	70	4912
282_LC_4	4	12	90	4966
127_PR_2	-3	26	80	10246
206_PR_3	3	16	35	5123
126_PR_2	2	27	180	5123
353_SA_5	5	13	5	5362
354_PR_5	5	14	30	5495
16_SA_1	1	16	110	5638
207_SA_3	3	17	50	5638
128_SA_2	2	28	120	5706
17_NU_1	-2	17	180	11718
129_NU_2	2	29	120	5859
283_SA_4	4	13	180	5946
355_LC_5	5	15	150	6087
130_SA_2	-3	30	90	12174
356_SA_5	5	16	150	6152
131_PR_2	-3	31	215	12472
18_SA_1	1	18	90	6248
208_SA_3	3	18	90	6248
209_SA_3	3	19	45	6248
132_SA_2	2	32	20	6248
19_SA_1	1	19	180	6298
210_SA_3	3	20	180	6298
284_SA_4	4	14	240	6298
134_SA_2	2	33	60	6696
133_SA_2	2	34	90	6696
357_SA_5	5	17	60	6696
285_SA_4	4	15	60	6992
135_SA_2	2	35	60	7435
20_SA_1	1	20	60	7435
136_LC_2	2	36	30	7993
286_PR_4	4	16	60	9187
360_LC_5	5	18	10	9187
358_PR_5	5	19	70	9187
137_PR_2	2	37	150	9187
359_LC_5	5	20	10	9187
361_SA_5	5	21	10	9187
21_NU_1	-2	21	90	19012
211_NU_3	3	21	40	9506
362_PR_5	5	22	240	9752
22_PR_1	1	22	60	9939
213_LC_3	3	22	90	9939
139_PR_2	2	38	60	9939
140_SA_2	2	39	50	9939
288_SA_4	4	17	60	9939
287_PR_4	4	18	90	9939
212_SA_3	3	23	40	9939
138_VI_2	2	40	90	9939
363_VI_5	5	23	10	10542
214_VI_3	3	24	25	10542
215_PR_3	3	25	45	11000
23_SA_1	1	23	90	11125
24_PR_1	1	24	100	11186
289_LC_4	4	19	110	11566
25_PR_1	1	25	90	11584
141_NU_2	2	41	150	11795
26_NU_1	-2	26	420	23590
27_LC_1	1	27	180	11903
216_SA_3	3	26	80	11975
28_SA_1	1	28	30	12149
29_SA_1	1	29	60	12202
364_PR_5	5	24	1	12306
217_SA_3	3	27	150	12386
365_SA_5	5	25	120	12386
290_SA_4	4	20	60	12386
291_SA_4	4	21	150	12591
292_PR_4	4	22	50	12641
293_PR_4	4	23	165	12641
294_SA_4	4	24	90	12965
142_LC_2	2	42	50	13124
218_SA_3	3	28	120	13147
219_SA_3	3	29	90	13147
143_SA_2	2	43	180	13147
144_SA_2	2	44	90	13249
145_LC_2	2	45	60	13520
146_SA_2	2	46	165	13520
147_LC_2	2	47	30	13520
220_PR_3	3	30	60	13520
30_PR_1	1	30	60	13816
295_LC_4	4	25	60	14072
366_SA_5	5	26	20	14162
32_SA_1	1	31	90	14216
31_SA_1	1	32	90	14216
367_PR_5	5	27	15	14277
33_LC_1	1	33	150	14559
221_PR_3	3	31	35	14622
296_SA_4	4	26	90	14670
222_PR_3	3	32	60	14697
223_PR_3	3	33	40	14725
224_PR_3	3	34	50	14855
34_LC_1	1	34	80	14907
148_SA_2	2	48	90	14977
368_PR_5	5	28	5	15025
369_SA_5	5	29	120	15055
370_SA_5	5	30	140	15055
225_SA_3	3	35	80	15276
35_SA_1	1	35	105	15276
297_SA_4	4	27	100	15648
36_LC_1	1	36	60	15671
298_PR_4	4	28	120	15782
150_SA_2	2	49	120	15794
149_SA_2	2	50	235	15794
151_SA_2	2	51	120	15947
38_PR_1	1	37	80	15981
371_PR_5	5	31	30	15981
37_PR_1	1	38	60	15981
39_LC_1	1	39	90	15986
226_PR_3	3	36	65	16181
372_LC_5	5	32	60	16250
227_LC_3	3	37	120	16445
40_SA_1	1	40	60	16493
228_SA_3	3	38	100	16652
152_LC_2	2	52	1	16911
41_LC_1	1	41	120	17209
42_PR_1	1	42	60	17209
299_LC_4	4	29	60	17319
43_SA_1	1	43	207	17421
300_SA_4	4	30	105	17617
301_SA_4	4	31	75	18780
44_PR_1	1	44	25	19063
153_PR_2	2	53	230	19079
302_SA_4	4	32	90	19081
373_SA_5	5	33	60	19091
154_PR_2	2	54	170	19365
374_PR_5	5	34	105	19365
155_SA_2	2	55	240	19456
375_PR_5	5	35	170	19469
229_SA_3	3	39	60	19845
156_PR_2	2	56	80	19924
45_VI_1	1	45	75	19980
46_SA_1	1	46	90	19991
47_SA_1	1	47	90	19991
230_PR_3	3	40	30	20022
303_LC_4	4	33	60	20276
376_PR_5	5	36	75	20308
304_VI_4	4	34	120	20451
231_SA_3	3	41	80	20451
49_SA_1	1	48	60	20451
306_SA_4	4	35	270	20451
305_PR_4	4	36	25	20451
377_PR_5	5	37	30	20451
157_SA_2	2	57	150	20451
48_SA_1	1	49	60	20451
232_PR_3	3	42	120	20451
307_SA_4	4	37	120	20813
233_SA_3	3	43	40	20819
378_PR_5	5	38	30	21042
234_LC_3	3	44	60	21065
235_LC_3	3	45	120	21112
379_LC_5	5	39	60	21371
50_LC_1	1	50	80	21641
158_PR_2	2	58	85	21833
236_VI_3	3	46	90	21846
308_PR_4	4	38	30	21878
237_PR_3	3	47	70	21878
159_SA_2	2	59	55	21961
51_SA_1	1	51	90	21961
160_PR_2	2	60	60	22033
309_PR_4	4	39	60	22504
310_PR_4	4	40	120	22504
161_LC_2	2	61	180	22801
238_SA_3	3	48	60	23098
162_SA_2	2	62	1	23163
239_SA_3	3	49	180	23461
52_PR_1	1	52	30	23759
240_PR_3	3	50	60	23759
53_NU_1	1	53	90	23805
311_PR_4	4	41	60	23882
241_SA_3	3	51	20	24133
55_LC_1	1	54	60	24355
54_LC_1	1	55	60	24355
312_PR_4	4	42	50	24635
56_LC_1	1	56	150	24825
313_PR_4	4	43	50	24918
163_PR_2	2	63	120	24918
164_NU_2	2	64	90	24990
314_SA_4	4	44	20	25037
380_LC_5	5	40	234	25317
59_SA_1	1	57	60	25986
57_SA_1	1	58	60	25986
58_SA_1	1	59	60	25986
165_SA_2	2	65	120	26815
60_LC_1	1	60	90	26905
167_SA_2	2	66	60	27301
64_SA_1	1	61	10	27301
62_SA_1	1	62	150	27301
61_SA_1	1	63	30	27301
166_SA_2	2	67	40	27301
65_SA_1	1	64	30	27301
63_SA_1	1	65	75	27301
381_SA_5	5	41	60	27301
242_LC_3	3	52	40	27670
315_SA_4	4	45	180	27910
316_NU_4	4	46	60	28053
66_PR_1	1	66	75	28210
168_SA_2	2	68	60	28868
67_SA_1	1	67	60	29116
317_LC_4	4	47	45	29227
243_SA_3	3	53	120	29374
318_SA_4	4	48	240	29374
68_SA_1	1	68	120	29693
69_VI_1	1	69	60	30210
382_PR_5	5	42	30	30426
319_PR_4	4	49	90	30703
71_PR_1	1	70	520	30834
70_SA_1	1	71	180	30834
170_SA_2	2	69	120	30834
244_SA_3	3	54	80	30834
169_LC_2	2	70	135	30834
171_PR_2	2	71	65	30908
172_NU_2	2	72	60	31592
321_SA_4	4	50	240	31648
383_SA_5	5	43	240	31648
73_PR_1	1	72	120	31648
72_SA_1	1	73	195	31648
320_SA_4	4	51	120	31648
322_SA_4	4	52	90	31648
245_SA_3	3	55	160	31683
384_SA_5	5	44	240	31683
323_SA_4	4	53	120	31683
246_LC_3	3	56	100	31987
247_SA_3	3	57	90	32016
74_SA_1	1	74	60	32402
75_SA_1	1	75	75	32439
174_SA_2	2	73	360	32439
173_SA_2	2	74	55	32439
175_SA_2	2	75	90	32439
385_SA_5	5	45	60	32439
248_SA_3	3	58	60	32561
176_SA_2	2	76	90	32678
177_PR_2	2	77	50	32912
249_SA_3	3	59	75	32958
76_SA_1	1	76	100	33156
250_SA_3	3	60	60	33866
77_SA_1	1	77	120	33866
178_NU_2	2	78	20	34058
324_SA_4	4	54	130	34173
325_PR_4	4	55	180	34686
386_SA_5	5	46	90	35401
179_PR_2	2	79	100	35804
251_PR_3	3	61	60	36147
180_LC_2	2	80	60	36911
326_SA_4	4	56	1	37602
78_SA_1	1	78	60	37602
79_SA_1	1	79	100	37602
181_LC_2	2	81	120	37602
252_SA_3	3	62	55	37602
387_SA_5	5	47	90	37771
80_SA_1	1	80	90	38313
81_SA_1	1	81	60	38468
388_SA_5	5	48	60	38524
389_SA_5	5	49	90	39073
253_SA_3	3	63	60	39073
82_VI_1	1	82	30	39352
390_LC_5	5	50	180	39449
255_PR_3	3	64	150	39780
254_PR_3	3	65	60	39780
256_PR_3	3	66	90	39827
257_SA_3	3	67	5	39861
258_SA_3	3	68	120	39933
83_SA_1	1	83	240	39933
327_SA_4	4	57	120	40053
84_LC_1	1	84	15	40303
85_PR_1	1	85	70	40346
86_PR_1	1	86	90	40744
259_SA_3	3	69	110	41027
260_SA_3	3	70	120	41034
261_SA_3	3	71	90	41497
87_SA_1	1	87	60	41981
262_SA_3	3	72	120	41981
88_LC_1	1	88	120	42019
328_LC_4	4	58	120	42114
329_LC_4	4	59	90	42114
182_LC_2	2	82	60	43085
183_NU_2	2	83	20	43190
263_SA_3	3	73	60	43410
184_SA_2	2	84	15	43410
185_SA_2	2	85	35	44249
331_SA_4	4	60	160	44249
330_SA_4	4	61	120	44249
264_SA_3	3	74	65	44314
186_PR_2	2	86	120	44985
187_SA_2	2	87	210	45413
89_PR_1	1	89	70	45533
90_SA_1	1	90	90	46343
391_LC_5	5	51	75	46437
393_PR_5	5	52	150	47325
91_PR_1	1	91	120	47325
392_PR_5	5	53	35	47325
188_VI_2	2	88	100	48168
332_PR_4	4	62	120	48469
265_PR_3	3	75	100	49498
92_SA_1	1	92	60	49684
333_VI_4	4	63	90	50334
394_PR_5	5	54	75	51248
93_SA_1	1	93	90	51289
94_NU_1	1	94	160	51304
95_SA_1	1	95	140	51717
334_SA_4	4	64	30	51835
96_VI_1	1	96	50	54486
98_PR_1	1	97	10	56374
97_PR_1	1	98	20	56374
335_SA_4	4	65	30	56906
266_SA_3	3	76	80	57675
99_SA_1	1	99	75	59192
267_NU_3	3	77	50	59212
336_VI_4	4	66	240	59307
337_PR_4	4	67	1	64245
395_SA_5	5	55	90	64649
338_SA_4	4	68	60	64649
396_SA_5	5	56	60	64862
397_SA_5	5	57	10	64862
268_SA_3	3	78	90	65169
398_NU_5	5	58	150	65739
340_SA_4	4	69	60	65739
339_SA_4	4	70	140	65739
189_PR_2	2	89	80	65739
399_SA_5	5	59	60	73657
190_SA_2	2	90	30	73657
100_PR_1	1	100	60	82595
269_SA_3	3	79	40	88376
400_PR_5	5	60	45	91513
270_PR_3	3	80	75	92373
