Iter 119
MasterProb = 111755

s [*] :=
1   98
2    1
3  101
4    3
5   61
;

SubProb = -9818.31
d = 108

distanceCost*(sum{l in 1 .. Lcap - 1} t[l]) = 4290

Iter 120
MasterProb = 110626

s [*] :=
1   90
2   40
3  109
4  104
5   85
;

SubProb = -10343.2
d = 0

distanceCost*(sum{l in 1 .. Lcap - 1} t[l]) = 4400

Iter 121
MasterProb = 108075

s [*] :=
1  101
2   77
3   12
4  106
5   69
;

SubProb = -7290.99
d = 0

distanceCost*(sum{l in 1 .. Lcap - 1} t[l]) = 4070

Iter 122
MasterProb = 105427

s [*] :=
1  102
2   51
3   72
4   98
5   68
;

SubProb = -8072.05
d = 0

distanceCost*(sum{l in 1 .. Lcap - 1} t[l]) = 4180

Iter 123
MasterProb = 100563

s [*] :=
1   73
2  109
3  119
4  120
5  121
;

SubProb = -5352.43
d = 0

distanceCost*(sum{l in 1 .. Lcap - 1} t[l]) = 1595

Iter 124
MasterProb = 99900.5

s [*] :=
1    8
2  104
3   40
4   54
5   69
;

SubProb = -6711.05
d = 5

distanceCost*(sum{l in 1 .. Lcap - 1} t[l]) = 3850

Iter 125
MasterProb = 98662.1

s [*] :=
1   98
2   82
3  101
4   34
5   15
;

SubProb = -12095.3
d = 0

distanceCost*(sum{l in 1 .. Lcap - 1} t[l]) = 4565

Iter 126
MasterProb = 95363.6

s [*] :=
1   29
2  104
3  102
4   80
5  103
;

SubProb = -5999.39
d = 61

distanceCost*(sum{l in 1 .. Lcap - 1} t[l]) = 3795

Iter 127
MasterProb = 94286.2

s [*] :=
1  101
2   14
3   58
4   65
5   34
;

SubProb = -5625.83
d = 9

distanceCost*(sum{l in 1 .. Lcap - 1} t[l]) = 4070

Iter 128
MasterProb = 93522.7

s [*] :=
1   64
2    1
3  116
4   74
5  100
;

SubProb = -5448
d = 0

distanceCost*(sum{l in 1 .. Lcap - 1} t[l]) = 3520

Iter 129
MasterProb = 90628.4

s [*] :=
1   60
2   45
3  107
4  102
5   98
;

SubProb = -3968.65
d = 0

distanceCost*(sum{l in 1 .. Lcap - 1} t[l]) = 3135

Iter 130
MasterProb = 89880.7

s [*] :=
1  48
2  15
3   9
4  62
5  66
;

SubProb = -1611.43
d = 0

distanceCost*(sum{l in 1 .. Lcap - 1} t[l]) = 4070

Iter 131
MasterProb = 89795.7

s [*] :=
1  101
2  116
3   48
4   66
5    2
;

SubProb = -7107.59
d = 0

distanceCost*(sum{l in 1 .. Lcap - 1} t[l]) = 3520

Iter 132
MasterProb = 88475.9

s [*] :=
1  78
2   2
3  38
4  10
5  80
;

SubProb = -1996.94
d = 0

distanceCost*(sum{l in 1 .. Lcap - 1} t[l]) = 5170

Iter 133
MasterProb = 88264

s [*] :=
1   74
2   52
3    5
4   42
5  119
;

SubProb = -4306.57
d = 0

distanceCost*(sum{l in 1 .. Lcap - 1} t[l]) = 2805

Iter 134
MasterProb = 86845.1

s [*] :=
1   1
2   2
3  49
4  25
5  33
;

SubProb = -3241.15
d = 9

distanceCost*(sum{l in 1 .. Lcap - 1} t[l]) = 3795

Iter 135
MasterProb = 86506.4

s [*] :=
1   10
2    6
3    1
4    7
5  106
;

SubProb = -2981.18
d = 0

distanceCost*(sum{l in 1 .. Lcap - 1} t[l]) = 3685

Iter 136
MasterProb = 86017.9

s [*] :=
1   91
2   15
3   25
4   89
5  119
;

SubProb = -1500.22
d = 0

distanceCost*(sum{l in 1 .. Lcap - 1} t[l]) = 2970

Iter 137
MasterProb = 85661.4

s [*] :=
1  80
2  56
3   5
4   8
5  59
;

SubProb = -3070.39
d = 0

distanceCost*(sum{l in 1 .. Lcap - 1} t[l]) = 4070

Iter 138
MasterProb = 84795.8

s [*] :=
1   37
2  115
3   95
4   30
5  119
;

SubProb = 312.54
d = 0

distanceCost*(sum{l in 1 .. Lcap - 1} t[l]) = 2695

Problema Entero
MasterProb = 103283

fo1 = 56565
fo2 = 46718

x[j] [*] :=
 14  1
 82  1
103  1
120  1
125  1
134  1
172  1
183  1
243  1
247  1
286  1
318  1
321  1
344  1
362  1
396  1
397  1
398  1
405  1
407  1
;

aa[i,j] [*,*]
:    14  82 103 120 125 134 172 183 243 247 286 318 321 344 362 396 397 398 405 :=
1     0   0   0   0   0   0   0   0   0   0   0   0   0   0   0   0   0   0   0
2     0   0   0   0   0   0   0   0   0   0   0   0   0   0   0   0   0   0   1
3     0   0   0   0   1   0   0   0   0   0   0   0   0   0   0   0   0   0   0
4     0   0   0   0   0   0   0   0   0   0   0   0   0   0   0   0   0   0   0
5     0   0   0   0   0   0   0   0   0   0   0   0   0   0   0   0   0   0   0
6     0   0   0   0   0   0   0   0   0   0   1   0   0   0   0   0   0   0   0
7     0   0   0   0   1   0   0   0   0   0   0   0   0   0   0   0   0   0   0
8     0   0   0   0   0   0   0   0   0   0   0   0   0   0   0   0   0   1   0
9     0   0   0   0   0   0   0   0   0   0   0   0   1   0   0   0   0   0   0
10    0   0   0   0   0   0   0   0   0   1   0   0   0   0   0   0   0   0   0
11    0   0   0   0   0   1   0   0   0   0   0   0   0   0   0   0   0   0   0
12    0   0   0   0   0   0   1   0   0   0   0   0   0   0   0   0   0   0   0
13    0   0   0   1   0   0   0   0   0   0   0   0   0   0   0   0   0   0   0
14    1   0   0   0   0   0   0   0   0   0   0   0   0   0   0   0   0   0   0
15    0   0   0   0   0   0   0   0   0   0   0   0   0   0   1   0   0   0   0
16    0   0   0   0   0   0   0   0   0   0   0   0   1   0   0   0   0   0   0
17    0   0   0   0   0   0   0   0   0   0   0   0   1   0   0   0   0   0   0
18    0   0   0   0   0   0   0   0   0   0   0   0   0   0   0   0   0   0   0
19    0   0   0   0   0   0   0   0   0   0   0   0   0   0   0   0   0   0   0
20    0   0   0   0   0   0   0   0   0   0   0   0   0   0   0   0   0   0   0
21    0   0   0   0   0   0   0   0   0   0   0   0   0   0   0   0   0   0   0
22    0   0   0   0   0   0   0   0   0   0   0   0   0   0   0   0   0   0   0
23    0   0   0   0   0   0   0   0   0   0   0   0   0   0   0   0   0   0   0
24    0   0   0   0   1   0   0   0   0   0   0   0   0   0   0   0   0   0   0
25    0   0   0   0   0   0   0   1   0   0   0   0   0   0   0   0   0   0   0
26    0   0   0   0   0   0   0   1   0   0   0   0   0   0   0   0   0   0   0
27    0   0   0   1   0   0   0   0   0   0   0   0   0   0   0   0   0   0   0
28    0   0   0   0   0   0   0   0   0   0   0   0   0   0   0   0   0   0   0
29    0   0   0   0   0   0   0   0   0   0   0   0   0   0   0   0   0   0   0
30    0   0   0   0   0   0   0   0   0   0   0   0   0   0   0   0   0   0   0
31    0   0   0   0   0   0   1   0   0   0   0   0   0   0   0   0   0   0   0
32    0   0   0   0   0   1   0   0   0   0   0   0   0   0   0   0   0   0   0
33    0   0   0   0   0   0   0   0   0   0   0   0   1   0   0   0   0   0   0
34    0   0   0   0   0   0   1   0   0   0   0   0   0   0   0   0   0   0   0
35    0   0   0   0   0   0   0   0   0   0   0   1   0   0   0   0   0   0   0
36    0   0   0   0   0   0   0   0   0   0   0   0   0   0   0   0   0   0   0
37    0   0   0   0   0   0   0   1   0   0   0   0   0   0   0   0   0   0   0
38    0   0   0   0   0   0   0   0   0   0   0   0   0   0   1   0   0   0   0
39    0   0   0   0   0   0   0   0   0   0   0   0   0   0   1   0   0   0   0
40    0   0   0   0   0   0   0   0   0   0   0   0   0   0   0   0   0   1   0
41    0   0   0   0   0   0   0   0   0   0   0   0   0   0   0   0   0   0   0
42    0   0   0   0   0   0   0   0   0   0   0   0   0   0   0   0   0   0   0
43    0   0   0   0   0   0   0   0   0   0   0   0   0   0   0   0   0   0   0
44    0   0   0   0   0   0   0   0   0   0   0   0   0   0   0   0   0   0   0
45    0   0   0   0   0   0   0   1   0   0   0   0   0   0   0   0   0   0   0
46    0   0   0   0   0   0   0   0   0   0   0   0   0   0   0   0   0   0   0
47    0   0   0   0   0   0   0   0   0   0   0   0   0   0   1   0   0   0   0
48    0   0   0   0   0   0   0   0   0   0   0   0   0   0   0   0   0   0   1
49    0   0   0   0   0   0   0   0   0   0   0   0   0   0   0   0   0   0   0
50    0   0   0   0   0   0   0   0   0   0   0   1   0   0   0   0   0   0   0
51    0   0   0   0   0   0   0   0   0   0   0   0   0   0   0   1   0   0   0
52    0   0   0   0   0   0   0   0   0   0   0   0   0   0   0   0   0   0   0
53    0   0   0   0   0   0   0   0   0   0   1   0   0   0   0   0   0   0   0
54    0   0   0   0   0   0   0   0   0   0   0   0   0   0   0   0   0   1   0
55    0   0   0   0   0   0   0   0   1   0   0   0   0   0   0   0   0   0   0
56    0   0   0   0   0   0   0   0   0   0   0   0   0   0   1   0   0   0   0
57    0   0   0   0   0   0   0   0   0   0   0   0   0   0   0   0   0   0   0
58    0   0   0   1   0   0   0   0   0   0   0   0   0   0   0   0   0   0   0
59    0   0   0   0   0   0   0   1   0   0   0   0   0   0   0   0   0   0   0
60    0   0   0   0   1   0   0   0   0   0   0   0   0   0   0   0   0   0   0
61    0   0   0   0   0   1   0   0   0   0   0   0   0   0   0   0   0   0   0
62    0   0   0   0   0   0   0   0   0   1   0   0   0   0   0   0   0   0   0
63    0   0   0   0   0   0   0   0   0   0   0   0   0   0   0   0   0   0   0
64    0   0   0   0   0   0   0   0   0   0   0   0   0   1   0   0   0   0   0
65    0   0   0   0   0   0   0   0   0   1   0   0   0   0   0   0   0   0   0
66    0   0   0   0   0   0   0   0   0   0   0   0   0   0   0   0   0   0   1
67    0   0   0   0   0   0   0   0   0   1   0   0   0   0   0   0   0   0   0
68    0   0   0   0   0   0   0   0   0   0   0   0   0   0   0   1   0   0   0
69    0   0   0   0   0   0   0   0   0   0   0   0   0   0   0   0   0   1   0
70    0   0   0   0   0   0   0   0   0   0   0   0   0   1   0   0   0   0   0
71    0   0   0   0   0   0   0   0   0   0   0   0   0   0   0   0   0   0   0
72    0   0   0   0   0   0   0   0   0   0   0   0   0   0   0   1   0   0   0
73    0   0   0   0   0   0   0   0   0   0   0   0   0   0   0   0   1   0   0
74    0   0   0   0   0   0   0   0   0   0   0   0   0   0   0   0   0   0   0
75    0   0   0   0   0   1   0   0   0   0   0   0   0   0   0   0   0   0   0
76    0   0   0   0   0   0   0   0   0   1   0   0   0   0   0   0   0   0   0
77    0   0   0   0   0   0   0   0   0   0   0   0   0   0   0   0   0   0   0
78    0   0   0   1   0   0   0   0   0   0   0   0   0   0   0   0   0   0   0
79    0   0   0   0   0   0   0   0   0   0   0   0   0   1   0   0   0   0   0
80    0   0   0   0   0   1   0   0   0   0   0   0   0   0   0   0   0   0   0
81    0   0   0   0   0   0   0   0   0   0   0   0   0   0   0   0   0   0   0
82    0   1   0   0   0   0   0   0   0   0   0   0   0   0   0   0   0   0   0
83    0   0   0   0   0   0   0   0   0   0   0   0   0   0   0   0   0   0   0
84    0   0   0   0   0   0   1   0   0   0   0   0   0   0   0   0   0   0   0
85    0   0   0   1   0   0   0   0   0   0   0   0   0   0   0   0   0   0   0
86    0   0   0   0   0   0   0   0   0   0   0   0   0   1   0   0   0   0   0
87    0   0   0   0   0   0   0   0   1   0   0   0   0   0   0   0   0   0   0
88    0   0   0   0   0   0   0   0   0   0   0   0   0   0   0   0   0   0   0
89    0   0   0   0   1   0   0   0   0   0   0   0   0   0   0   0   0   0   0
90    0   0   0   0   0   0   1   0   0   0   0   0   0   0   0   0   0   0   0
91    0   0   0   0   0   0   0   0   0   0   0   0   0   0   0   0   0   0   0
92    0   0   0   0   0   0   0   0   0   0   0   0   0   0   0   0   0   0   0
93    0   0   0   0   0   0   0   0   0   0   0   0   0   0   0   0   0   0   0
94    0   0   0   0   0   0   0   0   0   0   0   0   0   0   0   0   0   0   0
95    0   0   0   0   0   0   0   0   0   0   0   0   0   0   0   0   0   0   0
96    0   0   0   0   0   0   0   0   0   0   0   0   0   0   0   0   0   0   0
97    0   0   0   0   0   0   0   0   0   0   0   0   0   0   0   0   0   0   0
98    0   0   0   0   0   0   0   0   0   0   0   0   0   0   0   1   0   0   0
99    0   0   0   0   0   0   0   0   0   0   0   0   0   0   0   0   0   0   0
100   0   0   0   0   0   0   0   0   0   0   0   0   0   0   0   0   0   0   0
101   0   0   0   0   0   0   0   0   0   0   0   0   0   0   0   0   0   0   1
102   0   0   0   0   0   0   0   0   0   0   0   0   0   0   0   1   0   0   0
103   0   0   1   0   0   0   0   0   0   0   0   0   0   0   0   0   0   0   0
104   0   0   0   0   0   0   0   0   0   0   0   0   0   0   0   0   0   1   0
105   0   0   0   0   0   0   0   0   0   0   0   0   0   0   0   0   0   0   0
106   0   0   0   0   0   0   0   0   0   0   0   0   0   0   0   0   0   0   0
107   0   0   0   0   0   0   0   0   0   0   0   0   0   0   0   0   0   0   0
108   0   0   0   0   0   0   0   0   0   0   0   0   0   0   0   0   0   0   0
109   0   0   0   0   0   0   0   0   0   0   0   0   0   0   0   0   1   0   0
110   0   0   0   0   0   0   0   0   0   0   0   0   0   0   0   0   0   0   0
111   0   0   0   0   0   0   0   0   0   0   0   0   0   0   0   0   0   0   0
112   0   0   0   0   0   0   0   0   0   0   0   0   0   0   0   0   0   0   0
113   0   0   0   0   0   0   0   0   0   0   0   0   0   0   0   0   0   0   0
114   0   0   0   0   0   0   0   0   0   0   0   0   0   0   0   0   0   0   0
115   0   0   0   0   0   0   0   0   0   0   0   0   0   0   0   0   0   0   0
116   0   0   0   0   0   0   0   0   0   0   0   0   0   0   0   0   0   0   1
117   0   0   0   0   0   0   0   0   0   0   0   0   0   0   0   0   0   0   0
118   0   0   0   0   0   0   0   0   0   0   0   0   0   0   0   0   0   0   0

:   407    :=
1     0
2     0
3     0
4     0
5     1
6     0
7     0
8     0
9     0
10    0
11    0
12    0
13    0
14    0
15    0
16    0
17    0
18    0
19    0
20    0
21    0
22    0
23    0
24    0
25    0
26    0
27    0
28    0
29    0
30    0
31    0
32    0
33    0
34    0
35    0
36    0
37    0
38    0
39    0
40    0
41    0
42    1
43    0
44    0
45    0
46    0
47    0
48    0
49    0
50    0
51    0
52    1
53    0
54    0
55    0
56    0
57    0
58    0
59    0
60    0
61    0
62    0
63    0
64    0
65    0
66    0
67    0
68    0
69    0
70    0
71    0
72    0
73    0
74    1
75    0
76    0
77    0
78    0
79    0
80    0
81    0
82    0
83    0
84    0
85    0
86    0
87    0
88    0
89    0
90    0
91    0
92    0
93    0
94    0
95    0
96    0
97    0
98    0
99    0
100   0
101   0
102   0
103   0
104   0
105   0
106   0
107   0
108   0
109   0
110   0
111   0
112   0
113   0
114   0
115   0
116   0
117   0
118   0
;

vi[i] [*] :=
  1  1
  4  1
 18  1
 19  1
 20  1
 21  1
 22  1
 23  1
 28  1
 29  1
 30  1
 36  1
 41  1
 43  1
 44  1
 46  1
 49  1
 57  1
 63  1
 71  1
 77  1
 81  1
 83  1
 88  1
 91  1
 92  1
 93  1
 94  1
 95  1
 96  1
 97  1
 99  1
100  1
105  1
106  1
107  1
108  1
110  1
111  1
112  1
113  1
114  1
115  1
117  1
118  1
;

:   x[i]   c[i] travel[i] delay[i]    :=
14    1       0       0         0
82    1       0       0         0
103   1       0       0         0
120   1    3795    3795         0
125   1    3355    3355         0
134   1    5875    4675      1200
172   1    8390    4070      4320
183   1    3905    3905         0
243   1     880     880         0
247   1    3520    3520         0
286   1     605     605         0
318   1     880     880         0
321   1    2640    2640         0
344   1    2465    2145       320
362   1    3905    3905         0
396   1    4180    4180         0
397   1    1595    1595         0
398   1    4250    3850       400
405   1    3520    3520         0
407   1    2805    2805         0
;

