#Nombre	DiaAten	ModelId		T.Servicio	Penalty
191_PR_3	3	1	60	2103
101_PR_2	-3	1	60	4170
1_PR_1	-2	1	90	968
341_SA_5	5	1	70	2043
102_SA_2	2	2	120	3647
2_SA_1	1	2	90	63804
103_SA_2	2	3	120	48882
104_LC_2	-3	4	120	842
271_PR_4	4	1	60	20283
105_LC_2	2	5	200	34496
342_PR_5	-6	2	60	870
192_PR_3	3	2	130	4239
193_LC_3	3	3	70	1490
272_LC_4	4	2	130	53485
273_LC_4	4	3	90	2151
343_LC_5	5	3	45	55696
274_SA_4	4	4	60	66092
3_SA_1	1	3	75	58449
106_NU_2	2	6	75	45199
107_PR_2	2	7	30	51707
344_LC_5	5	4	120	57890
108_LC_2	2	8	10	50422
345_SA_5	-6	5	150	384
194_PR_3	3	4	20	43015
4_LC_1	1	4	120	2340
195_SA_3	3	5	150	3729
5_SA_1	1	5	90	51421
197_SA_3	3	6	120	65228
346_LC_5	5	6	70	31857
199_SA_3	3	7	80	52991
196_PR_3	3	8	45	54526
198_SA_3	3	9	60	67360
6_SA_1	1	6	30	6932
200_SA_3	3	10	60	6199
201_LC_3	3	11	270	3890
347_SA_5	5	7	20	51235
7_SA_1	1	7	290	48786
202_SA_3	3	12	180	58291
8_SA_1	1	8	60	46937
110_SA_2	2	9	120	52123
111_SA_2	2	10	120	55544
112_SA_2	2	11	60	58616
109_SA_2	2	12	110	59392
114_SA_2	2	13	60	42314
113_SA_2	2	14	60	40907
203_SA_3	3	13	45	39495
115_PR_2	2	15	90	50432
348_SA_5	5	8	60	5131
349_SA_5	-6	9	15	4098
9_SA_1	-2	9	360	1360
10_SA_1	-2	10	60	1518
13_SA_1	-2	11	60	1452
14_SA_1	-2	12	90	1356
350_SA_5	-6	10	180	1506
12_SA_1	-2	13	75	1654
204_SA_3	-4	14	80	1138
205_SA_3	3	15	60	568
352_PR_5	-6	11	70	1008
11_SA_1	1	14	120	628
275_SA_4	-5	5	90	934
276_SA_4	-5	6	60	1382
277_SA_4	-5	7	120	1098
120_SA_2	2	16	55	514
279_SA_4	-5	8	300	1576
280_NU_4	-5	9	60	1110
119_SA_2	2	17	60	551
124_SA_2	-3	18	30	758
121_LC_2	-3	19	45	1310
122_SA_2	-3	20	50	472
351_SA_5	-6	12	60	978
118_SA_2	-3	21	120	1320
278_PR_4	4	10	150	684
116_SA_2	-3	22	60	1692
117_SA_2	-3	23	140	1484
123_SA_2	2	24	50	667
15_SA_1	1	15	240	56322
125_SA_2	2	25	60	36880
281_PR_4	4	11	70	41741
282_LC_4	4	12	90	27786
127_PR_2	2	26	80	130032
206_PR_3	3	16	35	135878
126_PR_2	2	27	180	153221
353_SA_5	-6	13	5	186
354_PR_5	5	14	30	39963
16_SA_1	-2	16	110	860
207_SA_3	3	17	50	343
128_SA_2	-3	28	120	296
17_NU_1	1	17	180	1407
129_NU_2	-3	29	120	2542
283_SA_4	4	13	180	2060
355_LC_5	5	15	150	1661
130_SA_2	-3	30	90	4068
356_SA_5	-6	16	150	646
131_PR_2	2	31	215	56941
18_SA_1	1	18	90	1297
208_SA_3	-4	18	90	1832
209_SA_3	-4	19	45	1556
132_SA_2	2	32	20	1218
19_SA_1	1	19	180	81753
210_SA_3	3	20	180	119069
284_SA_4	4	14	240	76616
134_SA_2	2	33	60	40530
133_SA_2	2	34	90	31698
357_SA_5	5	17	60	42934
285_SA_4	4	15	60	56812
135_SA_2	2	35	60	46578
20_SA_1	1	20	60	59471
136_LC_2	-3	36	30	698
286_PR_4	4	16	60	31741
360_LC_5	5	18	10	24228
358_PR_5	5	19	70	56010
137_PR_2	2	37	150	68217
359_LC_5	5	20	10	50629
361_SA_5	5	21	10	52772
21_NU_1	1	21	90	15910
211_NU_3	3	21	40	16250
362_PR_5	5	22	240	40487
22_PR_1	1	22	60	35655
213_LC_3	3	22	90	61141
139_PR_2	2	38	60	43253
140_SA_2	2	39	50	37128
288_SA_4	4	17	60	37434
287_PR_4	4	18	90	53126
212_SA_3	3	23	40	55117
138_VI_2	2	40	90	37284
363_VI_5	5	23	10	2065
214_VI_3	3	24	25	3240
215_PR_3	3	25	45	36710
23_SA_1	1	23	90	30001
24_PR_1	1	24	100	6463
289_LC_4	4	19	110	32865
25_PR_1	-2	25	90	13202
141_NU_2	-3	41	150	540
26_NU_1	-2	26	420	710
27_LC_1	1	27	180	2785
216_SA_3	3	26	80	10296
28_SA_1	1	28	30	495
29_SA_1	1	29	60	49986
364_PR_5	5	24	1	1949
217_SA_3	3	27	150	962
365_SA_5	-6	25	120	1704
290_SA_4	4	20	60	1261
291_SA_4	4	21	150	3274
292_PR_4	4	22	50	2856
293_PR_4	4	23	165	2474
294_SA_4	4	24	90	29821
142_LC_2	2	42	50	3841
218_SA_3	3	28	120	2295
219_SA_3	-4	29	90	6442
143_SA_2	-3	43	180	6232
144_SA_2	-3	44	90	562
145_LC_2	2	45	60	201
146_SA_2	-3	46	165	416
147_LC_2	2	47	30	192
220_PR_3	-4	30	60	416
30_PR_1	1	30	60	8979
295_LC_4	-5	25	60	134
366_SA_5	5	26	20	10009
32_SA_1	1	31	90	17128
31_SA_1	1	32	90	20228
367_PR_5	5	27	15	61037
33_LC_1	1	33	150	4251
221_PR_3	3	31	35	50431
296_SA_4	4	26	90	52728
222_PR_3	3	32	60	44749
223_PR_3	3	33	40	51587
224_PR_3	3	34	50	2706
34_LC_1	1	34	80	57159
148_SA_2	2	48	90	8527
368_PR_5	5	28	5	15919
369_SA_5	5	29	120	52299
370_SA_5	5	30	140	46037
225_SA_3	-4	35	80	926
35_SA_1	-2	35	105	702
297_SA_4	4	27	100	2058
36_LC_1	1	36	60	42116
298_PR_4	-5	28	120	604
150_SA_2	-3	49	120	3038
149_SA_2	2	50	235	2360
151_SA_2	2	51	120	106711
38_PR_1	1	37	80	55874
371_PR_5	5	31	30	49531
37_PR_1	1	38	60	41609
39_LC_1	1	39	90	3288
226_PR_3	3	36	65	54895
372_LC_5	5	32	60	60015
227_LC_3	3	37	120	3430
40_SA_1	-2	40	60	5284
228_SA_3	3	38	100	48649
152_LC_2	2	52	1	1651
41_LC_1	1	41	120	4023
42_PR_1	-2	42	60	4726
299_LC_4	-5	29	60	586
43_SA_1	-2	43	207	7648
300_SA_4	4	30	105	53048
301_SA_4	-5	31	75	990
44_PR_1	-2	44	25	2288
153_PR_2	2	53	230	41884
302_SA_4	4	32	90	52455
373_SA_5	5	33	60	1969
154_PR_2	2	54	170	40206
374_PR_5	5	34	105	54817
155_SA_2	2	55	240	49959
375_PR_5	5	35	170	31707
229_SA_3	-4	39	60	880
156_PR_2	2	56	80	64049
45_VI_1	1	45	75	10094
46_SA_1	1	46	90	97
47_SA_1	-2	47	90	178
230_PR_3	3	40	30	35523
303_LC_4	4	33	60	54223
376_PR_5	5	36	75	47385
304_VI_4	4	34	120	1500
231_SA_3	-4	41	80	2330
49_SA_1	-2	48	60	2430
306_SA_4	-5	35	270	3434
305_PR_4	4	36	25	1466
377_PR_5	-6	37	30	2158
157_SA_2	-3	57	150	2114
48_SA_1	1	49	60	1571
232_PR_3	-4	42	120	3006
307_SA_4	4	37	120	43236
233_SA_3	3	43	40	47765
378_PR_5	5	38	30	55665
234_LC_3	-4	44	60	5108
235_LC_3	-4	45	120	656
379_LC_5	5	39	60	48070
50_LC_1	1	50	80	62124
158_PR_2	2	58	85	2488
236_VI_3	-4	46	90	316
308_PR_4	4	38	30	45016
237_PR_3	3	47	70	50396
159_SA_2	2	59	55	2572
51_SA_1	1	51	90	2559
160_PR_2	2	60	60	51119
309_PR_4	4	39	60	50579
310_PR_4	4	40	120	37872
161_LC_2	2	61	180	49826
238_SA_3	3	48	60	6595
162_SA_2	2	62	1	5497
239_SA_3	3	49	180	58111
52_PR_1	1	52	30	5566
240_PR_3	3	50	60	3868
53_NU_1	1	53	90	49883
311_PR_4	4	41	60	52568
241_SA_3	3	51	20	54070
55_LC_1	1	54	60	1120
54_LC_1	-2	55	60	2204
312_PR_4	4	42	50	155386
56_LC_1	-2	56	150	136
313_PR_4	-5	43	50	1724
163_PR_2	-3	63	120	3656
164_NU_2	2	64	90	1493
314_SA_4	4	44	20	2314
380_LC_5	5	40	234	4825
59_SA_1	1	57	60	5766
57_SA_1	1	58	60	5129
58_SA_1	1	59	60	3194
165_SA_2	2	65	120	62133
60_LC_1	-2	60	90	10684
167_SA_2	2	66	60	59365
64_SA_1	1	61	10	57132
62_SA_1	1	62	150	69518
61_SA_1	1	63	30	46762
166_SA_2	2	67	40	63239
65_SA_1	1	64	30	52426
63_SA_1	1	65	75	66263
381_SA_5	5	41	60	54700
242_LC_3	3	52	40	41936
315_SA_4	4	45	180	2311
316_NU_4	4	46	60	14010
66_PR_1	1	66	75	442
168_SA_2	2	68	60	974
67_SA_1	-2	67	60	340
317_LC_4	4	47	45	63122
243_SA_3	3	53	120	1517
318_SA_4	-5	48	240	1904
68_SA_1	-2	68	120	508
69_VI_1	1	69	60	50341
382_PR_5	5	42	30	2996
319_PR_4	4	49	90	1599
71_PR_1	1	70	520	17037
70_SA_1	1	71	180	19971
170_SA_2	2	69	120	16044
244_SA_3	3	54	80	19311
169_LC_2	2	70	135	15335
171_PR_2	-3	71	65	13360
172_NU_2	2	72	60	54789
321_SA_4	4	50	240	58843
383_SA_5	5	43	240	44638
73_PR_1	1	72	120	41970
72_SA_1	1	73	195	50681
320_SA_4	4	51	120	42547
322_SA_4	4	52	90	51775
245_SA_3	-4	55	160	738
384_SA_5	-6	44	240	540
323_SA_4	4	53	120	298
246_LC_3	3	56	100	3789
247_SA_3	3	57	90	47561
74_SA_1	-2	74	60	386
75_SA_1	1	75	75	39316
174_SA_2	2	73	360	50733
173_SA_2	2	74	55	45553
175_SA_2	2	75	90	56340
385_SA_5	5	45	60	52695
248_SA_3	3	58	60	1704
176_SA_2	2	76	90	1004
177_PR_2	-3	77	50	316
249_SA_3	3	59	75	42933
76_SA_1	-2	76	100	436
250_SA_3	3	60	60	47934
77_SA_1	1	77	120	57118
178_NU_2	2	78	20	321
324_SA_4	4	54	130	75775
325_PR_4	4	55	180	4590
386_SA_5	5	46	90	32955
179_PR_2	2	79	100	40330
251_PR_3	3	61	60	4089
180_LC_2	2	80	60	32500
326_SA_4	4	56	1	848
78_SA_1	1	78	60	956
79_SA_1	-2	79	100	2098
181_LC_2	-3	81	120	2578
252_SA_3	-4	62	55	2080
387_SA_5	5	47	90	52208
80_SA_1	1	80	90	58019
81_SA_1	1	81	60	11450
388_SA_5	5	48	60	1521
389_SA_5	5	49	90	32938
253_SA_3	3	63	60	46931
82_VI_1	1	82	30	7336
390_LC_5	5	50	180	4462
255_PR_3	3	64	150	42803
254_PR_3	3	65	60	56225
256_PR_3	-4	66	90	1928
257_SA_3	3	67	5	1310
258_SA_3	3	68	120	1487
83_SA_1	1	83	240	1092
327_SA_4	4	57	120	13109
84_LC_1	1	84	15	50598
85_PR_1	-2	85	70	292
86_PR_1	1	86	90	53280
259_SA_3	-4	69	110	272
260_SA_3	-4	70	120	426
261_SA_3	3	71	90	8434
87_SA_1	-2	87	60	4782
262_SA_3	3	72	120	1689
88_LC_1	1	88	120	48312
328_LC_4	4	58	120	51583
329_LC_4	4	59	90	53444
182_LC_2	2	82	60	56155
183_NU_2	-3	83	20	946
263_SA_3	3	73	60	51447
184_SA_2	2	84	15	64522
185_SA_2	2	85	35	67776
331_SA_4	4	60	160	32870
330_SA_4	4	61	120	61343
264_SA_3	3	74	65	54814
186_PR_2	2	86	120	195
187_SA_2	2	87	210	33658
89_PR_1	1	89	70	54977
90_SA_1	-2	90	90	134
391_LC_5	5	51	75	46872
393_PR_5	5	52	150	40863
91_PR_1	1	91	120	52399
392_PR_5	5	53	35	59332
188_VI_2	-3	88	100	138
332_PR_4	-5	62	120	2016
265_PR_3	3	75	100	65079
92_SA_1	1	92	60	51368
333_VI_4	4	63	90	47895
394_PR_5	5	54	75	40376
93_SA_1	1	93	90	2577
94_NU_1	1	94	160	59172
95_SA_1	1	95	140	580
334_SA_4	-5	64	30	1834
96_VI_1	1	96	50	59465
98_PR_1	1	97	10	40048
97_PR_1	1	98	20	53198
335_SA_4	4	65	30	12858
266_SA_3	3	76	80	3264
99_SA_1	-2	99	75	222
267_NU_3	3	77	50	7954
336_VI_4	4	66	240	529
337_PR_4	4	67	1	3977
395_SA_5	-6	55	90	294
338_SA_4	-5	68	60	310
396_SA_5	5	56	60	48160
397_SA_5	5	57	10	48627
268_SA_3	-4	78	90	2654
398_NU_5	5	58	150	9482
340_SA_4	4	69	60	5286
339_SA_4	4	70	140	5900
189_PR_2	2	89	80	6951
399_SA_5	5	59	60	44782
190_SA_2	2	90	30	69216
100_PR_1	1	100	60	5687
269_SA_3	3	79	40	257165
400_PR_5	5	60	45	46547
270_PR_3	3	80	75	14425
