#Nombre	DiaAten	ModelId		T.Servicio	Penalty
191_PR_3	3	1	60	24866
101_PR_2	2	1	60	24866
1_PR_1	1	1	90	24990
341_SA_5	5	1	70	25194
102_SA_2	2	2	120	25452
2_SA_1	1	2	90	25645
103_SA_2	2	3	120	25668
104_LC_2	2	4	120	25703
271_PR_4	4	1	60	25896
105_LC_2	2	5	200	25933
342_PR_5	-6	2	60	51978
192_PR_3	3	2	130	26037
193_LC_3	3	3	70	26039
272_LC_4	4	2	130	26067
273_LC_4	4	3	90	26109
343_LC_5	5	3	45	26320
274_SA_4	4	4	60	26378
3_SA_1	1	3	75	26385
106_NU_2	-3	6	75	52896
107_PR_2	2	7	30	26534
344_LC_5	5	4	120	26571
108_LC_2	2	8	10	26571
345_SA_5	5	5	150	26578
194_PR_3	3	4	20	26610
4_LC_1	1	4	120	26636
195_SA_3	3	5	150	26641
5_SA_1	1	5	90	26646
197_SA_3	3	6	120	26646
346_LC_5	5	6	70	26646
199_SA_3	3	7	80	26646
196_PR_3	3	8	45	26646
198_SA_3	3	9	60	26646
6_SA_1	1	6	30	26773
200_SA_3	3	10	60	26773
201_LC_3	3	11	270	26773
347_SA_5	5	7	20	26819
7_SA_1	-2	7	290	53778
202_SA_3	3	12	180	26889
8_SA_1	1	8	60	26889
110_SA_2	-3	9	120	53778
111_SA_2	2	10	120	26889
112_SA_2	2	11	60	26889
109_SA_2	2	12	110	26889
114_SA_2	2	13	60	26889
113_SA_2	2	14	60	26889
203_SA_3	3	13	45	26889
115_PR_2	2	15	90	26990
348_SA_5	-6	8	60	54002
349_SA_5	5	9	15	27001
9_SA_1	1	9	360	27010
10_SA_1	1	10	60	27010
13_SA_1	1	11	60	27010
14_SA_1	1	12	90	27010
350_SA_5	5	10	180	27010
12_SA_1	-2	13	75	54020
204_SA_3	3	14	80	27010
205_SA_3	3	15	60	27010
352_PR_5	5	11	70	27010
11_SA_1	1	14	120	27010
275_SA_4	4	5	90	27010
276_SA_4	4	6	60	27010
277_SA_4	4	7	120	27010
120_SA_2	2	16	55	27010
279_SA_4	4	8	300	27010
280_NU_4	4	9	60	27010
119_SA_2	2	17	60	27010
124_SA_2	2	18	30	27010
121_LC_2	2	19	45	27010
122_SA_2	2	20	50	27010
351_SA_5	5	12	60	27010
118_SA_2	2	21	120	27010
278_PR_4	4	10	150	27010
116_SA_2	2	22	60	27010
117_SA_2	2	23	140	27010
123_SA_2	2	24	50	27010
15_SA_1	1	15	240	27077
125_SA_2	2	25	60	27106
281_PR_4	4	11	70	27106
282_LC_4	4	12	90	27108
127_PR_2	2	26	80	27109
206_PR_3	-4	16	35	54218
126_PR_2	2	27	180	27109
353_SA_5	5	13	5	27109
354_PR_5	5	14	30	27126
16_SA_1	1	16	110	27135
207_SA_3	3	17	50	27135
128_SA_2	2	28	120	27143
17_NU_1	1	17	180	27208
129_NU_2	2	29	120	27208
283_SA_4	4	13	180	27213
355_LC_5	5	15	150	27217
130_SA_2	2	30	90	27217
356_SA_5	5	16	150	27294
131_PR_2	-3	31	215	54656
18_SA_1	-2	18	90	54672
208_SA_3	3	18	90	27336
209_SA_3	3	19	45	27336
132_SA_2	2	32	20	27336
19_SA_1	1	19	180	27364
210_SA_3	3	20	180	27364
284_SA_4	4	14	240	27364
134_SA_2	2	33	60	27380
133_SA_2	2	34	90	27380
357_SA_5	5	17	60	27380
285_SA_4	4	15	60	27386
135_SA_2	2	35	60	27398
20_SA_1	1	20	60	27398
136_LC_2	2	36	30	27404
286_PR_4	4	16	60	27414
360_LC_5	5	18	10	27414
358_PR_5	5	19	70	27414
137_PR_2	2	37	150	27414
359_LC_5	5	20	10	27414
361_SA_5	5	21	10	27414
21_NU_1	1	21	90	27447
211_NU_3	3	21	40	27447
362_PR_5	5	22	240	27526
22_PR_1	1	22	60	27536
213_LC_3	3	22	90	27536
139_PR_2	2	38	60	27536
140_SA_2	2	39	50	27536
288_SA_4	4	17	60	27536
287_PR_4	4	18	90	27536
212_SA_3	3	23	40	27536
138_VI_2	2	40	90	27536
363_VI_5	5	23	10	27536
214_VI_3	3	24	25	27536
215_PR_3	3	25	45	27572
23_SA_1	1	23	90	27613
24_PR_1	1	24	100	27636
289_LC_4	4	19	110	27640
25_PR_1	1	25	90	27645
141_NU_2	2	41	150	27648
26_NU_1	1	26	420	27648
27_LC_1	1	27	180	27685
216_SA_3	3	26	80	27701
28_SA_1	1	28	30	27708
29_SA_1	-2	29	60	55432
364_PR_5	5	24	1	27772
217_SA_3	3	27	150	27787
365_SA_5	5	25	120	27787
290_SA_4	4	20	60	27787
291_SA_4	4	21	150	27796
292_PR_4	4	22	50	27801
293_PR_4	4	23	165	27801
294_SA_4	4	24	90	27804
142_LC_2	2	42	50	27812
218_SA_3	3	28	120	27855
219_SA_3	3	29	90	27855
143_SA_2	-3	43	180	55710
144_SA_2	2	44	90	27873
145_LC_2	2	45	60	27892
146_SA_2	-3	46	165	55784
147_LC_2	2	47	30	27892
220_PR_3	3	30	60	27892
30_PR_1	1	30	60	27923
295_LC_4	4	25	60	27939
366_SA_5	5	26	20	27951
32_SA_1	1	31	90	27959
31_SA_1	1	32	90	27959
367_PR_5	5	27	15	28004
33_LC_1	1	33	150	28008
221_PR_3	3	31	35	28073
296_SA_4	4	26	90	28075
222_PR_3	3	32	60	28101
223_PR_3	3	33	40	28117
224_PR_3	3	34	50	28125
34_LC_1	-2	34	80	56292
148_SA_2	2	48	90	28148
368_PR_5	5	28	5	28170
369_SA_5	5	29	120	28182
370_SA_5	5	30	140	28182
225_SA_3	3	35	80	28231
35_SA_1	1	35	105	28231
297_SA_4	4	27	100	28254
36_LC_1	1	36	60	28286
298_PR_4	4	28	120	28294
150_SA_2	2	49	120	28316
149_SA_2	2	50	235	28316
151_SA_2	2	51	120	28328
38_PR_1	1	37	80	28332
371_PR_5	5	31	30	28332
37_PR_1	1	38	60	28332
39_LC_1	1	39	90	28353
226_PR_3	3	36	65	28394
372_LC_5	5	32	60	28394
227_LC_3	3	37	120	28398
40_SA_1	1	40	60	28413
228_SA_3	3	38	100	28464
152_LC_2	2	52	1	28487
41_LC_1	1	41	120	28518
42_PR_1	1	42	60	28518
299_LC_4	4	29	60	28554
43_SA_1	1	43	207	28583
300_SA_4	4	30	105	28585
301_SA_4	4	31	75	28587
44_PR_1	1	44	25	28589
153_PR_2	2	53	230	28595
302_SA_4	4	32	90	28600
373_SA_5	5	33	60	28619
154_PR_2	2	54	170	28621
374_PR_5	5	34	105	28621
155_SA_2	-3	55	240	57296
375_PR_5	5	35	170	28650
229_SA_3	3	39	60	28656
156_PR_2	2	56	80	28669
45_VI_1	-2	45	75	57398
46_SA_1	-2	46	90	57424
47_SA_1	1	47	90	28712
230_PR_3	3	40	30	28726
303_LC_4	4	33	60	28732
376_PR_5	5	36	75	28738
304_VI_4	4	34	120	28760
231_SA_3	3	41	80	28760
49_SA_1	1	48	60	28760
306_SA_4	4	35	270	28760
305_PR_4	4	36	25	28760
377_PR_5	5	37	30	28760
157_SA_2	2	57	150	28760
48_SA_1	1	49	60	28760
232_PR_3	3	42	120	28760
307_SA_4	4	37	120	28761
233_SA_3	3	43	40	28762
378_PR_5	5	38	30	28766
234_LC_3	3	44	60	28789
235_LC_3	3	45	120	28797
379_LC_5	5	39	60	28804
50_LC_1	1	50	80	28808
158_PR_2	2	58	85	28816
236_VI_3	3	46	90	28827
308_PR_4	4	38	30	28840
237_PR_3	3	47	70	28840
159_SA_2	2	59	55	28846
51_SA_1	1	51	90	28846
160_PR_2	2	60	60	28896
309_PR_4	-5	39	60	57880
310_PR_4	4	40	120	28940
161_LC_2	2	61	180	28958
238_SA_3	3	48	60	28965
162_SA_2	2	62	1	28986
239_SA_3	3	49	180	29004
52_PR_1	1	52	30	29008
240_PR_3	3	50	60	29008
53_NU_1	1	53	90	29015
311_PR_4	4	41	60	29030
241_SA_3	3	51	20	29036
55_LC_1	1	54	60	29074
54_LC_1	1	55	60	29074
312_PR_4	4	42	50	29074
56_LC_1	1	56	150	29123
313_PR_4	4	43	50	29150
163_PR_2	2	63	120	29150
164_NU_2	2	64	90	29163
314_SA_4	4	44	20	29165
380_LC_5	5	40	234	29180
59_SA_1	1	57	60	29230
57_SA_1	1	58	60	29230
58_SA_1	1	59	60	29230
165_SA_2	2	65	120	29250
60_LC_1	1	60	90	29280
167_SA_2	2	66	60	29289
64_SA_1	1	61	10	29289
62_SA_1	1	62	150	29289
61_SA_1	1	63	30	29289
166_SA_2	2	67	40	29289
65_SA_1	1	64	30	29289
63_SA_1	1	65	75	29289
381_SA_5	5	41	60	29289
242_LC_3	-4	52	40	58596
315_SA_4	4	45	180	29325
316_NU_4	4	46	60	29335
66_PR_1	-2	66	75	58674
168_SA_2	2	68	60	29341
67_SA_1	1	67	60	29368
317_LC_4	4	47	45	29377
243_SA_3	3	53	120	29382
318_SA_4	4	48	240	29382
68_SA_1	1	68	120	29406
69_VI_1	1	69	60	29411
382_PR_5	5	42	30	29421
319_PR_4	4	49	90	29423
71_PR_1	-2	70	520	58880
70_SA_1	1	71	180	29440
170_SA_2	2	69	120	29440
244_SA_3	3	54	80	29440
169_LC_2	2	70	135	29440
171_PR_2	2	71	65	29453
172_NU_2	2	72	60	29458
321_SA_4	4	50	240	29462
383_SA_5	5	43	240	29462
73_PR_1	-2	72	120	58924
72_SA_1	1	73	195	29462
320_SA_4	4	51	120	29462
322_SA_4	4	52	90	29462
245_SA_3	3	55	160	29489
384_SA_5	5	44	240	29489
323_SA_4	4	53	120	29489
246_LC_3	3	56	100	29495
247_SA_3	3	57	90	29509
74_SA_1	1	74	60	29514
75_SA_1	1	75	75	29547
174_SA_2	2	73	360	29547
173_SA_2	-3	74	55	59094
175_SA_2	2	75	90	29547
385_SA_5	5	45	60	29547
248_SA_3	-4	58	60	59096
176_SA_2	2	76	90	29548
177_PR_2	2	77	50	29568
249_SA_3	3	59	75	29595
76_SA_1	1	76	100	29624
250_SA_3	3	60	60	29627
77_SA_1	1	77	120	29627
178_NU_2	2	78	20	29631
324_SA_4	4	54	130	29634
325_PR_4	4	55	180	29639
386_SA_5	5	46	90	29677
179_PR_2	2	79	100	29696
251_PR_3	3	61	60	29726
180_LC_2	-3	80	60	59478
326_SA_4	4	56	1	29742
78_SA_1	1	78	60	29742
79_SA_1	1	79	100	29742
181_LC_2	2	81	120	29742
252_SA_3	3	62	55	29742
387_SA_5	5	47	90	29800
80_SA_1	1	80	90	29813
81_SA_1	1	81	60	29820
388_SA_5	5	48	60	29826
389_SA_5	5	49	90	29854
253_SA_3	3	63	60	29854
82_VI_1	1	82	30	29859
390_LC_5	5	50	180	29868
255_PR_3	3	64	150	29871
254_PR_3	3	65	60	29871
256_PR_3	3	66	90	29905
257_SA_3	3	67	5	29921
258_SA_3	3	68	120	29945
83_SA_1	1	83	240	29945
327_SA_4	4	57	120	29965
84_LC_1	1	84	15	29967
85_PR_1	1	85	70	29989
86_PR_1	1	86	90	30006
259_SA_3	3	69	110	30007
260_SA_3	3	70	120	30074
261_SA_3	-4	71	90	60232
87_SA_1	1	87	60	30242
262_SA_3	-4	72	120	60484
88_LC_1	1	88	120	30314
328_LC_4	4	58	120	30361
329_LC_4	4	59	90	30361
182_LC_2	2	82	60	30377
183_NU_2	2	83	20	30383
263_SA_3	3	73	60	30412
184_SA_2	2	84	15	30412
185_SA_2	2	85	35	30426
331_SA_4	4	60	160	30426
330_SA_4	4	61	120	30426
264_SA_3	3	74	65	30481
186_PR_2	-3	86	120	61098
187_SA_2	-3	87	210	61128
89_PR_1	-2	89	70	61206
90_SA_1	1	90	90	30625
391_LC_5	5	51	75	30675
393_PR_5	5	52	150	30695
91_PR_1	1	91	120	30695
392_PR_5	5	53	35	30695
188_VI_2	2	88	100	30705
332_PR_4	4	62	120	30722
265_PR_3	3	75	100	30754
92_SA_1	1	92	60	30767
333_VI_4	4	63	90	30799
394_PR_5	5	54	75	30810
93_SA_1	1	93	90	30841
94_NU_1	1	94	160	30910
95_SA_1	1	95	140	30986
334_SA_4	4	64	30	31003
96_VI_1	1	96	50	31057
98_PR_1	1	97	10	31121
97_PR_1	-2	98	20	62242
335_SA_4	4	65	30	31152
266_SA_3	3	76	80	31168
99_SA_1	1	99	75	31198
267_NU_3	3	77	50	31220
336_VI_4	4	66	240	31256
337_PR_4	4	67	1	31347
395_SA_5	5	55	90	31575
338_SA_4	4	68	60	31575
396_SA_5	5	56	60	31751
397_SA_5	5	57	10	31751
268_SA_3	3	78	90	31764
398_NU_5	5	58	150	31829
340_SA_4	4	69	60	31829
339_SA_4	4	70	140	31829
189_PR_2	2	89	80	31829
399_SA_5	5	59	60	32130
190_SA_2	2	90	30	32130
100_PR_1	1	100	60	32155
269_SA_3	3	79	40	32191
400_PR_5	5	60	45	32193
270_PR_3	3	80	75	32401
