#Nombre	DiaAten	ModelId		T.Servicio	Penalty
191_PR_3	3	1	60	6164
101_PR_2	2	1	60	6164
1_PR_1	-2	1	90	13066
341_SA_5	5	1	70	6878
102_SA_2	-3	2	120	14228
2_SA_1	-2	2	90	14274
103_SA_2	2	3	120	7303
104_LC_2	2	4	120	7635
271_PR_4	-5	1	60	15788
105_LC_2	-3	5	200	15880
342_PR_5	5	2	60	7995
192_PR_3	3	2	130	8014
193_LC_3	3	3	70	8025
272_LC_4	4	2	130	8035
273_LC_4	4	3	90	8103
343_LC_5	-6	3	45	16642
274_SA_4	4	4	60	8372
3_SA_1	1	3	75	8425
106_NU_2	-3	6	75	16890
107_PR_2	2	7	30	8474
344_LC_5	5	4	120	8555
108_LC_2	-3	8	10	17110
345_SA_5	-6	5	150	17164
194_PR_3	3	4	20	8647
4_LC_1	-2	4	120	17326
195_SA_3	3	5	150	8705
5_SA_1	1	5	90	8725
197_SA_3	3	6	120	8725
346_LC_5	5	6	70	8725
199_SA_3	-4	7	80	17450
196_PR_3	3	8	45	8725
198_SA_3	3	9	60	8725
6_SA_1	1	6	30	8771
200_SA_3	3	10	60	8771
201_LC_3	-4	11	270	17542
347_SA_5	5	7	20	8773
7_SA_1	1	7	290	8812
202_SA_3	3	12	180	8812
8_SA_1	1	8	60	8812
110_SA_2	2	9	120	8812
111_SA_2	2	10	120	8812
112_SA_2	2	11	60	8812
109_SA_2	2	12	110	8812
114_SA_2	2	13	60	8812
113_SA_2	2	14	60	8812
203_SA_3	3	13	45	8812
115_PR_2	2	15	90	8956
348_SA_5	5	8	60	8989
349_SA_5	5	9	15	8989
9_SA_1	1	9	360	9071
10_SA_1	1	10	60	9071
13_SA_1	1	11	60	9071
14_SA_1	1	12	90	9071
350_SA_5	5	10	180	9071
12_SA_1	1	13	75	9071
204_SA_3	3	14	80	9071
205_SA_3	3	15	60	9071
352_PR_5	5	11	70	9071
11_SA_1	1	14	120	9071
275_SA_4	4	5	90	9071
276_SA_4	4	6	60	9071
277_SA_4	4	7	120	9071
120_SA_2	2	16	55	9071
279_SA_4	4	8	300	9071
280_NU_4	4	9	60	9071
119_SA_2	2	17	60	9071
124_SA_2	2	18	30	9071
121_LC_2	2	19	45	9071
122_SA_2	2	20	50	9071
351_SA_5	5	12	60	9071
118_SA_2	2	21	120	9071
278_PR_4	4	10	150	9071
116_SA_2	2	22	60	9071
117_SA_2	2	23	140	9071
123_SA_2	-3	24	50	18142
15_SA_1	1	15	240	9087
125_SA_2	2	25	60	9101
281_PR_4	4	11	70	9101
282_LC_4	4	12	90	9152
127_PR_2	2	26	80	9246
206_PR_3	3	16	35	9246
126_PR_2	2	27	180	9246
353_SA_5	5	13	5	9261
354_PR_5	5	14	30	9341
16_SA_1	1	16	110	9354
207_SA_3	3	17	50	9354
128_SA_2	2	28	120	9372
17_NU_1	1	17	180	9420
129_NU_2	2	29	120	9420
283_SA_4	4	13	180	9420
355_LC_5	5	15	150	9436
130_SA_2	2	30	90	9436
356_SA_5	5	16	150	9441
131_PR_2	2	31	215	9491
18_SA_1	1	18	90	9492
208_SA_3	3	18	90	9492
209_SA_3	3	19	45	9492
132_SA_2	2	32	20	9492
19_SA_1	1	19	180	9532
210_SA_3	3	20	180	9532
284_SA_4	4	14	240	9532
134_SA_2	2	33	60	9560
133_SA_2	2	34	90	9560
357_SA_5	5	17	60	9560
285_SA_4	4	15	60	9572
135_SA_2	2	35	60	9585
20_SA_1	1	20	60	9585
136_LC_2	2	36	30	9623
286_PR_4	4	16	60	9646
360_LC_5	5	18	10	9646
358_PR_5	5	19	70	9646
137_PR_2	-3	37	150	19292
359_LC_5	5	20	10	9646
361_SA_5	5	21	10	9646
21_NU_1	1	21	90	9658
211_NU_3	3	21	40	9658
362_PR_5	5	22	240	9664
22_PR_1	1	22	60	9670
213_LC_3	3	22	90	9670
139_PR_2	2	38	60	9670
140_SA_2	2	39	50	9670
288_SA_4	4	17	60	9670
287_PR_4	4	18	90	9670
212_SA_3	3	23	40	9670
138_VI_2	-3	40	90	19340
363_VI_5	5	23	10	9672
214_VI_3	3	24	25	9672
215_PR_3	3	25	45	9680
23_SA_1	1	23	90	9734
24_PR_1	1	24	100	9742
289_LC_4	4	19	110	9756
25_PR_1	1	25	90	9804
141_NU_2	-3	41	150	19678
26_NU_1	-2	26	420	19678
27_LC_1	1	27	180	9860
216_SA_3	3	26	80	9889
28_SA_1	1	28	30	9897
29_SA_1	1	29	60	9899
364_PR_5	5	24	1	9918
217_SA_3	3	27	150	9977
365_SA_5	5	25	120	9977
290_SA_4	4	20	60	9977
291_SA_4	4	21	150	10021
292_PR_4	4	22	50	10021
293_PR_4	4	23	165	10021
294_SA_4	-5	24	90	20046
142_LC_2	2	42	50	10030
218_SA_3	-4	28	120	20186
219_SA_3	-4	29	90	20186
143_SA_2	2	43	180	10093
144_SA_2	2	44	90	10102
145_LC_2	2	45	60	10122
146_SA_2	2	46	165	10122
147_LC_2	2	47	30	10122
220_PR_3	3	30	60	10122
30_PR_1	1	30	60	10138
295_LC_4	4	25	60	10146
366_SA_5	5	26	20	10149
32_SA_1	1	31	90	10149
31_SA_1	1	32	90	10149
367_PR_5	5	27	15	10196
33_LC_1	1	33	150	10257
221_PR_3	3	31	35	10257
296_SA_4	4	26	90	10287
222_PR_3	3	32	60	10290
223_PR_3	3	33	40	10292
224_PR_3	3	34	50	10296
34_LC_1	1	34	80	10311
148_SA_2	-3	48	90	20622
368_PR_5	5	28	5	10320
369_SA_5	5	29	120	10325
370_SA_5	5	30	140	10325
225_SA_3	3	35	80	10354
35_SA_1	1	35	105	10354
297_SA_4	4	27	100	10366
36_LC_1	1	36	60	10381
298_PR_4	4	28	120	10418
150_SA_2	2	49	120	10473
149_SA_2	-3	50	235	20946
151_SA_2	2	51	120	10487
38_PR_1	1	37	80	10500
371_PR_5	5	31	30	10500
37_PR_1	-2	38	60	21000
39_LC_1	1	39	90	10504
226_PR_3	3	36	65	10506
372_LC_5	5	32	60	10517
227_LC_3	3	37	120	10539
40_SA_1	1	40	60	10557
228_SA_3	3	38	100	10571
152_LC_2	2	52	1	10591
41_LC_1	1	41	120	10633
42_PR_1	1	42	60	10633
299_LC_4	4	29	60	10674
43_SA_1	1	43	207	10674
300_SA_4	4	30	105	10711
301_SA_4	4	31	75	10725
44_PR_1	-2	44	25	21502
153_PR_2	-3	53	230	21586
302_SA_4	-5	32	90	21620
373_SA_5	5	33	60	10822
154_PR_2	2	54	170	10862
374_PR_5	5	34	105	10862
155_SA_2	2	55	240	10866
375_PR_5	5	35	170	10870
229_SA_3	3	39	60	10901
156_PR_2	-3	56	80	21826
45_VI_1	-2	45	75	21834
46_SA_1	1	46	90	10918
47_SA_1	1	47	90	10918
230_PR_3	3	40	30	10983
303_LC_4	4	33	60	11022
376_PR_5	5	36	75	11033
304_VI_4	4	34	120	11036
231_SA_3	3	41	80	11036
49_SA_1	1	48	60	11036
306_SA_4	4	35	270	11036
305_PR_4	4	36	25	11036
377_PR_5	5	37	30	11036
157_SA_2	2	57	150	11036
48_SA_1	1	49	60	11036
232_PR_3	-4	42	120	22072
307_SA_4	4	37	120	11063
233_SA_3	3	43	40	11067
378_PR_5	5	38	30	11079
234_LC_3	3	44	60	11079
235_LC_3	3	45	120	11119
379_LC_5	5	39	60	11125
50_LC_1	1	50	80	11141
158_PR_2	2	58	85	11151
236_VI_3	3	46	90	11198
308_PR_4	4	38	30	11212
237_PR_3	3	47	70	11212
159_SA_2	2	59	55	11227
51_SA_1	1	51	90	11227
160_PR_2	2	60	60	11266
309_PR_4	4	39	60	11288
310_PR_4	4	40	120	11288
161_LC_2	-3	61	180	22596
238_SA_3	3	48	60	11316
162_SA_2	2	62	1	11318
239_SA_3	-4	49	180	22654
52_PR_1	1	52	30	11334
240_PR_3	3	50	60	11334
53_NU_1	1	53	90	11336
311_PR_4	4	41	60	11337
241_SA_3	3	51	20	11348
55_LC_1	1	54	60	11374
54_LC_1	-2	55	60	22748
312_PR_4	4	42	50	11383
56_LC_1	1	56	150	11385
313_PR_4	4	43	50	11405
163_PR_2	2	63	120	11405
164_NU_2	2	64	90	11474
314_SA_4	4	44	20	11493
380_LC_5	5	40	234	11496
59_SA_1	1	57	60	11506
57_SA_1	1	58	60	11506
58_SA_1	1	59	60	11506
165_SA_2	2	65	120	11526
60_LC_1	1	60	90	11534
167_SA_2	2	66	60	11535
64_SA_1	1	61	10	11535
62_SA_1	1	62	150	11535
61_SA_1	1	63	30	11535
166_SA_2	2	67	40	11535
65_SA_1	1	64	30	11535
63_SA_1	1	65	75	11535
381_SA_5	5	41	60	11535
242_LC_3	3	52	40	11575
315_SA_4	4	45	180	11615
316_NU_4	4	46	60	11625
66_PR_1	1	66	75	11635
168_SA_2	2	68	60	11639
67_SA_1	1	67	60	11654
317_LC_4	4	47	45	11658
243_SA_3	3	53	120	11660
318_SA_4	4	48	240	11660
68_SA_1	1	68	120	11666
69_VI_1	1	69	60	11673
382_PR_5	5	42	30	11710
319_PR_4	4	49	90	11724
71_PR_1	-2	70	520	23524
70_SA_1	1	71	180	11762
170_SA_2	2	69	120	11762
244_SA_3	3	54	80	11762
169_LC_2	2	70	135	11762
171_PR_2	2	71	65	11764
172_NU_2	2	72	60	11770
321_SA_4	4	50	240	11785
383_SA_5	5	43	240	11785
73_PR_1	1	72	120	11785
72_SA_1	1	73	195	11785
320_SA_4	4	51	120	11785
322_SA_4	4	52	90	11785
245_SA_3	3	55	160	11786
384_SA_5	5	44	240	11786
323_SA_4	4	53	120	11786
246_LC_3	3	56	100	11788
247_SA_3	3	57	90	11788
74_SA_1	-2	74	60	23616
75_SA_1	1	75	75	11811
174_SA_2	-3	73	360	23622
173_SA_2	2	74	55	11811
175_SA_2	2	75	90	11811
385_SA_5	5	45	60	11811
248_SA_3	-4	58	60	23628
176_SA_2	2	76	90	11818
177_PR_2	2	77	50	11835
249_SA_3	3	59	75	11842
76_SA_1	1	76	100	11850
250_SA_3	3	60	60	11850
77_SA_1	1	77	120	11850
178_NU_2	2	78	20	11909
324_SA_4	4	54	130	11921
325_PR_4	4	55	180	11959
386_SA_5	5	46	90	11985
179_PR_2	-3	79	100	24136
251_PR_3	3	61	60	12090
180_LC_2	2	80	60	12166
326_SA_4	4	56	1	12229
78_SA_1	1	78	60	12229
79_SA_1	1	79	100	12229
181_LC_2	2	81	120	12229
252_SA_3	-4	62	55	24458
387_SA_5	5	47	90	12231
80_SA_1	1	80	90	12234
81_SA_1	1	81	60	12236
388_SA_5	5	48	60	12255
389_SA_5	5	49	90	12264
253_SA_3	3	63	60	12264
82_VI_1	1	82	30	12265
390_LC_5	5	50	180	12366
255_PR_3	3	64	150	12401
254_PR_3	3	65	60	12401
256_PR_3	3	66	90	12424
257_SA_3	3	67	5	12467
258_SA_3	3	68	120	12497
83_SA_1	1	83	240	12497
327_SA_4	4	57	120	12507
84_LC_1	1	84	15	12517
85_PR_1	1	85	70	12535
86_PR_1	1	86	90	12551
259_SA_3	3	69	110	12552
260_SA_3	3	70	120	12562
261_SA_3	3	71	90	12619
87_SA_1	1	87	60	12631
262_SA_3	3	72	120	12631
88_LC_1	1	88	120	12667
328_LC_4	4	58	120	12779
329_LC_4	4	59	90	12779
182_LC_2	2	82	60	12805
183_NU_2	2	83	20	12854
263_SA_3	3	73	60	12862
184_SA_2	2	84	15	12862
185_SA_2	2	85	35	12891
331_SA_4	4	60	160	12891
330_SA_4	4	61	120	12891
264_SA_3	3	74	65	12898
186_PR_2	2	86	120	12913
187_SA_2	2	87	210	12953
89_PR_1	1	89	70	12959
90_SA_1	1	90	90	12969
391_LC_5	5	51	75	12997
393_PR_5	5	52	150	13092
91_PR_1	1	91	120	13092
392_PR_5	5	53	35	13092
188_VI_2	2	88	100	13100
332_PR_4	4	62	120	13103
265_PR_3	3	75	100	13129
92_SA_1	1	92	60	13144
333_VI_4	4	63	90	13169
394_PR_5	5	54	75	13191
93_SA_1	-2	93	90	26460
94_NU_1	1	94	160	13232
95_SA_1	1	95	140	13234
334_SA_4	4	64	30	13235
96_VI_1	1	96	50	13285
98_PR_1	1	97	10	13345
97_PR_1	1	98	20	13345
335_SA_4	4	65	30	13367
266_SA_3	3	76	80	13392
99_SA_1	1	99	75	13572
267_NU_3	3	77	50	13597
336_VI_4	4	66	240	13647
337_PR_4	4	67	1	13776
395_SA_5	5	55	90	13844
338_SA_4	4	68	60	13844
396_SA_5	5	56	60	13846
397_SA_5	5	57	10	13846
268_SA_3	3	78	90	14034
398_NU_5	5	58	150	14163
340_SA_4	4	69	60	14163
339_SA_4	4	70	140	14163
189_PR_2	2	89	80	14163
399_SA_5	5	59	60	14240
190_SA_2	2	90	30	14240
100_PR_1	1	100	60	14548
269_SA_3	3	79	40	14608
400_PR_5	5	60	45	14743
270_PR_3	3	80	75	15005
