Iter 101
MasterProb = 124177

s [*] :=
1   38
2   83
3   95
4  101
5  102
;

SubProb = -776.388
d = 0

distanceCost*(sum{l in 1 .. Lcap - 1} t[l]) = 2035

Iter 102
MasterProb = 124056

s [*] :=
1   61
2    9
3   65
4  101
5  102
;

SubProb = -1655.6
d = 0

distanceCost*(sum{l in 1 .. Lcap - 1} t[l]) = 1760

Iter 103
MasterProb = 124056

s [*] :=
1   22
2   83
3   95
4  101
5  102
;

SubProb = 4.41503
d = 0

distanceCost*(sum{l in 1 .. Lcap - 1} t[l]) = 2035

Problema Entero
MasterProb = 201922

fo1 = 92230
fo2 = 109692

x[j] [*] :=
 70  1
 95  1
105  1
111  1
148  1
203  1
209  1
266  1
298  1
329  1
358  1
367  1
389  1
416  1
453  1
470  1
475  1
537  1
559  1
571  1
;

aa[i,j] [*,*]
:    70  95 105 111 148 203 209 266 298 329 358 367 389 416 453 470 475 537 559 :=
1     0   0   0   0   0   0   0   0   0   0   0   0   0   0   0   0   0   0   0
2     0   0   0   0   0   0   0   0   0   0   0   0   0   0   0   0   0   0   0
3     0   0   0   0   0   0   0   0   0   0   0   0   0   0   1   0   0   0   0
4     0   0   0   0   0   0   0   0   0   0   0   0   0   0   0   0   0   0   0
5     0   0   0   0   0   0   0   0   0   0   0   0   0   0   1   0   0   0   0
6     0   0   0   0   1   0   0   0   0   0   0   0   0   0   0   0   0   0   0
7     0   0   0   0   0   0   0   0   0   0   0   0   0   0   0   0   0   0   0
8     0   0   0   0   0   0   0   0   0   0   1   0   0   0   0   0   0   0   0
9     0   0   0   0   0   0   0   0   0   0   0   0   0   0   0   0   0   0   0
10    0   0   0   0   0   1   0   0   0   0   0   0   0   0   0   0   0   0   0
11    0   0   0   0   0   1   0   0   0   0   0   0   0   0   0   0   0   0   0
12    0   0   0   0   1   0   0   0   0   0   0   0   0   0   0   0   0   0   0
13    0   0   0   0   0   0   0   1   0   0   0   0   0   0   0   0   0   0   0
14    0   0   0   0   0   0   0   0   0   0   0   0   0   0   0   0   0   0   0
15    0   0   0   0   0   0   0   0   0   0   0   0   0   0   0   0   0   0   0
16    0   0   0   0   0   0   0   0   0   0   1   0   0   0   0   0   0   0   0
17    0   0   0   0   0   0   1   0   0   0   0   0   0   0   0   0   0   0   0
18    0   0   0   0   0   0   0   0   0   0   0   0   1   0   0   0   0   0   0
19    0   0   0   0   0   0   0   0   1   0   0   0   0   0   0   0   0   0   0
20    0   0   0   0   0   0   0   0   0   0   0   0   0   0   0   0   1   0   0
21    0   0   0   1   0   0   0   0   0   0   0   0   0   0   0   0   0   0   0
22    0   0   0   0   0   0   0   0   0   0   0   0   0   1   0   0   0   0   0
23    0   0   0   0   0   0   0   0   0   0   0   0   0   0   0   0   0   0   0
24    0   0   0   0   0   0   0   0   0   0   0   0   0   1   0   0   0   0   0
25    0   0   0   0   0   0   0   0   0   0   0   0   0   0   0   0   0   0   0
26    0   0   0   0   0   0   0   0   0   0   0   0   0   0   0   0   0   0   0
27    0   0   0   0   0   0   0   0   0   0   0   0   0   0   0   0   0   0   1
28    0   0   0   0   0   1   0   0   0   0   0   0   0   0   0   0   0   0   0
29    0   0   0   0   0   0   1   0   0   0   0   0   0   0   0   0   0   0   0
30    0   0   0   0   0   0   0   0   0   0   0   0   0   0   0   0   0   0   1
31    0   0   0   0   0   0   0   0   0   0   0   0   0   0   1   0   0   0   0
32    0   0   0   0   0   0   0   0   0   0   0   0   0   0   0   0   0   1   0
33    0   0   0   0   1   0   0   0   0   0   0   0   0   0   0   0   0   0   0
34    0   0   0   0   0   0   0   1   0   0   0   0   0   0   0   0   0   0   0
35    0   0   0   0   0   0   0   0   0   0   0   0   0   0   0   1   0   0   0
36    0   0   0   0   0   0   0   0   0   0   0   0   0   0   0   0   0   0   0
37    0   0   0   0   0   0   0   0   0   0   0   0   0   0   0   0   0   0   0
38    0   0   0   0   0   0   0   0   0   0   0   0   1   0   0   0   0   0   0
39    0   0   0   0   0   0   0   0   0   1   0   0   0   0   0   0   0   0   0
40    0   0   0   0   0   0   0   0   0   0   0   0   0   0   0   1   0   0   0
41    0   0   0   0   0   0   0   0   0   0   0   0   0   0   0   0   0   1   0
42    0   0   0   0   0   0   0   1   0   0   0   0   0   0   0   0   0   0   0
43    0   0   1   0   0   0   0   0   0   0   0   0   0   0   0   0   0   0   0
44    0   0   1   0   0   0   0   0   0   0   0   0   0   0   0   0   0   0   0
45    0   0   0   0   0   0   0   1   0   0   0   0   0   0   0   0   0   0   0
46    0   0   0   0   0   0   1   0   0   0   0   0   0   0   0   0   0   0   0
47    0   0   0   0   1   0   0   0   0   0   0   0   0   0   0   0   0   0   0
48    0   0   0   0   0   0   1   0   0   0   0   0   0   0   0   0   0   0   0
49    0   0   0   0   0   0   0   0   0   0   0   1   0   0   0   0   0   0   0
50    0   0   0   0   0   0   0   0   0   0   0   0   0   0   0   0   0   0   1
51    0   0   0   0   0   0   0   0   0   0   0   0   0   0   0   0   1   0   0
52    0   0   0   0   0   0   0   0   0   0   0   1   0   0   0   0   0   0   0
53    0   0   0   0   0   0   0   1   0   0   0   0   0   0   0   0   0   0   0
54    0   0   0   0   0   0   0   0   0   0   0   0   1   0   0   0   0   0   0
55    0   0   0   0   0   0   0   0   0   0   0   0   0   0   0   0   1   0   0
56    0   0   0   0   0   0   0   0   0   1   0   0   0   0   0   0   0   0   0
57    0   0   1   0   0   0   0   0   0   0   0   0   0   0   0   0   0   0   0
58    0   0   0   0   0   0   0   0   0   0   0   0   0   0   0   0   1   0   0
59    0   0   0   0   0   0   0   0   1   0   0   0   0   0   0   0   0   0   0
60    0   0   0   0   0   0   0   0   0   0   0   0   0   0   0   0   1   0   0
61    0   0   0   0   0   0   0   0   0   0   0   0   0   0   0   0   0   1   0
62    0   0   0   0   0   0   0   0   0   0   0   0   1   0   0   0   0   0   0
63    0   0   0   0   0   0   0   0   1   0   0   0   0   0   0   0   0   0   0
64    0   0   0   0   0   0   0   0   0   0   1   0   0   0   0   0   0   0   0
65    0   0   0   0   1   0   0   0   0   0   0   0   0   0   0   0   0   0   0
66    0   0   1   0   0   0   0   0   0   0   0   0   0   0   0   0   0   0   0
67    0   0   0   1   0   0   0   0   0   0   0   0   0   0   0   0   0   0   0
68    0   0   0   0   0   0   0   0   0   0   0   0   0   0   0   1   0   0   0
69    0   0   1   0   0   0   0   0   0   0   0   0   0   0   0   0   0   0   0
70    1   0   0   0   0   0   0   0   0   0   0   0   0   0   0   0   0   0   0
71    0   0   0   1   0   0   0   0   0   0   0   0   0   0   0   0   0   0   0
72    0   0   0   0   0   0   0   0   0   0   1   0   0   0   0   0   0   0   0
73    0   0   0   0   0   0   0   0   0   0   0   1   0   0   0   0   0   0   0
74    0   0   0   0   0   0   1   0   0   0   0   0   0   0   0   0   0   0   0
75    0   0   0   0   0   0   0   0   0   0   1   0   0   0   0   0   0   0   0
76    0   0   0   0   0   0   0   0   0   0   0   0   0   0   0   0   0   1   0
77    0   0   0   0   0   0   0   0   0   0   0   0   0   0   0   1   0   0   0
78    0   0   0   0   0   0   0   0   0   1   0   0   0   0   0   0   0   0   0
79    0   0   0   0   0   0   0   0   0   0   0   0   0   0   0   0   0   0   0
80    0   0   0   0   0   0   0   0   0   0   0   1   0   0   0   0   0   0   0
81    0   0   0   0   0   0   0   0   0   0   0   0   0   0   1   0   0   0   0
82    0   0   0   0   0   0   0   0   0   1   0   0   0   0   0   0   0   0   0
83    0   0   0   0   0   1   0   0   0   0   0   0   0   0   0   0   0   0   0
84    0   0   0   0   0   0   0   0   0   0   0   0   0   0   0   0   0   0   0
85    0   0   0   0   0   0   0   0   0   0   0   0   0   0   0   1   0   0   0
86    0   0   0   0   0   0   0   0   1   0   0   0   0   0   0   0   0   0   0
87    0   0   0   0   0   0   0   0   1   0   0   0   0   0   0   0   0   0   0
88    0   0   0   0   0   0   0   0   0   0   0   0   0   0   0   0   0   0   1
89    0   0   0   0   0   0   0   0   0   1   0   0   0   0   0   0   0   0   0
90    0   0   0   1   0   0   0   0   0   0   0   0   0   0   0   0   0   0   0
91    0   0   0   0   0   0   0   0   0   0   0   0   0   1   0   0   0   0   0
92    0   0   0   1   0   0   0   0   0   0   0   0   0   0   0   0   0   0   0
93    0   0   0   0   0   0   0   0   0   0   0   0   1   0   0   0   0   0   0
94    0   0   0   0   0   0   0   0   0   0   0   0   0   1   0   0   0   0   0
95    0   1   0   0   0   0   0   0   0   0   0   0   0   0   0   0   0   0   0
96    0   0   0   0   0   0   0   0   0   0   0   0   0   0   0   0   0   1   0
97    0   0   0   0   0   0   0   0   0   0   0   1   0   0   0   0   0   0   0
98    0   0   0   0   0   1   0   0   0   0   0   0   0   0   0   0   0   0   0
99    0   0   0   0   0   0   0   0   0   0   0   0   0   0   1   0   0   0   0
100   0   0   0   0   0   0   0   0   0   0   0   0   0   0   0   0   0   0   0

:   571    :=
1     0
2     0
3     0
4     1
5     0
6     0
7     0
8     0
9     0
10    0
11    0
12    0
13    0
14    0
15    0
16    0
17    0
18    0
19    0
20    0
21    0
22    0
23    0
24    0
25    0
26    0
27    0
28    0
29    0
30    0
31    0
32    0
33    0
34    0
35    0
36    0
37    1
38    0
39    0
40    0
41    0
42    0
43    0
44    0
45    0
46    0
47    0
48    0
49    0
50    0
51    0
52    0
53    0
54    0
55    0
56    0
57    0
58    0
59    0
60    0
61    0
62    0
63    0
64    0
65    0
66    0
67    0
68    0
69    0
70    0
71    0
72    0
73    0
74    0
75    0
76    0
77    0
78    0
79    1
80    0
81    0
82    0
83    0
84    1
85    0
86    0
87    0
88    0
89    0
90    0
91    0
92    0
93    0
94    0
95    0
96    0
97    0
98    0
99    0
100   1
;

vi[i] [*] :=
 1  1
 2  1
 7  1
 9  1
14  1
15  1
23  1
25  1
26  1
36  1
;

:   x[i]   c[i] travel[i] delay[i]    :=
70    1       0       0         0
95    1       0       0         0
105   1    4535    3575       960
111   1    9585    3905      5680
148   1    6795    4235      2560
203   1    3795    3795         0
209   1    7185    3905      3280
266   1    4235    4235         0
298   1    4515    3795       720
329   1    3740    3740         0
358   1    4070    4070         0
367   1    4345    4345         0
389   1    8130    4290      3840
416   1    1925    1925         0
453   1    3520    3520         0
470   1    8915    3795      5120
475   1    5665    5665         0
537   1    4840    4840         0
559   1    2145    2145         0
571   1    4290    4290         0
;

