#Nombre	DiaAten	ModelId		T.Servicio	Penalty
191_PR_3	-4	1	60	1248
101_PR_2	2	1	60	624
1_PR_1	-2	1	90	1308
341_SA_5	-6	1	70	1476
102_SA_2	-3	2	120	1842
2_SA_1	-2	2	90	2142
103_SA_2	-3	3	120	2932
104_LC_2	-3	4	120	3304
271_PR_4	-5	1	60	3310
105_LC_2	-3	5	200	4110
342_PR_5	5	2	60	2551
192_PR_3	-4	2	130	5654
193_LC_3	3	3	70	3344
272_LC_4	-5	2	130	7030
273_LC_4	4	3	90	3704
343_LC_5	5	3	45	4494
274_SA_4	4	4	60	4961
3_SA_1	1	3	75	5543
106_NU_2	2	6	75	5619
107_PR_2	2	7	30	5622
344_LC_5	5	4	120	6246
108_LC_2	2	8	10	6246
345_SA_5	5	5	150	6668
194_PR_3	3	4	20	6725
4_LC_1	1	4	120	6766
195_SA_3	3	5	150	6828
5_SA_1	1	5	90	7970
197_SA_3	3	6	120	7970
346_LC_5	5	6	70	7970
199_SA_3	3	7	80	7970
196_PR_3	-4	8	45	15940
198_SA_3	3	9	60	7970
6_SA_1	1	6	30	8006
200_SA_3	3	10	60	8006
201_LC_3	-4	11	270	16012
347_SA_5	5	7	20	8048
7_SA_1	-2	7	290	16552
202_SA_3	3	12	180	8276
8_SA_1	1	8	60	8276
110_SA_2	-3	9	120	16552
111_SA_2	2	10	120	8276
112_SA_2	-3	11	60	16552
109_SA_2	-3	12	110	16552
114_SA_2	2	13	60	8276
113_SA_2	-3	14	60	16552
203_SA_3	3	13	45	8276
115_PR_2	2	15	90	8331
348_SA_5	5	8	60	8457
349_SA_5	5	9	15	8457
9_SA_1	-2	9	360	17134
10_SA_1	1	10	60	8567
13_SA_1	1	11	60	8567
14_SA_1	1	12	90	8567
350_SA_5	5	10	180	8567
12_SA_1	1	13	75	8567
204_SA_3	3	14	80	8567
205_SA_3	3	15	60	8567
352_PR_5	5	11	70	8567
11_SA_1	-2	14	120	17134
275_SA_4	4	5	90	8567
276_SA_4	4	6	60	8567
277_SA_4	4	7	120	8567
120_SA_2	2	16	55	8567
279_SA_4	4	8	300	8567
280_NU_4	4	9	60	8567
119_SA_2	2	17	60	8567
124_SA_2	2	18	30	8567
121_LC_2	2	19	45	8567
122_SA_2	2	20	50	8567
351_SA_5	5	12	60	8567
118_SA_2	-3	21	120	17134
278_PR_4	4	10	150	8567
116_SA_2	2	22	60	8567
117_SA_2	-3	23	140	17134
123_SA_2	2	24	50	8567
15_SA_1	-2	15	240	17206
125_SA_2	2	25	60	8982
281_PR_4	4	11	70	8982
282_LC_4	4	12	90	9060
127_PR_2	2	26	80	9883
206_PR_3	3	16	35	9883
126_PR_2	2	27	180	9883
353_SA_5	5	13	5	10087
354_PR_5	5	14	30	10558
16_SA_1	1	16	110	10837
207_SA_3	3	17	50	10837
128_SA_2	2	28	120	10888
17_NU_1	1	17	180	11270
129_NU_2	2	29	120	11270
283_SA_4	4	13	180	11613
355_LC_5	5	15	150	11749
130_SA_2	-3	30	90	23498
356_SA_5	5	16	150	12301
131_PR_2	-3	31	215	24648
18_SA_1	1	18	90	12731
208_SA_3	3	18	90	12731
209_SA_3	3	19	45	12731
132_SA_2	2	32	20	12731
19_SA_1	1	19	180	13261
210_SA_3	3	20	180	13261
284_SA_4	4	14	240	13261
134_SA_2	2	33	60	13461
133_SA_2	2	34	90	13461
357_SA_5	5	17	60	13461
285_SA_4	4	15	60	13471
135_SA_2	2	35	60	14025
20_SA_1	1	20	60	14025
136_LC_2	2	36	30	14180
286_PR_4	4	16	60	14432
360_LC_5	5	18	10	14432
358_PR_5	5	19	70	14432
137_PR_2	2	37	150	14432
359_LC_5	5	20	10	14432
361_SA_5	5	21	10	14432
21_NU_1	1	21	90	14807
211_NU_3	3	21	40	14807
362_PR_5	5	22	240	14957
22_PR_1	1	22	60	15112
213_LC_3	3	22	90	15112
139_PR_2	2	38	60	15112
140_SA_2	2	39	50	15112
288_SA_4	4	17	60	15112
287_PR_4	4	18	90	15112
212_SA_3	3	23	40	15112
138_VI_2	2	40	90	15112
363_VI_5	5	23	10	15420
214_VI_3	3	24	25	15420
215_PR_3	3	25	45	15551
23_SA_1	-2	23	90	31804
24_PR_1	1	24	100	15944
289_LC_4	4	19	110	16105
25_PR_1	-2	25	90	32392
141_NU_2	2	41	150	16232
26_NU_1	-2	26	420	32464
27_LC_1	1	27	180	16343
216_SA_3	3	26	80	16462
28_SA_1	1	28	30	16835
29_SA_1	1	29	60	17661
364_PR_5	5	24	1	17912
217_SA_3	3	27	150	18194
365_SA_5	5	25	120	18194
290_SA_4	4	20	60	18194
291_SA_4	4	21	150	19436
292_PR_4	4	22	50	19442
293_PR_4	4	23	165	19442
294_SA_4	4	24	90	19615
142_LC_2	2	42	50	19894
218_SA_3	3	28	120	20182
219_SA_3	3	29	90	20182
143_SA_2	2	43	180	20182
144_SA_2	2	44	90	20237
145_LC_2	2	45	60	20333
146_SA_2	2	46	165	20333
147_LC_2	2	47	30	20333
220_PR_3	3	30	60	20333
30_PR_1	1	30	60	20395
295_LC_4	4	25	60	21582
366_SA_5	5	26	20	22235
32_SA_1	1	31	90	22831
31_SA_1	1	32	90	22831
367_PR_5	5	27	15	23405
33_LC_1	1	33	150	23481
221_PR_3	3	31	35	23503
296_SA_4	4	26	90	23761
222_PR_3	3	32	60	24343
223_PR_3	3	33	40	24546
224_PR_3	3	34	50	24583
34_LC_1	1	34	80	24626
148_SA_2	2	48	90	24663
368_PR_5	5	28	5	24720
369_SA_5	5	29	120	25095
370_SA_5	5	30	140	25095
225_SA_3	3	35	80	25235
35_SA_1	1	35	105	25235
297_SA_4	4	27	100	25434
36_LC_1	-2	36	60	51248
298_PR_4	4	28	120	25691
150_SA_2	2	49	120	25692
149_SA_2	2	50	235	25692
151_SA_2	2	51	120	25793
38_PR_1	1	37	80	25925
371_PR_5	5	31	30	25925
37_PR_1	1	38	60	25925
39_LC_1	1	39	90	25935
226_PR_3	3	36	65	27014
372_LC_5	5	32	60	27135
227_LC_3	3	37	120	27375
40_SA_1	1	40	60	27684
228_SA_3	3	38	100	27875
152_LC_2	2	52	1	28042
41_LC_1	1	41	120	28154
42_PR_1	1	42	60	28154
299_LC_4	4	29	60	28239
43_SA_1	1	43	207	28321
300_SA_4	4	30	105	28956
301_SA_4	4	31	75	28977
44_PR_1	1	44	25	29292
153_PR_2	2	53	230	29381
302_SA_4	4	32	90	29448
373_SA_5	5	33	60	29888
154_PR_2	2	54	170	30236
374_PR_5	5	34	105	30236
155_SA_2	2	55	240	30332
375_PR_5	5	35	170	30713
229_SA_3	3	39	60	30809
156_PR_2	2	56	80	31075
45_VI_1	1	45	75	31360
46_SA_1	1	46	90	31998
47_SA_1	1	47	90	31998
230_PR_3	3	40	30	32523
303_LC_4	4	33	60	32677
376_PR_5	5	36	75	33013
304_VI_4	4	34	120	33323
231_SA_3	3	41	80	33323
49_SA_1	1	48	60	33323
306_SA_4	4	35	270	33323
305_PR_4	4	36	25	33323
377_PR_5	5	37	30	33323
157_SA_2	2	57	150	33323
48_SA_1	1	49	60	33323
232_PR_3	3	42	120	33323
307_SA_4	4	37	120	33987
233_SA_3	3	43	40	34382
378_PR_5	5	38	30	34403
234_LC_3	3	44	60	34471
235_LC_3	3	45	120	34540
379_LC_5	5	39	60	35007
50_LC_1	1	50	80	35244
158_PR_2	2	58	85	35937
236_VI_3	3	46	90	36005
308_PR_4	4	38	30	36322
237_PR_3	3	47	70	36322
159_SA_2	2	59	55	36408
51_SA_1	1	51	90	36408
160_PR_2	2	60	60	36437
309_PR_4	4	39	60	37056
310_PR_4	4	40	120	37056
161_LC_2	2	61	180	37761
238_SA_3	3	48	60	37789
162_SA_2	2	62	1	38529
239_SA_3	3	49	180	38802
52_PR_1	1	52	30	38830
240_PR_3	3	50	60	38830
53_NU_1	1	53	90	38996
311_PR_4	4	41	60	39463
241_SA_3	3	51	20	39744
55_LC_1	1	54	60	41677
54_LC_1	1	55	60	41677
312_PR_4	4	42	50	41678
56_LC_1	1	56	150	41924
313_PR_4	4	43	50	42915
163_PR_2	2	63	120	42915
164_NU_2	2	64	90	43029
314_SA_4	4	44	20	43748
380_LC_5	5	40	234	44104
59_SA_1	1	57	60	44220
57_SA_1	1	58	60	44220
58_SA_1	1	59	60	44220
165_SA_2	2	65	120	44770
60_LC_1	1	60	90	44965
167_SA_2	2	66	60	44989
64_SA_1	1	61	10	44989
62_SA_1	1	62	150	44989
61_SA_1	1	63	30	44989
166_SA_2	2	67	40	44989
65_SA_1	1	64	30	44989
63_SA_1	1	65	75	44989
381_SA_5	5	41	60	44989
242_LC_3	3	52	40	45370
315_SA_4	4	45	180	45511
316_NU_4	4	46	60	45772
66_PR_1	1	66	75	45839
168_SA_2	2	68	60	46034
67_SA_1	1	67	60	46121
317_LC_4	4	47	45	46132
243_SA_3	3	53	120	46140
318_SA_4	4	48	240	46140
68_SA_1	1	68	120	46874
69_VI_1	1	69	60	47111
382_PR_5	5	42	30	47190
319_PR_4	4	49	90	47953
71_PR_1	1	70	520	48887
70_SA_1	1	71	180	48887
170_SA_2	2	69	120	48887
244_SA_3	3	54	80	48887
169_LC_2	2	70	135	48887
171_PR_2	2	71	65	48928
172_NU_2	2	72	60	49411
321_SA_4	4	50	240	49536
383_SA_5	5	43	240	49536
73_PR_1	1	72	120	49536
72_SA_1	1	73	195	49536
320_SA_4	4	51	120	49536
322_SA_4	4	52	90	49536
245_SA_3	3	55	160	50306
384_SA_5	5	44	240	50306
323_SA_4	4	53	120	50306
246_LC_3	3	56	100	50662
247_SA_3	3	57	90	52111
74_SA_1	1	74	60	52363
75_SA_1	1	75	75	53479
174_SA_2	2	73	360	53479
173_SA_2	2	74	55	53479
175_SA_2	2	75	90	53479
385_SA_5	5	45	60	53479
248_SA_3	3	58	60	54937
176_SA_2	2	76	90	55169
177_PR_2	2	77	50	55379
249_SA_3	3	59	75	56536
76_SA_1	1	76	100	56958
250_SA_3	3	60	60	57723
77_SA_1	1	77	120	57723
178_NU_2	2	78	20	58334
324_SA_4	4	54	130	58670
325_PR_4	4	55	180	59118
386_SA_5	5	46	90	59637
179_PR_2	2	79	100	60393
251_PR_3	3	61	60	62071
180_LC_2	2	80	60	62845
326_SA_4	4	56	1	63153
78_SA_1	1	78	60	63153
79_SA_1	1	79	100	63153
181_LC_2	2	81	120	63153
252_SA_3	3	62	55	63153
387_SA_5	5	47	90	63945
80_SA_1	1	80	90	64218
81_SA_1	1	81	60	64517
388_SA_5	5	48	60	66280
389_SA_5	5	49	90	66459
253_SA_3	3	63	60	66459
82_VI_1	1	82	30	66805
390_LC_5	5	50	180	67300
255_PR_3	3	64	150	68180
254_PR_3	3	65	60	68180
256_PR_3	3	66	90	68235
257_SA_3	3	67	5	68248
258_SA_3	3	68	120	68442
83_SA_1	1	83	240	68442
327_SA_4	4	57	120	68772
84_LC_1	1	84	15	70168
85_PR_1	1	85	70	70529
86_PR_1	1	86	90	71627
259_SA_3	3	69	110	71842
260_SA_3	3	70	120	72723
261_SA_3	3	71	90	72976
87_SA_1	1	87	60	73130
262_SA_3	3	72	120	73130
88_LC_1	1	88	120	73727
328_LC_4	4	58	120	74020
329_LC_4	4	59	90	74020
182_LC_2	2	82	60	74145
183_NU_2	2	83	20	75014
263_SA_3	3	73	60	75164
184_SA_2	2	84	15	75164
185_SA_2	2	85	35	75552
331_SA_4	4	60	160	75552
330_SA_4	4	61	120	75552
264_SA_3	3	74	65	76079
186_PR_2	2	86	120	76146
187_SA_2	2	87	210	76311
89_PR_1	1	89	70	76938
90_SA_1	1	90	90	77758
391_LC_5	5	51	75	77999
393_PR_5	5	52	150	78636
91_PR_1	1	91	120	78636
392_PR_5	5	53	35	78636
188_VI_2	2	88	100	79269
332_PR_4	4	62	120	79687
265_PR_3	3	75	100	80220
92_SA_1	1	92	60	80244
333_VI_4	4	63	90	80334
394_PR_5	5	54	75	80670
93_SA_1	1	93	90	80727
94_NU_1	1	94	160	81688
95_SA_1	1	95	140	81861
334_SA_4	4	64	30	82068
96_VI_1	1	96	50	84075
98_PR_1	1	97	10	85438
97_PR_1	1	98	20	85438
335_SA_4	4	65	30	86123
266_SA_3	3	76	80	86950
99_SA_1	1	99	75	87793
267_NU_3	3	77	50	89449
336_VI_4	4	66	240	90457
337_PR_4	4	67	1	90754
395_SA_5	5	55	90	92205
338_SA_4	4	68	60	92205
396_SA_5	5	56	60	95753
397_SA_5	5	57	10	95753
268_SA_3	3	78	90	96478
398_NU_5	5	58	150	98507
340_SA_4	4	69	60	98507
339_SA_4	4	70	140	98507
189_PR_2	2	89	80	98507
399_SA_5	5	59	60	100367
190_SA_2	2	90	30	100367
100_PR_1	1	100	60	105411
269_SA_3	3	79	40	107897
400_PR_5	5	60	45	109858
270_PR_3	3	80	75	125000
