#Nombre	DiaAten	ModelId		T.Servicio	Penalty
191_PR_3	-4	1	60	36242
101_PR_2	2	1	60	18121
1_PR_1	1	1	90	18230
341_SA_5	5	1	70	18674
102_SA_2	2	2	120	18905
2_SA_1	1	2	90	19209
103_SA_2	2	3	120	19277
104_LC_2	2	4	120	19294
271_PR_4	4	1	60	20406
105_LC_2	-3	5	200	40930
342_PR_5	5	2	60	20767
192_PR_3	3	2	130	21267
193_LC_3	-4	3	70	42900
272_LC_4	4	2	130	21564
273_LC_4	4	3	90	21893
343_LC_5	5	3	45	22125
274_SA_4	4	4	60	22487
3_SA_1	1	3	75	22880
106_NU_2	2	6	75	23012
107_PR_2	2	7	30	23079
344_LC_5	5	4	120	23128
108_LC_2	2	8	10	23128
345_SA_5	5	5	150	23255
194_PR_3	3	4	20	23334
4_LC_1	1	4	120	23384
195_SA_3	3	5	150	23885
5_SA_1	1	5	90	23899
197_SA_3	3	6	120	23899
346_LC_5	5	6	70	23899
199_SA_3	3	7	80	23899
196_PR_3	3	8	45	23899
198_SA_3	3	9	60	23899
6_SA_1	1	6	30	24182
200_SA_3	3	10	60	24182
201_LC_3	3	11	270	24182
347_SA_5	5	7	20	24187
7_SA_1	-2	7	290	48536
202_SA_3	3	12	180	24268
8_SA_1	1	8	60	24268
110_SA_2	2	9	120	24268
111_SA_2	2	10	120	24268
112_SA_2	2	11	60	24268
109_SA_2	2	12	110	24268
114_SA_2	2	13	60	24268
113_SA_2	2	14	60	24268
203_SA_3	3	13	45	24268
115_PR_2	2	15	90	24395
348_SA_5	5	8	60	24409
349_SA_5	5	9	15	24409
9_SA_1	-2	9	360	49092
10_SA_1	1	10	60	24546
13_SA_1	1	11	60	24546
14_SA_1	1	12	90	24546
350_SA_5	5	10	180	24546
12_SA_1	-2	13	75	49092
204_SA_3	3	14	80	24546
205_SA_3	3	15	60	24546
352_PR_5	5	11	70	24546
11_SA_1	1	14	120	24546
275_SA_4	4	5	90	24546
276_SA_4	4	6	60	24546
277_SA_4	-5	7	120	49092
120_SA_2	2	16	55	24546
279_SA_4	4	8	300	24546
280_NU_4	4	9	60	24546
119_SA_2	2	17	60	24546
124_SA_2	2	18	30	24546
121_LC_2	-3	19	45	49092
122_SA_2	2	20	50	24546
351_SA_5	5	12	60	24546
118_SA_2	-3	21	120	49092
278_PR_4	4	10	150	24546
116_SA_2	2	22	60	24546
117_SA_2	2	23	140	24546
123_SA_2	2	24	50	24546
15_SA_1	1	15	240	24553
125_SA_2	2	25	60	24559
281_PR_4	4	11	70	24559
282_LC_4	4	12	90	24571
127_PR_2	-3	26	80	49462
206_PR_3	3	16	35	24731
126_PR_2	2	27	180	24731
353_SA_5	5	13	5	24840
354_PR_5	5	14	30	24943
16_SA_1	1	16	110	25058
207_SA_3	3	17	50	25058
128_SA_2	2	28	120	25077
17_NU_1	1	17	180	25115
129_NU_2	2	29	120	25115
283_SA_4	4	13	180	25160
355_LC_5	5	15	150	25281
130_SA_2	2	30	90	25281
356_SA_5	5	16	150	25290
131_PR_2	2	31	215	25392
18_SA_1	1	18	90	25433
208_SA_3	3	18	90	25433
209_SA_3	3	19	45	25433
132_SA_2	2	32	20	25433
19_SA_1	1	19	180	25464
210_SA_3	3	20	180	25464
284_SA_4	4	14	240	25464
134_SA_2	2	33	60	25544
133_SA_2	2	34	90	25544
357_SA_5	5	17	60	25544
285_SA_4	4	15	60	25608
135_SA_2	2	35	60	25638
20_SA_1	1	20	60	25638
136_LC_2	-3	36	30	51354
286_PR_4	4	16	60	25678
360_LC_5	5	18	10	25678
358_PR_5	5	19	70	25678
137_PR_2	2	37	150	25678
359_LC_5	5	20	10	25678
361_SA_5	5	21	10	25678
21_NU_1	1	21	90	25685
211_NU_3	3	21	40	25685
362_PR_5	5	22	240	25702
22_PR_1	-2	22	60	51688
213_LC_3	3	22	90	25844
139_PR_2	2	38	60	25844
140_SA_2	2	39	50	25844
288_SA_4	4	17	60	25844
287_PR_4	4	18	90	25844
212_SA_3	3	23	40	25844
138_VI_2	2	40	90	25844
363_VI_5	5	23	10	25856
214_VI_3	3	24	25	25856
215_PR_3	3	25	45	25936
23_SA_1	1	23	90	25951
24_PR_1	1	24	100	25967
289_LC_4	4	19	110	26078
25_PR_1	1	25	90	26086
141_NU_2	2	41	150	26089
26_NU_1	1	26	420	26089
27_LC_1	1	27	180	26163
216_SA_3	3	26	80	26170
28_SA_1	1	28	30	26222
29_SA_1	1	29	60	26238
364_PR_5	5	24	1	26274
217_SA_3	3	27	150	26281
365_SA_5	5	25	120	26281
290_SA_4	4	20	60	26281
291_SA_4	4	21	150	26282
292_PR_4	-5	22	50	52614
293_PR_4	4	23	165	26307
294_SA_4	4	24	90	26408
142_LC_2	2	42	50	26445
218_SA_3	3	28	120	26482
219_SA_3	3	29	90	26482
143_SA_2	2	43	180	26482
144_SA_2	2	44	90	26492
145_LC_2	2	45	60	26515
146_SA_2	2	46	165	26515
147_LC_2	2	47	30	26515
220_PR_3	3	30	60	26515
30_PR_1	1	30	60	26547
295_LC_4	4	25	60	26619
366_SA_5	5	26	20	26665
32_SA_1	1	31	90	26771
31_SA_1	1	32	90	26771
367_PR_5	5	27	15	26826
33_LC_1	1	33	150	26829
221_PR_3	3	31	35	26924
296_SA_4	4	26	90	26944
222_PR_3	3	32	60	27003
223_PR_3	3	33	40	27064
224_PR_3	3	34	50	27067
34_LC_1	1	34	80	27070
148_SA_2	2	48	90	27098
368_PR_5	5	28	5	27141
369_SA_5	5	29	120	27170
370_SA_5	5	30	140	27170
225_SA_3	3	35	80	27307
35_SA_1	1	35	105	27307
297_SA_4	4	27	100	27308
36_LC_1	1	36	60	27370
298_PR_4	4	28	120	27381
150_SA_2	2	49	120	27403
149_SA_2	2	50	235	27403
151_SA_2	2	51	120	27436
38_PR_1	1	37	80	27502
371_PR_5	5	31	30	27502
37_PR_1	1	38	60	27502
39_LC_1	1	39	90	27525
226_PR_3	3	36	65	27541
372_LC_5	5	32	60	27605
227_LC_3	3	37	120	27619
40_SA_1	-2	40	60	55248
228_SA_3	3	38	100	27662
152_LC_2	2	52	1	27688
41_LC_1	1	41	120	27714
42_PR_1	1	42	60	27714
299_LC_4	4	29	60	27773
43_SA_1	1	43	207	27792
300_SA_4	4	30	105	27804
301_SA_4	4	31	75	27813
44_PR_1	1	44	25	27820
153_PR_2	2	53	230	27914
302_SA_4	4	32	90	27934
373_SA_5	5	33	60	27950
154_PR_2	2	54	170	27985
374_PR_5	5	34	105	27985
155_SA_2	2	55	240	28035
375_PR_5	5	35	170	28200
229_SA_3	3	39	60	28256
156_PR_2	2	56	80	28264
45_VI_1	-2	45	75	56556
46_SA_1	1	46	90	28279
47_SA_1	1	47	90	28279
230_PR_3	3	40	30	28344
303_LC_4	4	33	60	28429
376_PR_5	5	36	75	28546
304_VI_4	4	34	120	28589
231_SA_3	3	41	80	28589
49_SA_1	1	48	60	28589
306_SA_4	4	35	270	28589
305_PR_4	4	36	25	28589
377_PR_5	5	37	30	28589
157_SA_2	2	57	150	28589
48_SA_1	1	49	60	28589
232_PR_3	3	42	120	28589
307_SA_4	4	37	120	28618
233_SA_3	3	43	40	28620
378_PR_5	5	38	30	28625
234_LC_3	-4	44	60	57714
235_LC_3	3	45	120	28916
379_LC_5	5	39	60	28932
50_LC_1	1	50	80	28947
158_PR_2	2	58	85	28990
236_VI_3	3	46	90	29032
308_PR_4	4	38	30	29160
237_PR_3	3	47	70	29160
159_SA_2	2	59	55	29221
51_SA_1	1	51	90	29221
160_PR_2	-3	60	60	58562
309_PR_4	4	39	60	29382
310_PR_4	4	40	120	29382
161_LC_2	2	61	180	29497
238_SA_3	3	48	60	29504
162_SA_2	2	62	1	29589
239_SA_3	3	49	180	29616
52_PR_1	1	52	30	29617
240_PR_3	3	50	60	29617
53_NU_1	-2	53	90	59490
311_PR_4	4	41	60	29769
241_SA_3	3	51	20	29794
55_LC_1	1	54	60	29802
54_LC_1	1	55	60	29802
312_PR_4	4	42	50	29830
56_LC_1	1	56	150	29894
313_PR_4	4	43	50	29939
163_PR_2	2	63	120	29939
164_NU_2	2	64	90	29956
314_SA_4	4	44	20	29993
380_LC_5	5	40	234	29999
59_SA_1	1	57	60	30058
57_SA_1	1	58	60	30058
58_SA_1	1	59	60	30058
165_SA_2	2	65	120	30165
60_LC_1	1	60	90	30174
167_SA_2	2	66	60	30219
64_SA_1	1	61	10	30219
62_SA_1	1	62	150	30219
61_SA_1	1	63	30	30219
166_SA_2	2	67	40	30219
65_SA_1	1	64	30	30219
63_SA_1	-2	65	75	60438
381_SA_5	5	41	60	30219
242_LC_3	3	52	40	30272
315_SA_4	4	45	180	30482
316_NU_4	4	46	60	30517
66_PR_1	1	66	75	30563
168_SA_2	2	68	60	30675
67_SA_1	1	67	60	30678
317_LC_4	4	47	45	30691
243_SA_3	3	53	120	30703
318_SA_4	4	48	240	30703
68_SA_1	1	68	120	30742
69_VI_1	1	69	60	30748
382_PR_5	5	42	30	30752
319_PR_4	4	49	90	30809
71_PR_1	1	70	520	30811
70_SA_1	1	71	180	30811
170_SA_2	2	69	120	30811
244_SA_3	3	54	80	30811
169_LC_2	2	70	135	30811
171_PR_2	2	71	65	30820
172_NU_2	2	72	60	30859
321_SA_4	4	50	240	30865
383_SA_5	5	43	240	30865
73_PR_1	1	72	120	30865
72_SA_1	-2	73	195	61730
320_SA_4	4	51	120	30865
322_SA_4	4	52	90	30865
245_SA_3	3	55	160	30916
384_SA_5	5	44	240	30916
323_SA_4	4	53	120	30916
246_LC_3	3	56	100	30997
247_SA_3	3	57	90	31014
74_SA_1	1	74	60	31019
75_SA_1	1	75	75	31094
174_SA_2	-3	73	360	62188
173_SA_2	2	74	55	31094
175_SA_2	2	75	90	31094
385_SA_5	5	45	60	31094
248_SA_3	3	58	60	31115
176_SA_2	2	76	90	31197
177_PR_2	2	77	50	31217
249_SA_3	3	59	75	31309
76_SA_1	1	76	100	31351
250_SA_3	-4	60	60	62800
77_SA_1	1	77	120	31400
178_NU_2	2	78	20	31453
324_SA_4	4	54	130	31490
325_PR_4	4	55	180	31523
386_SA_5	5	46	90	31567
179_PR_2	2	79	100	31616
251_PR_3	3	61	60	31724
180_LC_2	2	80	60	31952
326_SA_4	4	56	1	31964
78_SA_1	1	78	60	31964
79_SA_1	1	79	100	31964
181_LC_2	2	81	120	31964
252_SA_3	3	62	55	31964
387_SA_5	5	47	90	31986
80_SA_1	1	80	90	32008
81_SA_1	1	81	60	32017
388_SA_5	5	48	60	32031
389_SA_5	5	49	90	32126
253_SA_3	3	63	60	32126
82_VI_1	1	82	30	32158
390_LC_5	5	50	180	32257
255_PR_3	3	64	150	32277
254_PR_3	3	65	60	32277
256_PR_3	3	66	90	32387
257_SA_3	3	67	5	32434
258_SA_3	3	68	120	32447
83_SA_1	1	83	240	32447
327_SA_4	4	57	120	32475
84_LC_1	1	84	15	32509
85_PR_1	1	85	70	32526
86_PR_1	-2	86	90	65190
259_SA_3	3	69	110	32609
260_SA_3	3	70	120	32635
261_SA_3	-4	71	90	65348
87_SA_1	1	87	60	32707
262_SA_3	3	72	120	32707
88_LC_1	1	88	120	32868
328_LC_4	4	58	120	33157
329_LC_4	4	59	90	33157
182_LC_2	2	82	60	33193
183_NU_2	2	83	20	33306
263_SA_3	-4	73	60	66706
184_SA_2	2	84	15	33353
185_SA_2	2	85	35	33418
331_SA_4	4	60	160	33418
330_SA_4	4	61	120	33418
264_SA_3	3	74	65	33478
186_PR_2	2	86	120	33543
187_SA_2	-3	87	210	67210
89_PR_1	1	89	70	33622
90_SA_1	1	90	90	33678
391_LC_5	5	51	75	33703
393_PR_5	5	52	150	33728
91_PR_1	1	91	120	33728
392_PR_5	5	53	35	33728
188_VI_2	-3	88	100	67644
332_PR_4	4	62	120	33899
265_PR_3	3	75	100	33913
92_SA_1	1	92	60	33968
333_VI_4	4	63	90	34072
394_PR_5	5	54	75	34079
93_SA_1	1	93	90	34125
94_NU_1	1	94	160	34172
95_SA_1	1	95	140	34634
334_SA_4	4	64	30	34814
96_VI_1	1	96	50	34917
98_PR_1	1	97	10	34986
97_PR_1	1	98	20	34986
335_SA_4	4	65	30	35156
266_SA_3	3	76	80	35479
99_SA_1	-2	99	75	71564
267_NU_3	3	77	50	36178
336_VI_4	4	66	240	36578
337_PR_4	4	67	1	36719
395_SA_5	5	55	90	36972
338_SA_4	4	68	60	36972
396_SA_5	5	56	60	37277
397_SA_5	5	57	10	37277
268_SA_3	3	78	90	37282
398_NU_5	5	58	150	38838
340_SA_4	4	69	60	38838
339_SA_4	4	70	140	38838
189_PR_2	2	89	80	38838
399_SA_5	5	59	60	38928
190_SA_2	2	90	30	38928
100_PR_1	1	100	60	39151
269_SA_3	3	79	40	40245
400_PR_5	5	60	45	40578
270_PR_3	3	80	75	42326
