Iter 101
MasterProb = 166859

s [*] :=
1   71
2   27
3  101
4  102
5  103
;

SubProb = -12072
d = 0

distanceCost*(sum{l in 1 .. Lcap - 1} t[l]) = 1595

Iter 102
MasterProb = 159794

s [*] :=
1  80
2  51
3  46
4   4
5  71
;

SubProb = -12182.9
d = 180

distanceCost*(sum{l in 1 .. Lcap - 1} t[l]) = 4950

Iter 103
MasterProb = 157736

s [*] :=
1  45
2  42
3  53
4  34
5  13
;

SubProb = 1276.32
d = 0

distanceCost*(sum{l in 1 .. Lcap - 1} t[l]) = 4235

Problema Entero
MasterProb = 277499

fo1 = 74145
fo2 = 203354

x[j] [*] :=
 87  1
 95  1
114  1
124  1
132  1
134  1
158  1
162  1
182  1
184  1
192  1
208  1
212  1
229  1
249  1
252  1
277  1
282  1
297  1
299  1
;

aa[i,j] [*,*]
:    87  95 114 124 132 134 158 162 182 184 192 208 212 229 249 252 277 282 297 :=
1     0   0   0   0   0   0   0   0   0   0   0   0   1   0   0   0   0   0   0
2     0   0   0   0   0   0   0   0   0   0   0   0   0   0   0   0   0   0   0
3     0   0   0   0   0   0   0   0   0   0   0   1   0   0   0   0   0   0   0
4     0   0   0   0   0   0   0   0   0   0   0   0   0   0   0   0   0   0   0
5     0   0   0   0   0   0   0   0   0   0   0   0   0   0   0   0   0   0   0
6     0   0   0   0   0   0   0   0   0   0   0   0   0   0   0   0   0   1   0
7     0   0   0   0   0   0   0   0   0   0   0   0   0   0   0   0   0   0   0
8     0   0   0   0   0   0   0   0   0   1   0   0   0   0   0   0   0   0   0
9     0   0   0   0   0   0   0   0   0   0   0   0   0   0   0   0   0   0   0
10    0   0   0   0   0   0   0   0   0   0   0   0   0   0   0   0   0   0   0
11    0   0   0   0   0   0   0   0   0   0   0   0   0   0   0   0   0   0   0
12    0   0   0   0   0   0   0   0   0   0   0   0   0   0   0   0   0   0   0
13    0   0   0   0   0   0   0   0   0   0   0   0   0   0   0   0   0   0   0
14    0   0   0   0   0   0   0   0   0   0   0   0   0   1   0   0   0   0   0
15    0   0   0   0   0   0   0   0   0   0   0   0   0   0   0   0   0   0   0
16    0   0   0   0   0   0   0   0   0   0   0   0   0   0   0   0   0   0   0
17    0   0   0   0   0   0   0   0   0   0   0   0   0   0   0   0   0   0   0
18    0   0   0   0   0   0   0   0   0   0   0   1   0   0   0   0   0   0   0
19    0   0   0   0   0   0   1   0   0   0   0   0   0   0   0   0   0   0   0
20    0   0   0   0   0   0   0   0   0   0   1   0   0   0   0   0   0   0   0
21    0   0   0   0   0   0   0   0   0   0   0   0   0   0   0   0   0   0   0
22    0   0   0   0   1   0   0   0   0   0   0   0   0   0   0   0   0   0   0
23    0   0   0   0   0   0   0   0   0   0   0   0   0   0   0   0   0   0   0
24    0   0   0   0   1   0   0   0   0   0   0   0   0   0   0   0   0   0   0
25    0   0   0   1   0   0   0   0   0   0   0   0   0   0   0   0   0   0   0
26    0   0   0   0   0   0   0   0   0   0   0   0   0   0   0   0   0   0   0
27    0   0   0   0   0   0   0   0   0   0   0   0   0   0   0   0   0   0   1
28    0   0   0   0   0   0   0   0   0   0   0   0   0   0   0   0   1   0   0
29    0   0   1   0   0   0   0   0   0   0   0   0   0   0   0   0   0   0   0
30    0   0   0   0   0   0   0   0   1   0   0   0   0   0   0   0   0   0   0
31    0   0   0   0   0   0   0   0   0   0   0   1   0   0   0   0   0   0   0
32    0   0   0   0   0   0   0   0   0   0   0   0   0   1   0   0   0   0   0
33    0   0   0   0   0   0   0   0   0   0   0   0   1   0   0   0   0   0   0
34    0   0   0   0   0   0   0   0   0   0   0   0   0   0   0   0   0   0   0
35    0   0   0   0   0   0   0   1   0   0   0   0   0   0   0   0   0   0   0
36    0   0   0   0   0   0   0   0   0   0   0   0   0   1   0   0   0   0   0
37    0   0   0   0   0   0   0   0   0   0   0   0   0   0   0   0   0   0   0
38    0   0   0   0   0   0   0   0   0   0   0   0   0   0   1   0   0   0   0
39    0   0   0   0   0   0   0   0   0   0   0   0   0   0   1   0   0   0   0
40    0   0   0   0   0   0   0   1   0   0   0   0   0   0   0   0   0   0   0
41    0   0   0   0   0   0   0   0   0   0   0   0   0   0   0   1   0   0   0
42    0   0   0   0   0   0   0   0   0   0   0   0   0   0   0   0   0   0   0
43    0   0   0   0   0   1   0   0   0   0   0   0   0   0   0   0   0   0   0
44    0   0   0   0   0   0   1   0   0   0   0   0   0   0   0   0   0   0   0
45    0   0   0   0   0   0   0   0   0   0   0   0   0   0   0   0   0   0   0
46    0   0   0   0   0   0   0   0   0   0   0   0   0   0   0   1   0   0   0
47    0   0   0   0   0   0   1   0   0   0   0   0   0   0   0   0   0   0   0
48    0   0   0   0   0   0   0   0   0   0   0   0   0   0   0   0   0   0   0
49    0   0   0   0   0   0   0   0   0   0   0   0   0   0   0   0   1   0   0
50    0   0   0   0   0   0   0   1   0   0   0   0   0   0   0   0   0   0   0
51    0   0   0   0   0   0   0   0   0   0   1   0   0   0   0   0   0   0   0
52    0   0   0   0   0   0   0   0   0   0   0   0   0   0   0   0   0   0   0
53    0   0   0   0   0   0   0   0   0   0   0   0   0   0   0   0   0   0   0
54    0   0   0   0   0   0   0   0   0   0   0   0   1   0   0   0   0   0   0
55    0   0   0   0   0   0   0   0   0   0   1   0   0   0   0   0   0   0   0
56    0   0   0   0   0   0   0   0   0   0   0   0   1   0   0   0   0   0   0
57    0   0   0   0   0   0   0   0   0   0   0   0   0   0   0   0   0   1   0
58    0   0   0   0   0   0   0   0   0   0   1   0   0   0   0   0   0   0   0
59    0   0   0   0   0   0   0   0   1   0   0   0   0   0   0   0   0   0   0
60    0   0   0   0   0   0   0   0   0   0   1   0   0   0   0   0   0   0   0
61    0   0   0   0   0   0   0   0   0   1   0   0   0   0   0   0   0   0   0
62    0   0   0   0   0   0   0   0   0   0   0   0   0   0   0   0   1   0   0
63    0   0   0   0   0   0   0   1   0   0   0   0   0   0   0   0   0   0   0
64    0   0   0   0   0   0   0   0   0   1   0   0   0   0   0   0   0   0   0
65    0   0   0   0   0   0   0   0   0   0   0   0   0   0   0   1   0   0   0
66    0   0   0   0   0   0   0   0   0   0   0   0   0   1   0   0   0   0   0
67    0   0   0   0   0   0   0   0   0   0   0   0   0   0   0   1   0   0   0
68    0   0   0   0   0   0   0   0   0   0   0   1   0   0   0   0   0   0   0
69    0   0   0   0   0   0   0   0   0   0   0   0   0   1   0   0   0   0   0
70    0   0   0   0   0   0   0   0   0   0   0   0   0   0   0   0   0   0   0
71    0   0   0   0   0   0   0   0   0   0   0   0   0   0   0   0   0   0   1
72    0   0   0   0   0   0   0   0   0   1   0   0   0   0   0   0   0   0   0
73    0   0   0   0   0   0   0   0   0   0   0   0   0   0   0   0   0   1   0
74    0   0   0   1   0   0   0   0   0   0   0   0   0   0   0   0   0   0   0
75    0   0   0   1   0   0   0   0   0   0   0   0   0   0   0   0   0   0   0
76    0   0   0   0   0   0   0   0   0   0   0   0   0   0   0   1   0   0   0
77    0   0   1   0   0   0   0   0   0   0   0   0   0   0   0   0   0   0   0
78    0   0   0   0   0   0   0   0   0   0   0   0   0   0   0   0   0   1   0
79    0   0   1   0   0   0   0   0   0   0   0   0   0   0   0   0   0   0   0
80    0   0   0   0   0   0   0   0   0   0   0   0   0   0   0   0   1   0   0
81    0   0   0   1   0   0   0   0   0   0   0   0   0   0   0   0   0   0   0
82    0   0   0   0   0   0   0   1   0   0   0   0   0   0   0   0   0   0   0
83    0   0   0   0   0   1   0   0   0   0   0   0   0   0   0   0   0   0   0
84    0   0   0   0   0   0   0   0   0   0   0   0   1   0   0   0   0   0   0
85    0   0   0   1   0   0   0   0   0   0   0   0   0   0   0   0   0   0   0
86    0   0   1   0   0   0   0   0   0   0   0   0   0   0   0   0   0   0   0
87    1   0   0   0   0   0   0   0   0   0   0   0   0   0   0   0   0   0   0
88    0   0   0   0   0   0   0   0   0   0   0   0   0   0   1   0   0   0   0
89    0   0   1   0   0   0   0   0   0   0   0   0   0   0   0   0   0   0   0
90    0   0   0   0   0   0   0   0   1   0   0   0   0   0   0   0   0   0   0
91    0   0   0   0   1   0   0   0   0   0   0   0   0   0   0   0   0   0   0
92    0   0   0   0   0   0   0   0   0   0   0   0   0   0   0   0   1   0   0
93    0   0   0   0   0   0   1   0   0   0   0   0   0   0   0   0   0   0   0
94    0   0   0   0   1   0   0   0   0   0   0   0   0   0   0   0   0   0   0
95    0   1   0   0   0   0   0   0   0   0   0   0   0   0   0   0   0   0   0
96    0   0   0   0   0   0   0   0   0   0   0   0   0   0   1   0   0   0   0
97    0   0   0   0   0   0   0   0   0   0   0   0   0   0   0   0   0   1   0
98    0   0   0   0   0   0   0   0   1   0   0   0   0   0   0   0   0   0   0
99    0   0   0   0   0   0   0   0   0   0   0   0   0   0   1   0   0   0   0
100   0   0   0   0   0   0   0   0   0   1   0   0   0   0   0   0   0   0   0

:   299    :=
1     0
2     0
3     0
4     0
5     0
6     0
7     0
8     0
9     0
10    0
11    0
12    0
13    1
14    0
15    0
16    0
17    0
18    0
19    0
20    0
21    0
22    0
23    0
24    0
25    0
26    0
27    0
28    0
29    0
30    0
31    0
32    0
33    0
34    1
35    0
36    0
37    0
38    0
39    0
40    0
41    0
42    1
43    0
44    0
45    1
46    0
47    0
48    0
49    0
50    0
51    0
52    0
53    1
54    0
55    0
56    0
57    0
58    0
59    0
60    0
61    0
62    0
63    0
64    0
65    0
66    0
67    0
68    0
69    0
70    0
71    0
72    0
73    0
74    0
75    0
76    0
77    0
78    0
79    0
80    0
81    0
82    0
83    0
84    0
85    0
86    0
87    0
88    0
89    0
90    0
91    0
92    0
93    0
94    0
95    0
96    0
97    0
98    0
99    0
100   0
;

vi[i] [*] :=
 2  1
 4  1
 5  1
 7  1
 9  1
10  1
11  1
12  1
15  1
16  1
17  1
21  1
23  1
26  1
37  1
48  1
52  1
70  1
;

:   x[i]   c[i] travel[i] delay[i]    :=
87    1       0       0         0
95    1       0       0         0
114   1    7465    4345      3120
124   1    4345    4345         0
132   1    1925    1925         0
134   1     880     880         0
158   1    2915    2915         0
162   1    4070    4070         0
182   1    2970    2970         0
184   1    3575    3575         0
192   1    5665    5665         0
208   1    2640    2640         0
212   1    6360    3080      3280
229   1    6690    5170      1520
249   1    3905    3905         0
252   1    7595    4235      3360
277   1    3520    3520         0
282   1    3795    3795         0
297   1    1595    1595         0
299   1    4235    4235         0
;

