#Nombre	DiaAten	ModelId		T.Servicio	Penalty
191_PR_3	3	1	60	490
101_PR_2	-3	1	60	980
1_PR_1	1	1	90	554
341_SA_5	-6	1	70	1182
102_SA_2	-3	2	120	1296
2_SA_1	-2	2	90	1786
103_SA_2	-3	3	120	2560
104_LC_2	-3	4	120	3066
271_PR_4	4	1	60	1744
105_LC_2	-3	5	200	4606
342_PR_5	5	2	60	2374
192_PR_3	3	2	130	2705
193_LC_3	3	3	70	2983
272_LC_4	-5	2	130	6358
273_LC_4	-5	3	90	6802
343_LC_5	-6	3	45	6912
274_SA_4	-5	4	60	7344
3_SA_1	1	3	75	3981
106_NU_2	2	6	75	4123
107_PR_2	-3	7	30	8960
344_LC_5	5	4	120	4515
108_LC_2	2	8	10	4515
345_SA_5	5	5	150	4926
194_PR_3	3	4	20	5283
4_LC_1	-2	4	120	11612
195_SA_3	3	5	150	6011
5_SA_1	-2	5	90	12190
197_SA_3	-4	6	120	12190
346_LC_5	5	6	70	6095
199_SA_3	3	7	80	6095
196_PR_3	-4	8	45	12190
198_SA_3	3	9	60	6095
6_SA_1	1	6	30	6387
200_SA_3	3	10	60	6387
201_LC_3	-4	11	270	12774
347_SA_5	5	7	20	6682
7_SA_1	-2	7	290	13564
202_SA_3	-4	12	180	13564
8_SA_1	1	8	60	6782
110_SA_2	-3	9	120	13564
111_SA_2	-3	10	120	13564
112_SA_2	2	11	60	6782
109_SA_2	2	12	110	6782
114_SA_2	-3	13	60	13564
113_SA_2	2	14	60	6782
203_SA_3	3	13	45	6782
115_PR_2	-3	15	90	14706
348_SA_5	5	8	60	7408
349_SA_5	5	9	15	7408
9_SA_1	-2	9	360	15614
10_SA_1	-2	10	60	15614
13_SA_1	-2	11	60	15614
14_SA_1	-2	12	90	15614
350_SA_5	5	10	180	7807
12_SA_1	1	13	75	7807
204_SA_3	3	14	80	7807
205_SA_3	3	15	60	7807
352_PR_5	5	11	70	7807
11_SA_1	1	14	120	7807
275_SA_4	4	5	90	7807
276_SA_4	4	6	60	7807
277_SA_4	4	7	120	7807
120_SA_2	2	16	55	7807
279_SA_4	-5	8	300	15614
280_NU_4	4	9	60	7807
119_SA_2	2	17	60	7807
124_SA_2	2	18	30	7807
121_LC_2	2	19	45	7807
122_SA_2	-3	20	50	15614
351_SA_5	5	12	60	7807
118_SA_2	-3	21	120	15614
278_PR_4	-5	10	150	15614
116_SA_2	2	22	60	7807
117_SA_2	-3	23	140	15614
123_SA_2	2	24	50	7807
15_SA_1	-2	15	240	15760
125_SA_2	2	25	60	8073
281_PR_4	4	11	70	8073
282_LC_4	4	12	90	8075
127_PR_2	-3	26	80	16686
206_PR_3	3	16	35	8343
126_PR_2	2	27	180	8343
353_SA_5	5	13	5	8468
354_PR_5	5	14	30	8998
16_SA_1	-2	16	110	19108
207_SA_3	3	17	50	9554
128_SA_2	-3	28	120	19280
17_NU_1	-2	17	180	19632
129_NU_2	-3	29	120	19632
283_SA_4	4	13	180	10684
355_LC_5	5	15	150	11018
130_SA_2	2	30	90	11018
356_SA_5	5	16	150	11169
131_PR_2	-3	31	215	22446
18_SA_1	1	18	90	11702
208_SA_3	3	18	90	11702
209_SA_3	3	19	45	11702
132_SA_2	2	32	20	11702
19_SA_1	1	19	180	11774
210_SA_3	-4	20	180	23548
284_SA_4	4	14	240	11774
134_SA_2	2	33	60	11920
133_SA_2	-3	34	90	23840
357_SA_5	5	17	60	11920
285_SA_4	4	15	60	12009
135_SA_2	2	35	60	12041
20_SA_1	1	20	60	12041
136_LC_2	-3	36	30	24318
286_PR_4	4	16	60	12195
360_LC_5	5	18	10	12195
358_PR_5	5	19	70	12195
137_PR_2	2	37	150	12195
359_LC_5	5	20	10	12195
361_SA_5	5	21	10	12195
21_NU_1	-2	21	90	24876
211_NU_3	-4	21	40	24876
362_PR_5	5	22	240	12528
22_PR_1	1	22	60	12540
213_LC_3	3	22	90	12540
139_PR_2	2	38	60	12540
140_SA_2	2	39	50	12540
288_SA_4	4	17	60	12540
287_PR_4	4	18	90	12540
212_SA_3	3	23	40	12540
138_VI_2	2	40	90	12540
363_VI_5	5	23	10	12739
214_VI_3	3	24	25	12739
215_PR_3	3	25	45	12912
23_SA_1	-2	23	90	26028
24_PR_1	1	24	100	13106
289_LC_4	4	19	110	13219
25_PR_1	1	25	90	13439
141_NU_2	2	41	150	13506
26_NU_1	-2	26	420	27012
27_LC_1	1	27	180	13667
216_SA_3	3	26	80	13677
28_SA_1	1	28	30	13863
29_SA_1	1	29	60	13925
364_PR_5	5	24	1	14002
217_SA_3	3	27	150	14174
365_SA_5	5	25	120	14174
290_SA_4	4	20	60	14174
291_SA_4	4	21	150	14245
292_PR_4	4	22	50	14271
293_PR_4	4	23	165	14271
294_SA_4	4	24	90	14331
142_LC_2	2	42	50	14987
218_SA_3	3	28	120	15040
219_SA_3	3	29	90	15040
143_SA_2	2	43	180	15040
144_SA_2	2	44	90	15106
145_LC_2	2	45	60	15339
146_SA_2	2	46	165	15339
147_LC_2	2	47	30	15339
220_PR_3	3	30	60	15339
30_PR_1	1	30	60	15353
295_LC_4	4	25	60	15542
366_SA_5	5	26	20	15806
32_SA_1	1	31	90	15874
31_SA_1	1	32	90	15874
367_PR_5	5	27	15	15881
33_LC_1	1	33	150	16009
221_PR_3	3	31	35	16062
296_SA_4	4	26	90	16066
222_PR_3	3	32	60	16177
223_PR_3	3	33	40	16379
224_PR_3	3	34	50	16489
34_LC_1	1	34	80	16533
148_SA_2	2	48	90	16637
368_PR_5	5	28	5	16642
369_SA_5	5	29	120	16931
370_SA_5	5	30	140	16931
225_SA_3	3	35	80	16942
35_SA_1	1	35	105	16942
297_SA_4	4	27	100	17084
36_LC_1	1	36	60	17111
298_PR_4	4	28	120	17234
150_SA_2	2	49	120	17256
149_SA_2	2	50	235	17256
151_SA_2	2	51	120	17262
38_PR_1	-2	37	80	34548
371_PR_5	5	31	30	17274
37_PR_1	1	38	60	17274
39_LC_1	1	39	90	17387
226_PR_3	3	36	65	17436
372_LC_5	5	32	60	17492
227_LC_3	3	37	120	17570
40_SA_1	1	40	60	17781
228_SA_3	3	38	100	17800
152_LC_2	2	52	1	17840
41_LC_1	1	41	120	17951
42_PR_1	1	42	60	17951
299_LC_4	4	29	60	18162
43_SA_1	1	43	207	18238
300_SA_4	4	30	105	18240
301_SA_4	4	31	75	18246
44_PR_1	1	44	25	18546
153_PR_2	2	53	230	18686
302_SA_4	4	32	90	18690
373_SA_5	5	33	60	18904
154_PR_2	2	54	170	19020
374_PR_5	5	34	105	19020
155_SA_2	2	55	240	19318
375_PR_5	5	35	170	19355
229_SA_3	3	39	60	19474
156_PR_2	2	56	80	19482
45_VI_1	1	45	75	19561
46_SA_1	1	46	90	20430
47_SA_1	1	47	90	20430
230_PR_3	3	40	30	20459
303_LC_4	4	33	60	20619
376_PR_5	5	36	75	20947
304_VI_4	4	34	120	20982
231_SA_3	3	41	80	20982
49_SA_1	-2	48	60	41964
306_SA_4	4	35	270	20982
305_PR_4	4	36	25	20982
377_PR_5	5	37	30	20982
157_SA_2	2	57	150	20982
48_SA_1	1	49	60	20982
232_PR_3	3	42	120	20982
307_SA_4	4	37	120	21025
233_SA_3	3	43	40	21161
378_PR_5	5	38	30	21291
234_LC_3	3	44	60	21414
235_LC_3	3	45	120	21475
379_LC_5	5	39	60	21479
50_LC_1	1	50	80	21593
158_PR_2	2	58	85	21615
236_VI_3	-4	46	90	43566
308_PR_4	4	38	30	21845
237_PR_3	3	47	70	21845
159_SA_2	-3	59	55	43702
51_SA_1	1	51	90	21851
160_PR_2	2	60	60	22162
309_PR_4	4	39	60	22178
310_PR_4	4	40	120	22178
161_LC_2	2	61	180	22234
238_SA_3	3	48	60	22304
162_SA_2	2	62	1	22465
239_SA_3	3	49	180	22503
52_PR_1	-2	52	30	45082
240_PR_3	3	50	60	22541
53_NU_1	1	53	90	22640
311_PR_4	4	41	60	22642
241_SA_3	3	51	20	22773
55_LC_1	1	54	60	22811
54_LC_1	1	55	60	22811
312_PR_4	4	42	50	22905
56_LC_1	1	56	150	22990
313_PR_4	4	43	50	23244
163_PR_2	2	63	120	23244
164_NU_2	2	64	90	23253
314_SA_4	4	44	20	23258
380_LC_5	5	40	234	23421
59_SA_1	1	57	60	23718
57_SA_1	1	58	60	23718
58_SA_1	1	59	60	23718
165_SA_2	2	65	120	23799
60_LC_1	1	60	90	23896
167_SA_2	2	66	60	24386
64_SA_1	1	61	10	24386
62_SA_1	1	62	150	24386
61_SA_1	1	63	30	24386
166_SA_2	2	67	40	24386
65_SA_1	1	64	30	24386
63_SA_1	1	65	75	24386
381_SA_5	5	41	60	24386
242_LC_3	3	52	40	24424
315_SA_4	4	45	180	24512
316_NU_4	4	46	60	24742
66_PR_1	1	66	75	24853
168_SA_2	2	68	60	24883
67_SA_1	1	67	60	24947
317_LC_4	4	47	45	24969
243_SA_3	3	53	120	25161
318_SA_4	4	48	240	25161
68_SA_1	1	68	120	25285
69_VI_1	1	69	60	25332
382_PR_5	5	42	30	25456
319_PR_4	4	49	90	25531
71_PR_1	-2	70	520	51090
70_SA_1	1	71	180	25545
170_SA_2	2	69	120	25545
244_SA_3	3	54	80	25545
169_LC_2	2	70	135	25545
171_PR_2	2	71	65	25603
172_NU_2	2	72	60	25617
321_SA_4	4	50	240	25763
383_SA_5	5	43	240	25763
73_PR_1	1	72	120	25763
72_SA_1	1	73	195	25763
320_SA_4	4	51	120	25763
322_SA_4	4	52	90	25763
245_SA_3	3	55	160	25878
384_SA_5	5	44	240	25878
323_SA_4	4	53	120	25878
246_LC_3	3	56	100	26098
247_SA_3	3	57	90	26104
74_SA_1	1	74	60	26281
75_SA_1	1	75	75	26408
174_SA_2	2	73	360	26408
173_SA_2	2	74	55	26408
175_SA_2	2	75	90	26408
385_SA_5	5	45	60	26408
248_SA_3	3	58	60	26415
176_SA_2	2	76	90	26458
177_PR_2	2	77	50	26513
249_SA_3	3	59	75	26647
76_SA_1	1	76	100	26699
250_SA_3	3	60	60	26851
77_SA_1	1	77	120	26851
178_NU_2	2	78	20	27234
324_SA_4	4	54	130	27259
325_PR_4	4	55	180	27332
386_SA_5	5	46	90	27500
179_PR_2	2	79	100	27552
251_PR_3	3	61	60	27597
180_LC_2	2	80	60	27745
326_SA_4	4	56	1	27953
78_SA_1	1	78	60	27953
79_SA_1	1	79	100	27953
181_LC_2	2	81	120	27953
252_SA_3	3	62	55	27953
387_SA_5	5	47	90	28056
80_SA_1	1	80	90	28172
81_SA_1	1	81	60	28178
388_SA_5	5	48	60	28409
389_SA_5	5	49	90	28462
253_SA_3	3	63	60	28462
82_VI_1	1	82	30	28534
390_LC_5	5	50	180	28563
255_PR_3	3	64	150	28570
254_PR_3	3	65	60	28570
256_PR_3	3	66	90	28648
257_SA_3	3	67	5	28665
258_SA_3	3	68	120	28797
83_SA_1	1	83	240	28797
327_SA_4	4	57	120	29017
84_LC_1	1	84	15	29159
85_PR_1	1	85	70	29302
86_PR_1	1	86	90	29364
259_SA_3	3	69	110	29726
260_SA_3	3	70	120	29726
261_SA_3	3	71	90	29736
87_SA_1	1	87	60	29775
262_SA_3	3	72	120	29775
88_LC_1	1	88	120	29922
328_LC_4	4	58	120	29934
329_LC_4	4	59	90	29934
182_LC_2	2	82	60	29965
183_NU_2	2	83	20	30105
263_SA_3	3	73	60	30153
184_SA_2	2	84	15	30153
185_SA_2	2	85	35	30164
331_SA_4	4	60	160	30164
330_SA_4	4	61	120	30164
264_SA_3	3	74	65	30299
186_PR_2	2	86	120	30373
187_SA_2	2	87	210	30638
89_PR_1	1	89	70	30883
90_SA_1	1	90	90	31179
391_LC_5	5	51	75	31353
393_PR_5	5	52	150	31577
91_PR_1	1	91	120	31577
392_PR_5	5	53	35	31577
188_VI_2	2	88	100	32140
332_PR_4	4	62	120	32623
265_PR_3	3	75	100	32882
92_SA_1	1	92	60	32994
333_VI_4	4	63	90	33121
394_PR_5	5	54	75	33211
93_SA_1	1	93	90	33649
94_NU_1	1	94	160	34247
95_SA_1	1	95	140	34305
334_SA_4	4	64	30	34552
96_VI_1	1	96	50	34945
98_PR_1	1	97	10	35773
97_PR_1	1	98	20	35773
335_SA_4	4	65	30	35910
266_SA_3	3	76	80	36393
99_SA_1	1	99	75	36941
267_NU_3	3	77	50	37425
336_VI_4	4	66	240	38957
337_PR_4	4	67	1	39079
395_SA_5	5	55	90	40083
338_SA_4	4	68	60	40083
396_SA_5	5	56	60	40634
397_SA_5	5	57	10	40634
268_SA_3	3	78	90	41430
398_NU_5	5	58	150	41915
340_SA_4	4	69	60	41915
339_SA_4	4	70	140	41915
189_PR_2	2	89	80	41915
399_SA_5	5	59	60	43428
190_SA_2	2	90	30	43428
100_PR_1	1	100	60	43706
269_SA_3	3	79	40	43714
400_PR_5	5	60	45	43865
270_PR_3	3	80	75	54987
