Iter 101
MasterProb = 191296

s [*] :=
1  31
2  87
3  38
4  94
5  42
;

SubProb = -2875.58
d = 9

distanceCost*(sum{l in 1 .. Lcap - 1} t[l]) = 3245

Iter 102
MasterProb = 190751

s [*] :=
1  10
2  93
3  91
4  53
5  89
;

SubProb = -1121.11
d = 9

distanceCost*(sum{l in 1 .. Lcap - 1} t[l]) = 3245

Iter 103
MasterProb = 190658

s [*] :=
1  22
2  44
3  17
4  90
5  85
;

SubProb = -701.957
d = 12

distanceCost*(sum{l in 1 .. Lcap - 1} t[l]) = 3685

Iter 104
MasterProb = 190642

s [*] :=
1  38
2  24
3  75
4  34
5   4
;

SubProb = -789.088
d = 28

distanceCost*(sum{l in 1 .. Lcap - 1} t[l]) = 4015

Iter 105
MasterProb = 190626

s [*] :=
1  41
2  85
3  46
4  65
5  45
;

SubProb = -325.552
d = 31

distanceCost*(sum{l in 1 .. Lcap - 1} t[l]) = 4455

Iter 106
MasterProb = 190618

s [*] :=
1   4
2  80
3  65
4   3
5  21
;

SubProb = -2012.19
d = 54

distanceCost*(sum{l in 1 .. Lcap - 1} t[l]) = 4620

Iter 107
MasterProb = 190209

s [*] :=
1  20
2  19
3  90
4  63
5  36
;

SubProb = -1556.05
d = 17

distanceCost*(sum{l in 1 .. Lcap - 1} t[l]) = 4235

Iter 108
MasterProb = 190103

s [*] :=
1  24
2  49
3  13
4  46
5  80
;

SubProb = -1499.86
d = 4

distanceCost*(sum{l in 1 .. Lcap - 1} t[l]) = 3795

Iter 109
MasterProb = 189913

s [*] :=
1  21
2  71
3  52
4  30
5  42
;

SubProb = 0
d = 8

distanceCost*(sum{l in 1 .. Lcap - 1} t[l]) = 3740

Problema Entero
MasterProb = 328120

fo1 = 109270
fo2 = 218850

x[j] [*] :=
122  1
201  1
207  1
213  1
215  1
250  1
255  1
283  1
356  1
417  1
426  1
451  1
468  1
471  1
482  1
483  1
488  1
521  1
531  1
540  1
;

aa[i,j] [*,*]
:   122 201 207 213 215 250 255 283 356 417 426 451 468 471 482 483 488 521 531 :=
1     0   0   0   0   0   0   0   0   0   0   0   0   0   0   0   0   0   0   0
2     0   0   0   0   0   0   0   0   0   0   0   0   0   0   0   0   0   0   0
3     0   0   0   0   1   0   0   0   0   0   0   0   0   0   0   0   0   0   0
4     0   0   0   1   0   0   0   0   0   0   0   0   0   0   0   0   0   0   0
5     1   0   0   0   0   0   0   0   0   0   0   0   0   0   0   0   0   0   0
6     0   0   0   0   0   0   0   0   1   0   0   0   0   0   0   0   0   0   0
7     0   0   0   0   0   0   0   0   0   0   0   0   0   0   0   0   0   0   0
8     0   0   0   0   0   1   0   0   0   0   0   0   0   0   0   0   0   0   0
9     0   0   0   0   0   0   0   0   0   0   0   0   0   1   0   0   0   0   0
10    0   0   0   0   0   0   0   0   0   0   0   0   0   0   0   1   0   0   0
11    0   0   0   0   0   0   0   1   0   0   0   0   0   0   0   0   0   0   0
12    0   0   0   0   0   0   0   0   0   0   0   0   0   0   0   0   0   0   1
13    0   0   0   0   0   0   0   0   0   0   0   0   0   0   0   0   0   1   0
14    0   0   0   0   0   0   0   0   0   0   0   1   0   0   0   0   0   0   0
15    0   0   0   0   0   0   0   0   0   0   0   0   1   0   0   0   0   0   0
16    0   0   0   0   0   0   0   0   0   0   0   0   0   0   1   0   0   0   0
17    0   0   0   0   0   0   0   0   0   0   0   0   0   0   0   0   0   0   0
18    0   0   0   0   0   0   0   0   0   0   0   0   0   0   1   0   0   0   0
19    0   0   0   0   0   0   0   1   0   0   0   0   0   0   0   0   0   0   0
20    0   0   0   0   0   0   0   0   0   0   0   0   0   0   0   0   0   0   1
21    0   0   0   0   1   0   0   0   0   0   0   0   0   0   0   0   0   0   0
22    1   0   0   0   0   0   0   0   0   0   0   0   0   0   0   0   0   0   0
23    0   0   0   0   1   0   0   0   0   0   0   0   0   0   0   0   0   0   0
24    0   1   0   0   0   0   0   0   0   0   0   0   0   0   0   0   0   0   0
25    0   0   0   0   0   0   0   0   1   0   0   0   0   0   0   0   0   0   0
26    0   0   0   0   0   0   0   0   0   0   0   0   0   0   0   0   0   0   0
27    0   0   0   0   0   0   1   0   0   0   0   0   0   0   0   0   0   0   0
28    0   0   0   0   0   0   0   0   0   0   0   0   1   0   0   0   0   0   0
29    0   0   0   0   0   0   0   0   0   1   0   0   0   0   0   0   0   0   0
30    0   0   0   0   0   0   0   0   0   0   0   0   0   0   0   0   1   0   0
31    0   0   0   0   0   1   0   0   0   0   0   0   0   0   0   0   0   0   0
32    0   0   0   0   0   0   0   0   0   0   1   0   0   0   0   0   0   0   0
33    0   0   0   0   0   0   0   0   1   0   0   0   0   0   0   0   0   0   0
34    0   0   0   0   0   0   0   0   0   0   0   0   0   0   0   0   0   0   0
35    0   0   0   0   0   0   0   0   0   0   0   0   0   0   0   0   0   1   0
36    0   0   0   0   0   0   0   0   0   0   0   0   0   0   0   0   1   0   0
37    1   0   0   0   0   0   0   0   0   0   0   0   0   0   0   0   0   0   0
38    0   0   0   0   0   0   0   0   0   0   0   0   0   0   0   1   0   0   0
39    0   0   0   0   0   0   0   0   0   0   0   0   0   1   0   0   0   0   0
40    0   1   0   0   0   0   0   0   0   0   0   0   0   0   0   0   0   0   0
41    0   0   0   0   0   0   0   0   0   0   0   0   0   0   0   0   0   0   1
42    0   0   0   1   0   0   0   0   0   0   0   0   0   0   0   0   0   0   0
43    0   0   0   0   0   0   0   0   0   0   1   0   0   0   0   0   0   0   0
44    0   0   0   0   0   0   0   0   0   0   1   0   0   0   0   0   0   0   0
45    0   0   0   0   0   1   0   0   0   0   0   0   0   0   0   0   0   0   0
46    0   0   0   1   0   0   0   0   0   0   0   0   0   0   0   0   0   0   0
47    0   0   0   0   0   0   0   0   0   0   0   0   0   0   0   0   0   0   0
48    0   0   0   0   1   0   0   0   0   0   0   0   0   0   0   0   0   0   0
49    0   0   1   0   0   0   0   0   0   0   0   0   0   0   0   0   0   0   0
50    0   0   0   0   0   0   1   0   0   0   0   0   0   0   0   0   0   0   0
51    0   0   0   0   0   0   0   0   1   0   0   0   0   0   0   0   0   0   0
52    0   0   0   0   0   0   0   0   0   0   0   0   0   0   1   0   0   0   0
53    0   0   0   0   0   0   0   0   0   0   0   0   0   0   0   0   0   1   0
54    0   0   1   0   0   0   0   0   0   0   0   0   0   0   0   0   0   0   0
55    0   0   0   0   0   0   1   0   0   0   0   0   0   0   0   0   0   0   0
56    0   0   0   0   0   0   1   0   0   0   0   0   0   0   0   0   0   0   0
57    0   0   1   0   0   0   0   0   0   0   0   0   0   0   0   0   0   0   0
58    0   1   0   0   0   0   0   0   0   0   0   0   0   0   0   0   0   0   0
59    1   0   0   0   0   0   0   0   0   0   0   0   0   0   0   0   0   0   0
60    0   0   0   0   0   0   0   0   0   1   0   0   0   0   0   0   0   0   0
61    0   0   0   0   0   0   0   0   1   0   0   0   0   0   0   0   0   0   0
62    0   0   0   0   0   0   0   0   0   1   0   0   0   0   0   0   0   0   0
63    0   0   0   0   0   1   0   0   0   0   0   0   0   0   0   0   0   0   0
64    0   0   0   0   0   0   0   0   0   1   0   0   0   0   0   0   0   0   0
65    0   0   0   0   0   0   0   0   0   0   0   0   0   0   0   1   0   0   0
66    0   0   0   0   0   0   0   0   0   0   0   0   0   0   0   0   0   1   0
67    0   0   0   0   0   0   0   0   0   0   0   1   0   0   0   0   0   0   0
68    0   1   0   0   0   0   0   0   0   0   0   0   0   0   0   0   0   0   0
69    0   0   1   0   0   0   0   0   0   0   0   0   0   0   0   0   0   0   0
70    0   0   0   0   0   0   0   0   0   0   0   0   0   0   0   0   0   0   0
71    0   0   0   0   0   0   0   0   0   0   0   0   0   0   0   0   0   0   0
72    0   0   0   0   0   1   0   0   0   0   0   0   0   0   0   0   0   0   0
73    0   0   1   0   0   0   0   0   0   0   0   0   0   0   0   0   0   0   0
74    0   0   0   0   0   0   0   0   0   0   0   0   0   0   1   0   0   0   0
75    0   0   0   0   0   0   0   0   0   0   0   1   0   0   0   0   0   0   0
76    0   0   0   0   0   0   0   1   0   0   0   0   0   0   0   0   0   0   0
77    0   0   0   0   1   0   0   0   0   0   0   0   0   0   0   0   0   0   0
78    0   0   0   0   0   0   0   0   0   0   0   0   1   0   0   0   0   0   0
79    0   0   0   0   0   0   0   0   0   0   1   0   0   0   0   0   0   0   0
80    1   0   0   0   0   0   0   0   0   0   0   0   0   0   0   0   0   0   0
81    0   0   0   0   0   0   0   0   0   0   0   1   0   0   0   0   0   0   0
82    0   0   0   0   0   0   0   0   0   0   0   0   0   0   0   0   0   0   0
83    0   0   0   0   0   0   0   0   0   0   0   0   0   0   0   1   0   0   0
84    0   0   0   0   0   0   0   0   0   0   0   0   0   0   0   0   0   0   1
85    0   1   0   0   0   0   0   0   0   0   0   0   0   0   0   0   0   0   0
86    0   0   0   1   0   0   0   0   0   0   0   0   0   0   0   0   0   0   0
87    0   0   0   0   0   0   0   1   0   0   0   0   0   0   0   0   0   0   0
88    0   0   0   0   0   0   0   0   0   1   0   0   0   0   0   0   0   0   0
89    0   0   0   0   0   0   0   0   0   0   0   0   0   0   0   0   0   1   0
90    0   0   0   0   0   0   0   0   0   0   0   0   0   0   0   0   0   0   1
91    0   0   0   0   0   0   0   0   0   0   0   1   0   0   0   0   0   0   0
92    0   0   0   0   0   0   0   0   0   0   0   0   0   0   0   0   1   0   0
93    0   0   0   1   0   0   0   0   0   0   0   0   0   0   0   0   0   0   0
94    0   0   0   0   0   0   0   0   0   0   0   0   0   0   0   0   1   0   0
95    0   0   0   0   0   0   0   0   0   0   0   0   0   0   1   0   0   0   0
96    0   0   0   0   0   0   0   0   0   0   0   0   0   0   0   0   1   0   0
97    0   0   0   0   0   0   1   0   0   0   0   0   0   0   0   0   0   0   0
98    0   0   0   0   0   0   0   0   0   0   0   0   0   0   0   1   0   0   0
99    0   0   0   0   0   0   0   0   0   0   1   0   0   0   0   0   0   0   0
100   0   0   0   0   0   0   0   1   0   0   0   0   0   0   0   0   0   0   0

:   540    :=
1     0
2     0
3     0
4     0
5     0
6     0
7     0
8     0
9     0
10    0
11    0
12    0
13    0
14    0
15    0
16    0
17    0
18    0
19    0
20    0
21    0
22    0
23    0
24    0
25    0
26    1
27    0
28    0
29    0
30    0
31    0
32    0
33    0
34    0
35    0
36    0
37    0
38    0
39    0
40    0
41    0
42    0
43    0
44    0
45    0
46    0
47    0
48    0
49    0
50    0
51    0
52    0
53    0
54    0
55    0
56    0
57    0
58    0
59    0
60    0
61    0
62    0
63    0
64    0
65    0
66    0
67    0
68    0
69    0
70    0
71    0
72    0
73    0
74    0
75    0
76    0
77    0
78    0
79    0
80    0
81    0
82    1
83    0
84    0
85    0
86    0
87    0
88    0
89    0
90    0
91    0
92    0
93    0
94    0
95    0
96    0
97    0
98    0
99    0
100   0
;

vi[i] [*] :=
 1  1
 2  1
 7  1
17  1
34  1
47  1
70  1
71  1
;

:   x[i]   c[i]  travel[i] delay[i]    :=
122   1     3575    3575         0
201   1     4390    4070       320
207   1     6660    4180      2480
213   1     7860    4180      3680
215   1     5985    3905      2080
250   1     3795    3795         0
255   1     7560    3080      4480
283   1     8390    4070      4320
356   1     3850    3850         0
417   1     7320    3960      3360
426   1    11350    4070      7280
451   1     6390    4070      2320
468   1     1760    1760         0
471   1     1595    1595         0
482   1     5990    4070      1920
483   1     8665    4345      4320
488   1     4455    4455         0
521   1     3410    3410         0
531   1     4950    4950         0
540   1     1320    1320         0
;

