#Nombre	DiaAten	ModelId		T.Servicio	Penalty
191_PR_3	3	1	60	16477
101_PR_2	-3	1	60	32954
1_PR_1	-2	1	90	36294
341_SA_5	5	1	70	18432
102_SA_2	2	2	120	18607
2_SA_1	-2	2	90	40346
103_SA_2	2	3	120	21019
104_LC_2	2	4	120	21350
271_PR_4	4	1	60	21622
105_LC_2	2	5	200	21894
342_PR_5	5	2	60	21952
192_PR_3	-4	2	130	44056
193_LC_3	3	3	70	22073
272_LC_4	4	2	130	22082
273_LC_4	4	3	90	22398
343_LC_5	5	3	45	22962
274_SA_4	4	4	60	23062
3_SA_1	1	3	75	23251
106_NU_2	2	6	75	23356
107_PR_2	2	7	30	23379
344_LC_5	5	4	120	23480
108_LC_2	2	8	10	23480
345_SA_5	5	5	150	23825
194_PR_3	3	4	20	24022
4_LC_1	1	4	120	24025
195_SA_3	3	5	150	24278
5_SA_1	1	5	90	24415
197_SA_3	3	6	120	24415
346_LC_5	5	6	70	24415
199_SA_3	3	7	80	24415
196_PR_3	3	8	45	24415
198_SA_3	3	9	60	24415
6_SA_1	1	6	30	24519
200_SA_3	3	10	60	24519
201_LC_3	3	11	270	24519
347_SA_5	5	7	20	24579
7_SA_1	-2	7	290	49224
202_SA_3	3	12	180	24612
8_SA_1	1	8	60	24612
110_SA_2	2	9	120	24612
111_SA_2	2	10	120	24612
112_SA_2	2	11	60	24612
109_SA_2	-3	12	110	49224
114_SA_2	2	13	60	24612
113_SA_2	2	14	60	24612
203_SA_3	3	13	45	24612
115_PR_2	2	15	90	24757
348_SA_5	5	8	60	24793
349_SA_5	5	9	15	24793
9_SA_1	1	9	360	24947
10_SA_1	1	10	60	24947
13_SA_1	1	11	60	24947
14_SA_1	1	12	90	24947
350_SA_5	5	10	180	24947
12_SA_1	1	13	75	24947
204_SA_3	3	14	80	24947
205_SA_3	3	15	60	24947
352_PR_5	5	11	70	24947
11_SA_1	1	14	120	24947
275_SA_4	4	5	90	24947
276_SA_4	4	6	60	24947
277_SA_4	4	7	120	24947
120_SA_2	2	16	55	24947
279_SA_4	4	8	300	24947
280_NU_4	4	9	60	24947
119_SA_2	2	17	60	24947
124_SA_2	2	18	30	24947
121_LC_2	2	19	45	24947
122_SA_2	2	20	50	24947
351_SA_5	5	12	60	24947
118_SA_2	-3	21	120	49894
278_PR_4	4	10	150	24947
116_SA_2	2	22	60	24947
117_SA_2	2	23	140	24947
123_SA_2	2	24	50	24947
15_SA_1	1	15	240	25056
125_SA_2	2	25	60	25180
281_PR_4	4	11	70	25180
282_LC_4	4	12	90	25227
127_PR_2	2	26	80	25254
206_PR_3	3	16	35	25254
126_PR_2	2	27	180	25254
353_SA_5	5	13	5	25371
354_PR_5	5	14	30	25441
16_SA_1	1	16	110	25596
207_SA_3	3	17	50	25596
128_SA_2	2	28	120	25610
17_NU_1	-2	17	180	52098
129_NU_2	-3	29	120	52098
283_SA_4	4	13	180	26250
355_LC_5	5	15	150	26253
130_SA_2	2	30	90	26253
356_SA_5	5	16	150	26292
131_PR_2	2	31	215	26296
18_SA_1	1	18	90	26343
208_SA_3	3	18	90	26343
209_SA_3	3	19	45	26343
132_SA_2	2	32	20	26343
19_SA_1	1	19	180	26393
210_SA_3	3	20	180	26393
284_SA_4	4	14	240	26393
134_SA_2	2	33	60	26419
133_SA_2	2	34	90	26419
357_SA_5	5	17	60	26419
285_SA_4	4	15	60	26615
135_SA_2	2	35	60	26740
20_SA_1	1	20	60	26740
136_LC_2	2	36	30	26741
286_PR_4	4	16	60	26793
360_LC_5	5	18	10	26793
358_PR_5	5	19	70	26793
137_PR_2	2	37	150	26793
359_LC_5	5	20	10	26793
361_SA_5	5	21	10	26793
21_NU_1	1	21	90	26826
211_NU_3	3	21	40	26826
362_PR_5	5	22	240	27000
22_PR_1	1	22	60	27195
213_LC_3	3	22	90	27195
139_PR_2	2	38	60	27195
140_SA_2	2	39	50	27195
288_SA_4	4	17	60	27195
287_PR_4	4	18	90	27195
212_SA_3	3	23	40	27195
138_VI_2	2	40	90	27195
363_VI_5	5	23	10	27297
214_VI_3	3	24	25	27297
215_PR_3	3	25	45	27433
23_SA_1	1	23	90	27495
24_PR_1	1	24	100	27652
289_LC_4	4	19	110	27682
25_PR_1	1	25	90	27705
141_NU_2	2	41	150	27725
26_NU_1	1	26	420	27725
27_LC_1	1	27	180	27772
216_SA_3	3	26	80	27862
28_SA_1	1	28	30	27892
29_SA_1	1	29	60	27926
364_PR_5	5	24	1	27954
217_SA_3	3	27	150	27976
365_SA_5	5	25	120	27976
290_SA_4	4	20	60	27976
291_SA_4	4	21	150	28099
292_PR_4	4	22	50	28103
293_PR_4	4	23	165	28103
294_SA_4	4	24	90	28244
142_LC_2	2	42	50	28409
218_SA_3	3	28	120	28449
219_SA_3	3	29	90	28449
143_SA_2	2	43	180	28449
144_SA_2	2	44	90	28462
145_LC_2	-3	45	60	56960
146_SA_2	2	46	165	28480
147_LC_2	2	47	30	28480
220_PR_3	3	30	60	28480
30_PR_1	1	30	60	28659
295_LC_4	4	25	60	28689
366_SA_5	5	26	20	28952
32_SA_1	1	31	90	28980
31_SA_1	1	32	90	28980
367_PR_5	5	27	15	29012
33_LC_1	1	33	150	29019
221_PR_3	3	31	35	29035
296_SA_4	4	26	90	29071
222_PR_3	3	32	60	29078
223_PR_3	3	33	40	29185
224_PR_3	3	34	50	29225
34_LC_1	-2	34	80	58496
148_SA_2	2	48	90	29255
368_PR_5	5	28	5	29313
369_SA_5	5	29	120	29350
370_SA_5	5	30	140	29350
225_SA_3	3	35	80	29362
35_SA_1	1	35	105	29362
297_SA_4	4	27	100	29379
36_LC_1	1	36	60	29381
298_PR_4	4	28	120	29468
150_SA_2	2	49	120	29498
149_SA_2	2	50	235	29498
151_SA_2	2	51	120	29872
38_PR_1	1	37	80	29887
371_PR_5	5	31	30	29887
37_PR_1	1	38	60	29887
39_LC_1	1	39	90	29887
226_PR_3	3	36	65	29915
372_LC_5	5	32	60	29926
227_LC_3	3	37	120	29944
40_SA_1	1	40	60	29969
228_SA_3	3	38	100	29983
152_LC_2	2	52	1	30003
41_LC_1	1	41	120	30086
42_PR_1	1	42	60	30086
299_LC_4	4	29	60	30093
43_SA_1	1	43	207	30225
300_SA_4	4	30	105	30243
301_SA_4	4	31	75	30252
44_PR_1	1	44	25	30453
153_PR_2	2	53	230	30615
302_SA_4	4	32	90	30687
373_SA_5	5	33	60	30719
154_PR_2	2	54	170	30796
374_PR_5	5	34	105	30796
155_SA_2	2	55	240	30841
375_PR_5	5	35	170	31220
229_SA_3	3	39	60	31326
156_PR_2	2	56	80	31388
45_VI_1	1	45	75	31543
46_SA_1	1	46	90	31609
47_SA_1	-2	47	90	63218
230_PR_3	3	40	30	31682
303_LC_4	4	33	60	31843
376_PR_5	5	36	75	31862
304_VI_4	4	34	120	31902
231_SA_3	3	41	80	31902
49_SA_1	1	48	60	31902
306_SA_4	4	35	270	31902
305_PR_4	4	36	25	31902
377_PR_5	5	37	30	31902
157_SA_2	2	57	150	31902
48_SA_1	1	49	60	31902
232_PR_3	3	42	120	31902
307_SA_4	4	37	120	31921
233_SA_3	3	43	40	31973
378_PR_5	5	38	30	31992
234_LC_3	3	44	60	32009
235_LC_3	3	45	120	32059
379_LC_5	5	39	60	32281
50_LC_1	1	50	80	32291
158_PR_2	2	58	85	32304
236_VI_3	3	46	90	32330
308_PR_4	4	38	30	32394
237_PR_3	3	47	70	32394
159_SA_2	2	59	55	32427
51_SA_1	1	51	90	32427
160_PR_2	2	60	60	32444
309_PR_4	4	39	60	32489
310_PR_4	4	40	120	32489
161_LC_2	2	61	180	32597
238_SA_3	3	48	60	32599
162_SA_2	2	62	1	32642
239_SA_3	3	49	180	32823
52_PR_1	1	52	30	33164
240_PR_3	3	50	60	33164
53_NU_1	1	53	90	33185
311_PR_4	4	41	60	33242
241_SA_3	3	51	20	33283
55_LC_1	1	54	60	33320
54_LC_1	1	55	60	33320
312_PR_4	4	42	50	33453
56_LC_1	1	56	150	33490
313_PR_4	4	43	50	33637
163_PR_2	2	63	120	33637
164_NU_2	2	64	90	33721
314_SA_4	4	44	20	33729
380_LC_5	5	40	234	33856
59_SA_1	1	57	60	33871
57_SA_1	1	58	60	33871
58_SA_1	1	59	60	33871
165_SA_2	-3	65	120	67854
60_LC_1	1	60	90	33948
167_SA_2	2	66	60	33966
64_SA_1	1	61	10	33966
62_SA_1	1	62	150	33966
61_SA_1	1	63	30	33966
166_SA_2	2	67	40	33966
65_SA_1	1	64	30	33966
63_SA_1	1	65	75	33966
381_SA_5	5	41	60	33966
242_LC_3	3	52	40	34062
315_SA_4	4	45	180	34119
316_NU_4	4	46	60	34143
66_PR_1	1	66	75	34147
168_SA_2	2	68	60	34238
67_SA_1	1	67	60	34303
317_LC_4	4	47	45	34319
243_SA_3	3	53	120	34372
318_SA_4	4	48	240	34372
68_SA_1	1	68	120	34417
69_VI_1	1	69	60	34420
382_PR_5	5	42	30	34450
319_PR_4	4	49	90	34487
71_PR_1	-2	70	520	69012
70_SA_1	-2	71	180	69012
170_SA_2	2	69	120	34506
244_SA_3	3	54	80	34506
169_LC_2	2	70	135	34506
171_PR_2	2	71	65	34654
172_NU_2	2	72	60	34691
321_SA_4	4	50	240	34813
383_SA_5	5	43	240	34813
73_PR_1	1	72	120	34813
72_SA_1	1	73	195	34813
320_SA_4	4	51	120	34813
322_SA_4	4	52	90	34813
245_SA_3	3	55	160	35045
384_SA_5	5	44	240	35045
323_SA_4	4	53	120	35045
246_LC_3	3	56	100	35048
247_SA_3	3	57	90	35277
74_SA_1	1	74	60	35326
75_SA_1	1	75	75	35649
174_SA_2	2	73	360	35649
173_SA_2	2	74	55	35649
175_SA_2	2	75	90	35649
385_SA_5	5	45	60	35649
248_SA_3	3	58	60	35684
176_SA_2	2	76	90	35732
177_PR_2	2	77	50	35939
249_SA_3	3	59	75	36123
76_SA_1	1	76	100	36186
250_SA_3	3	60	60	36269
77_SA_1	1	77	120	36269
178_NU_2	2	78	20	36434
324_SA_4	4	54	130	36495
325_PR_4	4	55	180	36518
386_SA_5	5	46	90	36707
179_PR_2	2	79	100	36738
251_PR_3	3	61	60	36739
180_LC_2	2	80	60	36740
326_SA_4	4	56	1	36840
78_SA_1	1	78	60	36840
79_SA_1	1	79	100	36840
181_LC_2	2	81	120	36840
252_SA_3	3	62	55	36840
387_SA_5	5	47	90	36976
80_SA_1	1	80	90	37103
81_SA_1	1	81	60	37478
388_SA_5	5	48	60	37491
389_SA_5	5	49	90	37648
253_SA_3	3	63	60	37648
82_VI_1	1	82	30	38072
390_LC_5	5	50	180	38117
255_PR_3	3	64	150	38145
254_PR_3	3	65	60	38145
256_PR_3	3	66	90	38338
257_SA_3	3	67	5	38504
258_SA_3	3	68	120	38526
83_SA_1	1	83	240	38526
327_SA_4	4	57	120	38569
84_LC_1	1	84	15	38902
85_PR_1	1	85	70	39107
86_PR_1	1	86	90	39126
259_SA_3	3	69	110	39216
260_SA_3	3	70	120	39577
261_SA_3	3	71	90	39696
87_SA_1	1	87	60	39865
262_SA_3	3	72	120	39865
88_LC_1	1	88	120	40143
328_LC_4	4	58	120	40171
329_LC_4	4	59	90	40171
182_LC_2	2	82	60	40200
183_NU_2	2	83	20	40331
263_SA_3	3	73	60	40447
184_SA_2	2	84	15	40447
185_SA_2	2	85	35	40510
331_SA_4	4	60	160	40510
330_SA_4	4	61	120	40510
264_SA_3	3	74	65	40681
186_PR_2	2	86	120	40717
187_SA_2	2	87	210	40754
89_PR_1	1	89	70	40792
90_SA_1	1	90	90	40877
391_LC_5	5	51	75	40946
393_PR_5	5	52	150	40969
91_PR_1	1	91	120	40969
392_PR_5	5	53	35	40969
188_VI_2	2	88	100	41250
332_PR_4	4	62	120	41326
265_PR_3	3	75	100	41339
92_SA_1	1	92	60	41750
333_VI_4	4	63	90	41780
394_PR_5	5	54	75	41786
93_SA_1	1	93	90	41985
94_NU_1	1	94	160	42113
95_SA_1	1	95	140	42116
334_SA_4	4	64	30	42202
96_VI_1	1	96	50	42221
98_PR_1	1	97	10	42429
97_PR_1	1	98	20	42429
335_SA_4	4	65	30	42519
266_SA_3	3	76	80	42704
99_SA_1	1	99	75	42737
267_NU_3	3	77	50	42791
336_VI_4	4	66	240	42903
337_PR_4	4	67	1	43113
395_SA_5	5	55	90	43142
338_SA_4	4	68	60	43142
396_SA_5	5	56	60	43601
397_SA_5	5	57	10	43601
268_SA_3	3	78	90	43735
398_NU_5	5	58	150	44350
340_SA_4	4	69	60	44350
339_SA_4	4	70	140	44350
189_PR_2	2	89	80	44350
399_SA_5	5	59	60	46897
190_SA_2	2	90	30	46897
100_PR_1	1	100	60	47503
269_SA_3	3	79	40	49592
400_PR_5	5	60	45	50233
270_PR_3	3	80	75	54258
