#cliente	day	place	penalty	service
191_PR_3	3	2	4976	60
101_PR_2	2	2	4976	60
1_PR_1	1	2	5440	90
341_SA_5	5	1	8023	70
102_SA_2	2	1	10125	120
2_SA_1	1	1	10368	90
103_SA_2	2	1	10416	120
104_LC_2	2	3	10642	120
271_PR_4	4	2	10722	60
105_LC_2	2	3	10862	200
342_PR_5	5	2	11153	60
192_PR_3	3	2	11219	130
193_LC_3	3	3	11435	70
272_LC_4	4	3	11651	130
273_LC_4	4	3	11677	90
343_LC_5	5	3	12345	45
274_SA_4	4	1	12805	60
3_SA_1	1	1	12876	75
106_NU_2	2	5	12902	75
107_PR_2	2	2	12936	30
344_LC_5	5	3	13124	120
108_LC_2	2	3	13124	10
345_SA_5	5	1	13185	150
194_PR_3	3	2	13515	20
4_LC_1	1	3	13752	120
195_SA_3	3	1	14109	150
5_SA_1	1	1	14171	90
197_SA_3	3	1	14171	120
346_LC_5	5	3	14171	70
199_SA_3	3	1	14171	80
196_PR_3	3	2	14171	45
198_SA_3	3	1	14171	60
6_SA_1	1	1	14272	30
200_SA_3	3	1	14272	60
201_LC_3	3	3	14272	270
347_SA_5	5	1	14411	20
7_SA_1	1	1	14895	290
202_SA_3	3	1	14895	180
8_SA_1	1	1	14895	60
110_SA_2	2	1	14895	120
111_SA_2	2	1	14895	120
112_SA_2	2	1	14895	60
109_SA_2	2	1	14895	110
114_SA_2	2	1	14895	60
113_SA_2	2	1	14895	60
203_SA_3	3	1	14895	45
115_PR_2	2	2	15037	90
348_SA_5	5	1	15212	60
349_SA_5	5	1	15212	15
9_SA_1	1	1	15227	360
10_SA_1	1	1	15227	60
13_SA_1	1	1	15227	60
14_SA_1	1	1	15227	90
350_SA_5	5	1	15227	180
12_SA_1	1	1	15227	75
204_SA_3	3	1	15227	80
205_SA_3	3	1	15227	60
352_PR_5	5	2	15227	70
11_SA_1	1	1	15227	120
275_SA_4	4	1	15227	90
276_SA_4	4	1	15227	60
277_SA_4	4	1	15227	120
120_SA_2	2	1	15227	55
279_SA_4	4	1	15227	300
280_NU_4	4	5	15227	60
119_SA_2	2	1	15227	60
124_SA_2	2	1	15227	30
121_LC_2	2	3	15227	45
122_SA_2	2	1	15227	50
351_SA_5	5	1	15227	60
118_SA_2	2	1	15227	120
278_PR_4	4	2	15227	150
116_SA_2	2	1	15227	60
117_SA_2	2	1	15227	140
123_SA_2	2	1	15227	50
15_SA_1	1	1	15232	240
125_SA_2	2	1	15529	60
281_PR_4	4	2	15529	70
282_LC_4	4	3	15746	90
127_PR_2	2	2	15755	80
206_PR_3	3	2	15755	35
126_PR_2	2	2	15755	180
353_SA_5	5	1	15930	5
354_PR_5	5	2	15958	30
16_SA_1	1	1	15997	110
207_SA_3	3	1	15997	50
128_SA_2	2	1	16242	120
17_NU_1	1	5	16319	180
129_NU_2	2	5	16319	120
283_SA_4	4	1	16456	180
355_LC_5	5	3	16720	150
130_SA_2	2	1	16720	90
356_SA_5	5	1	16769	150
131_PR_2	2	2	17060	215
18_SA_1	1	1	17099	90
208_SA_3	3	1	17099	90
209_SA_3	3	1	17099	45
132_SA_2	2	1	17099	20
19_SA_1	1	1	17125	180
210_SA_3	3	1	17125	180
284_SA_4	4	1	17125	240
134_SA_2	2	1	17149	60
133_SA_2	2	1	17149	90
357_SA_5	5	1	17149	60
285_SA_4	4	1	17171	60
135_SA_2	2	1	17202	60
20_SA_1	1	1	17202	60
136_LC_2	2	3	17245	30
286_PR_4	4	2	17257	60
360_LC_5	5	3	17257	10
358_PR_5	5	2	17257	70
137_PR_2	2	2	17257	150
359_LC_5	5	3	17257	10
361_SA_5	5	1	17257	10
21_NU_1	1	5	17482	90
211_NU_3	3	5	17482	40
362_PR_5	5	2	17574	240
22_PR_1	1	2	17712	60
213_LC_3	3	3	17712	90
139_PR_2	2	2	17712	60
140_SA_2	2	1	17712	50
288_SA_4	4	1	17712	60
287_PR_4	4	2	17712	90
212_SA_3	3	1	17712	40
138_VI_2	2	4	17712	90
363_VI_5	5	4	17784	10
214_VI_3	3	4	17784	25
215_PR_3	3	2	17802	45
23_SA_1	1	1	18148	90
24_PR_1	1	2	18379	100
289_LC_4	4	3	18454	110
25_PR_1	1	2	18516	90
141_NU_2	2	5	18593	150
26_NU_1	1	5	18593	420
27_LC_1	1	3	18670	180
216_SA_3	3	1	18749	80
28_SA_1	1	1	18831	30
29_SA_1	1	1	19076	60
364_PR_5	5	2	19077	1
217_SA_3	3	1	19142	150
365_SA_5	5	1	19142	120
290_SA_4	4	1	19142	60
291_SA_4	4	1	19195	150
292_PR_4	4	2	19347	50
293_PR_4	4	2	19347	165
294_SA_4	4	1	19412	90
142_LC_2	2	3	19477	50
218_SA_3	3	1	19578	120
219_SA_3	3	1	19578	90
143_SA_2	2	1	19578	180
144_SA_2	2	1	19636	90
145_LC_2	2	3	19672	60
146_SA_2	2	1	19672	165
147_LC_2	2	3	19672	30
220_PR_3	3	2	19672	60
30_PR_1	1	2	19712	60
295_LC_4	4	3	19730	60
366_SA_5	5	1	19748	20
32_SA_1	1	1	19782	90
31_SA_1	1	1	19782	90
367_PR_5	5	2	19857	15
33_LC_1	1	3	19872	150
221_PR_3	3	2	19948	35
296_SA_4	4	1	19969	90
222_PR_3	3	2	20038	60
223_PR_3	3	2	20097	40
224_PR_3	3	2	20173	50
34_LC_1	1	3	20186	80
148_SA_2	2	1	20222	90
368_PR_5	5	2	20258	5
369_SA_5	5	1	20264	120
370_SA_5	5	1	20264	140
225_SA_3	3	1	20268	80
35_SA_1	1	1	20268	105
297_SA_4	4	1	20292	100
36_LC_1	1	3	20359	60
298_PR_4	4	2	20395	120
150_SA_2	2	1	20414	120
149_SA_2	2	1	20414	235
151_SA_2	2	1	20532	120
38_PR_1	1	2	20536	80
371_PR_5	5	2	20536	30
37_PR_1	1	2	20536	60
39_LC_1	1	3	20640	90
226_PR_3	3	2	20660	65
372_LC_5	5	3	20716	60
227_LC_3	3	3	20896	120
40_SA_1	1	1	20929	60
228_SA_3	3	1	20930	100
152_LC_2	2	3	20958	1
41_LC_1	1	3	21037	120
42_PR_1	1	2	21037	60
299_LC_4	4	3	21062	60
43_SA_1	1	1	21063	207
300_SA_4	4	1	21108	105
301_SA_4	4	1	21111	75
44_PR_1	1	2	21115	25
153_PR_2	2	2	21116	230
302_SA_4	4	1	21127	90
373_SA_5	5	1	21132	60
154_PR_2	2	2	21133	170
374_PR_5	5	2	21133	105
155_SA_2	2	1	21155	240
375_PR_5	5	2	21260	170
229_SA_3	3	1	21281	60
156_PR_2	2	2	21451	80
45_VI_1	1	4	21524	75
46_SA_1	1	1	21594	90
47_SA_1	1	1	21594	90
230_PR_3	3	2	21612	30
303_LC_4	4	3	21757	60
376_PR_5	5	2	21810	75
304_VI_4	4	4	21873	120
231_SA_3	3	1	21873	80
49_SA_1	1	1	21873	60
306_SA_4	4	1	21873	270
305_PR_4	4	2	21873	25
377_PR_5	5	2	21873	30
157_SA_2	2	1	21873	150
48_SA_1	1	1	21873	60
232_PR_3	3	2	21873	120
307_SA_4	4	1	21941	120
233_SA_3	3	1	21955	40
378_PR_5	5	2	22034	30
234_LC_3	3	3	22052	60
235_LC_3	3	3	22262	120
379_LC_5	5	3	22302	60
50_LC_1	1	3	22321	80
158_PR_2	2	2	22369	85
236_VI_3	3	4	22423	90
308_PR_4	4	2	22453	30
237_PR_3	3	2	22453	70
159_SA_2	2	1	22484	55
51_SA_1	1	1	22484	90
160_PR_2	2	2	22568	60
309_PR_4	4	2	22577	60
310_PR_4	4	2	22577	120
161_LC_2	2	3	22593	180
238_SA_3	3	1	22617	60
162_SA_2	2	1	22635	1
239_SA_3	3	1	22655	180
52_PR_1	1	2	22680	30
240_PR_3	3	2	22680	60
53_NU_1	1	5	22681	90
311_PR_4	4	2	22727	60
241_SA_3	3	1	22732	20
55_LC_1	1	3	22734	60
54_LC_1	1	3	22734	60
312_PR_4	4	2	22827	50
56_LC_1	1	3	22922	150
313_PR_4	4	2	22925	50
163_PR_2	2	2	22925	120
164_NU_2	2	5	23002	90
314_SA_4	4	1	23013	20
380_LC_5	5	3	23016	234
59_SA_1	1	1	23029	60
57_SA_1	1	1	23029	60
58_SA_1	1	1	23029	60
165_SA_2	2	1	23056	120
60_LC_1	1	3	23076	90
167_SA_2	2	1	23111	60
64_SA_1	1	1	23111	10
62_SA_1	1	1	23111	150
61_SA_1	1	1	23111	30
166_SA_2	2	1	23111	40
65_SA_1	1	1	23111	30
63_SA_1	1	1	23111	75
381_SA_5	5	1	23111	60
242_LC_3	3	3	23133	40
315_SA_4	4	1	23450	180
316_NU_4	4	5	23559	60
66_PR_1	1	2	23780	75
168_SA_2	2	1	23809	60
67_SA_1	1	1	23854	60
317_LC_4	4	3	23856	45
243_SA_3	3	1	23920	120
318_SA_4	4	1	23920	240
68_SA_1	1	1	23959	120
69_VI_1	1	4	23978	60
382_PR_5	5	2	24042	30
319_PR_4	4	2	24051	90
71_PR_1	1	2	24055	520
70_SA_1	1	1	24055	180
170_SA_2	2	1	24055	120
244_SA_3	3	1	24055	80
169_LC_2	2	3	24055	135
171_PR_2	2	2	24129	65
172_NU_2	2	5	24150	60
321_SA_4	4	1	24321	240
383_SA_5	5	1	24321	240
73_PR_1	1	2	24321	120
72_SA_1	1	1	24321	195
320_SA_4	4	1	24321	120
322_SA_4	4	1	24321	90
245_SA_3	3	1	24410	160
384_SA_5	5	1	24410	240
323_SA_4	4	1	24410	120
246_LC_3	3	3	24432	100
247_SA_3	3	1	24467	90
74_SA_1	1	1	24495	60
75_SA_1	1	1	24591	75
174_SA_2	2	1	24591	360
173_SA_2	2	1	24591	55
175_SA_2	2	1	24591	90
385_SA_5	5	1	24591	60
248_SA_3	3	1	24680	60
176_SA_2	2	1	24717	90
177_PR_2	2	2	24744	50
249_SA_3	3	1	24766	75
76_SA_1	1	1	24959	100
250_SA_3	3	1	24993	60
77_SA_1	1	1	24993	120
178_NU_2	2	5	25033	20
324_SA_4	4	1	25179	130
325_PR_4	4	2	25283	180
386_SA_5	5	1	25318	90
179_PR_2	2	2	25512	100
251_PR_3	3	2	25543	60
180_LC_2	2	3	25619	60
326_SA_4	4	1	25674	1
78_SA_1	1	1	25674	60
79_SA_1	1	1	25674	100
181_LC_2	2	3	25674	120
252_SA_3	3	1	25674	55
387_SA_5	5	1	25696	90
80_SA_1	1	1	25771	90
81_SA_1	1	1	25810	60
388_SA_5	5	1	25858	60
389_SA_5	5	1	25936	90
253_SA_3	3	1	25936	60
82_VI_1	1	4	25944	30
390_LC_5	5	3	26008	180
255_PR_3	3	2	26132	150
254_PR_3	3	2	26132	60
256_PR_3	3	2	26216	90
257_SA_3	3	1	26218	5
258_SA_3	3	1	26241	120
83_SA_1	1	1	26241	240
327_SA_4	4	1	26287	120
84_LC_1	1	3	26398	15
85_PR_1	1	2	26414	70
86_PR_1	1	2	26444	90
259_SA_3	3	1	26580	110
260_SA_3	3	1	26621	120
261_SA_3	3	1	26651	90
87_SA_1	1	1	26714	60
262_SA_3	3	1	26714	120
88_LC_1	1	3	26733	120
328_LC_4	4	3	26735	120
329_LC_4	4	3	26735	90
182_LC_2	2	3	26782	60
183_NU_2	2	5	26885	20
263_SA_3	3	1	26993	60
184_SA_2	2	1	26993	15
185_SA_2	2	1	27041	35
331_SA_4	4	1	27041	160
330_SA_4	4	1	27041	120
264_SA_3	3	1	27315	65
186_PR_2	2	2	27361	120
187_SA_2	2	1	27364	210
89_PR_1	1	2	27441	70
90_SA_1	1	1	27620	90
391_LC_5	5	3	27732	75
393_PR_5	5	2	27849	150
91_PR_1	1	2	27849	120
392_PR_5	5	2	27849	35
188_VI_2	2	4	27928	100
332_PR_4	4	2	27978	120
265_PR_3	3	2	28051	100
92_SA_1	1	1	28251	60
333_VI_4	4	4	28539	90
394_PR_5	5	2	28602	75
93_SA_1	1	1	28604	90
94_NU_1	1	5	28605	160
95_SA_1	1	1	28835	140
334_SA_4	4	1	28979	30
96_VI_1	1	4	29158	50
98_PR_1	1	2	29539	10
97_PR_1	1	2	29539	20
335_SA_4	4	1	29594	30
266_SA_3	3	1	29804	80
99_SA_1	1	1	30041	75
267_NU_3	3	5	30045	50
336_VI_4	4	4	30140	240
337_PR_4	4	2	31028	1
395_SA_5	5	1	31038	90
338_SA_4	4	1	31038	60
396_SA_5	5	1	31052	60
397_SA_5	5	1	31052	10
268_SA_3	3	1	31089	90
398_NU_5	5	5	31136	150
340_SA_4	4	1	31136	60
339_SA_4	4	1	31136	140
189_PR_2	2	2	31136	80
399_SA_5	5	1	31935	60
190_SA_2	2	1	31935	30
100_PR_1	1	2	32063	60
269_SA_3	3	1	32209	40
400_PR_5	5	2	32654	45
270_PR_3	3	2	37833	75