#cliente	day	place	penalty	service
191_PR_3	3	2	1888	60
101_PR_2	2	2	2360	60
1_PR_1	1	2	326	90
341_SA_5	5	1	1932	70
102_SA_2	2	1	3003	120
2_SA_1	1	1	60158	90
103_SA_2	2	1	57379	120
104_LC_2	2	3	409	120
271_PR_4	4	2	27826	60
105_LC_2	2	3	52076	200
342_PR_5	5	2	611	60
192_PR_3	3	2	4884	130
193_LC_3	3	3	2156	70
272_LC_4	4	3	42773	130
273_LC_4	4	3	3036	90
343_LC_5	5	3	54123	45
274_SA_4	4	1	54507	60
3_SA_1	1	1	39189	75
106_NU_2	2	5	52223	75
107_PR_2	2	2	42760	30
344_LC_5	5	3	42883	120
108_LC_2	2	3	46904	10
345_SA_5	5	1	249	150
194_PR_3	3	2	46987	20
4_LC_1	1	3	1342	120
195_SA_3	3	1	3085	150
5_SA_1	1	1	44080	90
197_SA_3	3	1	67113	120
346_LC_5	5	3	49413	70
199_SA_3	3	1	66898	80
196_PR_3	3	2	40739	45
198_SA_3	3	1	70297	60
6_SA_1	1	1	4998	30
200_SA_3	3	1	4671	60
201_LC_3	3	3	5930	270
347_SA_5	5	1	68930	20
7_SA_1	1	1	60652	290
202_SA_3	3	1	58490	180
8_SA_1	1	1	58758	60
110_SA_2	2	1	54957	120
111_SA_2	2	1	38075	120
112_SA_2	2	1	55513	60
109_SA_2	2	1	29171	110
114_SA_2	2	1	45212	60
113_SA_2	2	1	42576	60
203_SA_3	3	1	48601	45
115_PR_2	2	2	32645	90
348_SA_5	5	1	6713	60
349_SA_5	5	1	6852	15
9_SA_1	1	1	714	360
10_SA_1	1	1	552	60
13_SA_1	1	1	365	60
14_SA_1	1	1	875	90
350_SA_5	5	1	592	180
12_SA_1	1	1	811	75
204_SA_3	3	1	823	80
205_SA_3	3	1	673	60
352_PR_5	5	2	698	70
11_SA_1	1	1	746	120
275_SA_4	4	1	441	90
276_SA_4	4	1	624	60
277_SA_4	4	1	735	120
120_SA_2	2	1	494	55
279_SA_4	4	1	594	300
280_NU_4	4	5	764	60
119_SA_2	2	1	545	60
124_SA_2	2	1	506	30
121_LC_2	2	3	753	45
122_SA_2	2	1	884	50
351_SA_5	5	1	503	60
118_SA_2	2	1	753	120
278_PR_4	4	2	447	150
116_SA_2	2	1	712	60
117_SA_2	2	1	648	140
123_SA_2	2	1	345	50
15_SA_1	1	1	53405	240
125_SA_2	2	1	64772	60
281_PR_4	4	2	42407	70
282_LC_4	4	3	35711	90
127_PR_2	2	2	89302	80
206_PR_3	3	2	87322	35
126_PR_2	2	2	108930	180
353_SA_5	5	1	142	5
354_PR_5	5	2	51407	30
16_SA_1	1	1	451	110
207_SA_3	3	1	406	50
128_SA_2	2	1	190	120
17_NU_1	1	5	1085	180
129_NU_2	2	5	881	120
283_SA_4	4	1	2712	180
355_LC_5	5	3	1449	150
130_SA_2	2	1	1531	90
356_SA_5	5	1	415	150
131_PR_2	2	2	48214	215
18_SA_1	1	1	1503	90
208_SA_3	3	1	1495	90
209_SA_3	3	1	1222	45
132_SA_2	2	1	1299	20
19_SA_1	1	1	98159	180
210_SA_3	3	1	120360	180
284_SA_4	4	1	63413	240
134_SA_2	2	1	48754	60
133_SA_2	2	1	39027	90
357_SA_5	5	1	43787	60
285_SA_4	4	1	67860	60
135_SA_2	2	1	58157	60
20_SA_1	1	1	42142	60
136_LC_2	2	3	191	30
286_PR_4	4	2	47885	60
360_LC_5	5	3	44595	10
358_PR_5	5	2	36061	70
137_PR_2	2	2	48852	150
359_LC_5	5	3	51140	10
361_SA_5	5	1	56851	10
21_NU_1	1	5	10810	90
211_NU_3	3	5	16204	40
362_PR_5	5	2	56654	240
22_PR_1	1	2	43717	60
213_LC_3	3	3	35428	90
139_PR_2	2	2	49061	60
140_SA_2	2	1	36965	50
288_SA_4	4	1	47792	60
287_PR_4	4	2	43876	90
212_SA_3	3	1	53801	40
138_VI_2	2	4	33647	90
363_VI_5	5	4	2551	10
214_VI_3	3	4	2651	25
215_PR_3	3	2	66519	45
23_SA_1	1	1	39068	90
24_PR_1	1	2	7379	100
289_LC_4	4	3	46095	110
25_PR_1	1	2	6220	90
141_NU_2	2	5	503	150
26_NU_1	1	5	374	420
27_LC_1	1	3	2430	180
216_SA_3	3	1	15019	80
28_SA_1	1	1	533	30
29_SA_1	1	1	46233	60
364_PR_5	5	2	2233	1
217_SA_3	3	1	1134	150
365_SA_5	5	1	1187	120
290_SA_4	4	1	1046	60
291_SA_4	4	1	3302	150
292_PR_4	4	2	2760	50
293_PR_4	4	2	2777	165
294_SA_4	4	1	22246	90
142_LC_2	2	3	5968	50
218_SA_3	3	1	2208	120
219_SA_3	3	1	3677	90
143_SA_2	2	1	3724	180
144_SA_2	2	1	274	90
145_LC_2	2	3	140	60
146_SA_2	2	1	187	165
147_LC_2	2	3	236	30
220_PR_3	3	2	201	60
30_PR_1	1	2	9279	60
295_LC_4	4	3	74	60
366_SA_5	5	1	8645	20
32_SA_1	1	1	28562	90
31_SA_1	1	1	12767	90
367_PR_5	5	2	34160	15
33_LC_1	1	3	4898	150
221_PR_3	3	2	50139	35
296_SA_4	4	1	46150	90
222_PR_3	3	2	55045	60
223_PR_3	3	2	69058	40
224_PR_3	3	2	2015	50
34_LC_1	1	3	52429	80
148_SA_2	2	1	10440	90
368_PR_5	5	2	20137	5
369_SA_5	5	1	66889	120
370_SA_5	5	1	53436	140
225_SA_3	3	1	412	80
35_SA_1	1	1	364	105
297_SA_4	4	1	1730	100
36_LC_1	1	3	51381	60
298_PR_4	4	2	270	120
150_SA_2	2	1	1578	120
149_SA_2	2	1	2107	235
151_SA_2	2	1	80651	120
38_PR_1	1	2	52357	80
371_PR_5	5	2	49430	30
37_PR_1	1	2	37266	60
39_LC_1	1	3	3220	90
226_PR_3	3	2	40885	65
372_LC_5	5	3	48350	60
227_LC_3	3	3	3147	120
40_SA_1	1	1	2533	60
228_SA_3	3	1	48035	100
152_LC_2	2	3	2034	1
41_LC_1	1	3	2658	120
42_PR_1	1	2	3304	60
299_LC_4	4	3	266	60
43_SA_1	1	1	4172	207
300_SA_4	4	1	51945	105
301_SA_4	4	1	459	75
44_PR_1	1	2	771	25
153_PR_2	2	2	44126	230
302_SA_4	4	1	53564	90
373_SA_5	5	1	1710	60
154_PR_2	2	2	58579	170
374_PR_5	5	2	51923	105
155_SA_2	2	1	51225	240
375_PR_5	5	2	55782	170
229_SA_3	3	1	543	60
156_PR_2	2	2	53501	80
45_VI_1	1	4	10278	75
46_SA_1	1	1	71	90
47_SA_1	1	1	81	90
230_PR_3	3	2	24663	30
303_LC_4	4	3	50644	60
376_PR_5	5	2	53382	75
304_VI_4	4	4	1520	120
231_SA_3	3	1	2246	80
49_SA_1	1	1	1202	60
306_SA_4	4	1	1591	270
305_PR_4	4	2	1425	25
377_PR_5	5	2	1310	30
157_SA_2	2	1	1216	150
48_SA_1	1	1	1986	60
232_PR_3	3	2	1081	120
307_SA_4	4	1	62014	120
233_SA_3	3	1	43326	40
378_PR_5	5	2	36657	30
234_LC_3	3	3	2504	60
235_LC_3	3	3	288	120
379_LC_5	5	3	57297	60
50_LC_1	1	3	49881	80
158_PR_2	2	2	3054	85
236_VI_3	3	4	123	90
308_PR_4	4	2	46464	30
237_PR_3	3	2	58434	70
159_SA_2	2	1	2814	55
51_SA_1	1	1	2658	90
160_PR_2	2	2	31862	60
309_PR_4	4	2	57310	60
310_PR_4	4	2	35233	120
161_LC_2	2	3	66219	180
238_SA_3	3	1	7429	60
162_SA_2	2	1	4979	1
239_SA_3	3	1	47267	180
52_PR_1	1	2	4636	30
240_PR_3	3	2	4669	60
53_NU_1	1	5	71779	90
311_PR_4	4	2	41102	60
241_SA_3	3	1	42950	20
55_LC_1	1	3	1188	60
54_LC_1	1	3	1178	60
312_PR_4	4	2	223037	50
56_LC_1	1	3	51	150
313_PR_4	4	2	1012	50
163_PR_2	2	2	974	120
164_NU_2	2	5	1665	90
314_SA_4	4	1	2938	20
380_LC_5	5	3	6479	234
59_SA_1	1	1	7050	60
57_SA_1	1	1	5116	60
58_SA_1	1	1	4246	60
165_SA_2	2	1	54445	120
60_LC_1	1	3	2656	90
167_SA_2	2	1	48373	60
64_SA_1	1	1	68498	10
62_SA_1	1	1	36315	150
61_SA_1	1	1	61471	30
166_SA_2	2	1	60762	40
65_SA_1	1	1	54412	30
63_SA_1	1	1	54127	75
381_SA_5	5	1	45818	60
242_LC_3	3	3	57102	40
315_SA_4	4	1	2540	180
316_NU_4	4	5	9884	60
66_PR_1	1	2	279	75
168_SA_2	2	1	980	60
67_SA_1	1	1	165	60
317_LC_4	4	3	49231	45
243_SA_3	3	1	1253	120
318_SA_4	4	1	1224	240
68_SA_1	1	1	201	120
69_VI_1	1	4	40105	60
382_PR_5	5	2	2666	30
319_PR_4	4	2	2206	90
71_PR_1	1	2	18869	520
70_SA_1	1	1	22382	180
170_SA_2	2	1	16605	120
244_SA_3	3	1	15942	80
169_LC_2	2	3	20865	135
171_PR_2	2	2	9331	65
172_NU_2	2	5	60323	60
321_SA_4	4	1	38528	240
383_SA_5	5	1	57165	240
73_PR_1	1	2	63088	120
72_SA_1	1	1	49186	195
320_SA_4	4	1	51992	120
322_SA_4	4	1	60929	90
245_SA_3	3	1	433	160
384_SA_5	5	1	352	240
323_SA_4	4	1	351	120
246_LC_3	3	3	3234	100
247_SA_3	3	1	40373	90
74_SA_1	1	1	207	60
75_SA_1	1	1	33940	75
174_SA_2	2	1	73406	360
173_SA_2	2	1	51319	55
175_SA_2	2	1	32968	90
385_SA_5	5	1	45913	60
248_SA_3	3	1	1450	60
176_SA_2	2	1	1025	90
177_PR_2	2	2	107	50
249_SA_3	3	1	46271	75
76_SA_1	1	1	229	100
250_SA_3	3	1	45809	60
77_SA_1	1	1	60339	120
178_NU_2	2	5	299	20
324_SA_4	4	1	58170	130
325_PR_4	4	2	3962	180
386_SA_5	5	1	44695	90
179_PR_2	2	2	56280	100
251_PR_3	3	2	6036	60
180_LC_2	2	3	40616	60
326_SA_4	4	1	1092	1
78_SA_1	1	1	1192	60
79_SA_1	1	1	873	100
181_LC_2	2	3	790	120
252_SA_3	3	1	1002	55
387_SA_5	5	1	35802	90
80_SA_1	1	1	50486	90
81_SA_1	1	1	4536	60
388_SA_5	5	1	1781	60
389_SA_5	5	1	47587	90
253_SA_3	3	1	61731	60
82_VI_1	1	4	7455	30
390_LC_5	5	3	5194	180
255_PR_3	3	2	44765	150
254_PR_3	3	2	40927	60
256_PR_3	3	2	887	90
257_SA_3	3	1	1416	5
258_SA_3	3	1	2542	120
83_SA_1	1	1	1868	240
327_SA_4	4	1	19034	120
84_LC_1	1	3	42101	15
85_PR_1	1	2	118	70
86_PR_1	1	2	50471	90
259_SA_3	3	1	180	110
260_SA_3	3	1	184	120
261_SA_3	3	1	4624	90
87_SA_1	1	1	1814	60
262_SA_3	3	1	1768	120
88_LC_1	1	3	66468	120
328_LC_4	4	3	75224	120
329_LC_4	4	3	53427	90
182_LC_2	2	3	61169	60
183_NU_2	2	5	336	20
263_SA_3	3	1	59512	60
184_SA_2	2	1	41323	15
185_SA_2	2	1	60240	35
331_SA_4	4	1	59056	160
330_SA_4	4	1	51846	120
264_SA_3	3	1	42208	65
186_PR_2	2	2	174	120
187_SA_2	2	1	57408	210
89_PR_1	1	2	34592	70
90_SA_1	1	1	60	90
391_LC_5	5	3	47403	75
393_PR_5	5	2	59062	150
91_PR_1	1	2	53430	120
392_PR_5	5	2	45473	35
188_VI_2	2	4	44	100
332_PR_4	4	2	1901	120
265_PR_3	3	2	50302	100
92_SA_1	1	1	55939	60
333_VI_4	4	4	54892	90
394_PR_5	5	2	60668	75
93_SA_1	1	1	2563	90
94_NU_1	1	5	45698	160
95_SA_1	1	1	308	140
334_SA_4	4	1	661	30
96_VI_1	1	4	46954	50
98_PR_1	1	2	50574	10
97_PR_1	1	2	47971	20
335_SA_4	4	1	15277	30
266_SA_3	3	1	5411	80
99_SA_1	1	1	91	75
267_NU_3	3	5	5611	50
336_VI_4	4	4	496	240
337_PR_4	4	2	3296	1
395_SA_5	5	1	131	90
338_SA_4	4	1	137	60
396_SA_5	5	1	26869	60
397_SA_5	5	1	65203	10
268_SA_3	3	1	1188	90
398_NU_5	5	5	7905	150
340_SA_4	4	1	9327	60
339_SA_4	4	1	6579	140
189_PR_2	2	2	5997	80
399_SA_5	5	1	41660	60
190_SA_2	2	1	53614	30
100_PR_1	1	2	3702	60
269_SA_3	3	1	259276	40
400_PR_5	5	2	50380	45
270_PR_3	3	2	12898	75
