#Nombre	DiaAten	ModelId		T.Servicio	Penalty
191_PR_3	3	1	60	18337
101_PR_2	2	1	60	18337
1_PR_1	1	1	90	18948
341_SA_5	5	1	70	19212
102_SA_2	2	2	120	19383
2_SA_1	1	2	90	19530
103_SA_2	2	3	120	19540
104_LC_2	2	4	120	19564
271_PR_4	4	1	60	19693
105_LC_2	-3	5	200	39450
342_PR_5	5	2	60	19731
192_PR_3	3	2	130	19734
193_LC_3	3	3	70	19885
272_LC_4	4	2	130	19886
273_LC_4	4	3	90	19890
343_LC_5	5	3	45	19905
274_SA_4	4	4	60	19908
3_SA_1	1	3	75	19988
106_NU_2	2	6	75	19988
107_PR_2	2	7	30	19996
344_LC_5	5	4	120	20045
108_LC_2	2	8	10	20045
345_SA_5	5	5	150	20073
194_PR_3	3	4	20	20148
4_LC_1	1	4	120	20177
195_SA_3	3	5	150	20181
5_SA_1	1	5	90	20191
197_SA_3	3	6	120	20191
346_LC_5	5	6	70	20191
199_SA_3	3	7	80	20191
196_PR_3	3	8	45	20191
198_SA_3	3	9	60	20191
6_SA_1	1	6	30	20240
200_SA_3	3	10	60	20240
201_LC_3	3	11	270	20240
347_SA_5	5	7	20	20303
7_SA_1	1	7	290	20347
202_SA_3	3	12	180	20347
8_SA_1	1	8	60	20347
110_SA_2	2	9	120	20347
111_SA_2	2	10	120	20347
112_SA_2	2	11	60	20347
109_SA_2	2	12	110	20347
114_SA_2	2	13	60	20347
113_SA_2	2	14	60	20347
203_SA_3	3	13	45	20347
115_PR_2	2	15	90	20352
348_SA_5	5	8	60	20374
349_SA_5	5	9	15	20374
9_SA_1	1	9	360	20384
10_SA_1	1	10	60	20384
13_SA_1	1	11	60	20384
14_SA_1	1	12	90	20384
350_SA_5	5	10	180	20384
12_SA_1	-2	13	75	40768
204_SA_3	3	14	80	20384
205_SA_3	3	15	60	20384
352_PR_5	5	11	70	20384
11_SA_1	1	14	120	20384
275_SA_4	4	5	90	20384
276_SA_4	4	6	60	20384
277_SA_4	4	7	120	20384
120_SA_2	2	16	55	20384
279_SA_4	4	8	300	20384
280_NU_4	4	9	60	20384
119_SA_2	2	17	60	20384
124_SA_2	2	18	30	20384
121_LC_2	2	19	45	20384
122_SA_2	2	20	50	20384
351_SA_5	5	12	60	20384
118_SA_2	-3	21	120	40768
278_PR_4	4	10	150	20384
116_SA_2	2	22	60	20384
117_SA_2	2	23	140	20384
123_SA_2	2	24	50	20384
15_SA_1	1	15	240	20395
125_SA_2	2	25	60	20413
281_PR_4	4	11	70	20413
282_LC_4	4	12	90	20439
127_PR_2	2	26	80	20442
206_PR_3	3	16	35	20442
126_PR_2	2	27	180	20442
353_SA_5	5	13	5	20461
354_PR_5	5	14	30	20475
16_SA_1	1	16	110	20498
207_SA_3	3	17	50	20498
128_SA_2	2	28	120	20518
17_NU_1	1	17	180	20559
129_NU_2	2	29	120	20559
283_SA_4	4	13	180	20572
355_LC_5	5	15	150	20587
130_SA_2	-3	30	90	41174
356_SA_5	5	16	150	20613
131_PR_2	2	31	215	20635
18_SA_1	1	18	90	20643
208_SA_3	-4	18	90	41286
209_SA_3	3	19	45	20643
132_SA_2	2	32	20	20643
19_SA_1	-2	19	180	41290
210_SA_3	3	20	180	20645
284_SA_4	4	14	240	20645
134_SA_2	2	33	60	20667
133_SA_2	2	34	90	20667
357_SA_5	5	17	60	20667
285_SA_4	4	15	60	20679
135_SA_2	2	35	60	20687
20_SA_1	1	20	60	20687
136_LC_2	2	36	30	20694
286_PR_4	4	16	60	20698
360_LC_5	5	18	10	20698
358_PR_5	5	19	70	20698
137_PR_2	2	37	150	20698
359_LC_5	5	20	10	20698
361_SA_5	5	21	10	20698
21_NU_1	-2	21	90	41398
211_NU_3	3	21	40	20699
362_PR_5	5	22	240	20701
22_PR_1	1	22	60	20726
213_LC_3	-4	22	90	41452
139_PR_2	-3	38	60	41452
140_SA_2	2	39	50	20726
288_SA_4	4	17	60	20726
287_PR_4	4	18	90	20726
212_SA_3	3	23	40	20726
138_VI_2	2	40	90	20726
363_VI_5	5	23	10	20732
214_VI_3	3	24	25	20732
215_PR_3	3	25	45	20759
23_SA_1	1	23	90	20771
24_PR_1	1	24	100	20777
289_LC_4	4	19	110	20788
25_PR_1	1	25	90	20788
141_NU_2	2	41	150	20789
26_NU_1	-2	26	420	41578
27_LC_1	1	27	180	20806
216_SA_3	3	26	80	20810
28_SA_1	-2	28	30	41644
29_SA_1	1	29	60	20841
364_PR_5	5	24	1	20862
217_SA_3	3	27	150	20865
365_SA_5	5	25	120	20865
290_SA_4	4	20	60	20865
291_SA_4	4	21	150	20881
292_PR_4	4	22	50	20883
293_PR_4	4	23	165	20883
294_SA_4	4	24	90	20930
142_LC_2	2	42	50	20938
218_SA_3	3	28	120	20986
219_SA_3	3	29	90	20986
143_SA_2	-3	43	180	41972
144_SA_2	2	44	90	20992
145_LC_2	2	45	60	21002
146_SA_2	2	46	165	21002
147_LC_2	2	47	30	21002
220_PR_3	-4	30	60	42004
30_PR_1	-2	30	60	42044
295_LC_4	4	25	60	21037
366_SA_5	5	26	20	21040
32_SA_1	1	31	90	21073
31_SA_1	-2	32	90	42146
367_PR_5	5	27	15	21091
33_LC_1	1	33	150	21093
221_PR_3	-4	31	35	42194
296_SA_4	4	26	90	21100
222_PR_3	3	32	60	21105
223_PR_3	3	33	40	21119
224_PR_3	3	34	50	21122
34_LC_1	1	34	80	21135
148_SA_2	2	48	90	21161
368_PR_5	5	28	5	21213
369_SA_5	5	29	120	21225
370_SA_5	5	30	140	21225
225_SA_3	3	35	80	21225
35_SA_1	1	35	105	21225
297_SA_4	4	27	100	21226
36_LC_1	1	36	60	21232
298_PR_4	4	28	120	21268
150_SA_2	2	49	120	21272
149_SA_2	-3	50	235	42544
151_SA_2	2	51	120	21273
38_PR_1	1	37	80	21273
371_PR_5	5	31	30	21273
37_PR_1	1	38	60	21273
39_LC_1	-2	39	90	42576
226_PR_3	3	36	65	21325
372_LC_5	5	32	60	21331
227_LC_3	3	37	120	21332
40_SA_1	1	40	60	21343
228_SA_3	3	38	100	21344
152_LC_2	2	52	1	21348
41_LC_1	1	41	120	21352
42_PR_1	1	42	60	21352
299_LC_4	4	29	60	21375
43_SA_1	1	43	207	21377
300_SA_4	4	30	105	21445
301_SA_4	4	31	75	21460
44_PR_1	1	44	25	21467
153_PR_2	2	53	230	21467
302_SA_4	4	32	90	21468
373_SA_5	5	33	60	21468
154_PR_2	2	54	170	21475
374_PR_5	5	34	105	21475
155_SA_2	2	55	240	21476
375_PR_5	5	35	170	21503
229_SA_3	3	39	60	21507
156_PR_2	2	56	80	21515
45_VI_1	1	45	75	21520
46_SA_1	1	46	90	21524
47_SA_1	1	47	90	21524
230_PR_3	3	40	30	21540
303_LC_4	4	33	60	21578
376_PR_5	5	36	75	21598
304_VI_4	4	34	120	21606
231_SA_3	3	41	80	21606
49_SA_1	1	48	60	21606
306_SA_4	4	35	270	21606
305_PR_4	4	36	25	21606
377_PR_5	5	37	30	21606
157_SA_2	2	57	150	21606
48_SA_1	1	49	60	21606
232_PR_3	3	42	120	21606
307_SA_4	4	37	120	21634
233_SA_3	3	43	40	21646
378_PR_5	5	38	30	21647
234_LC_3	3	44	60	21654
235_LC_3	3	45	120	21672
379_LC_5	5	39	60	21672
50_LC_1	1	50	80	21681
158_PR_2	2	58	85	21710
236_VI_3	3	46	90	21712
308_PR_4	4	38	30	21715
237_PR_3	3	47	70	21715
159_SA_2	2	59	55	21715
51_SA_1	1	51	90	21715
160_PR_2	2	60	60	21724
309_PR_4	4	39	60	21748
310_PR_4	4	40	120	21748
161_LC_2	2	61	180	21757
238_SA_3	-4	48	60	43536
162_SA_2	2	62	1	21781
239_SA_3	3	49	180	21786
52_PR_1	1	52	30	21798
240_PR_3	3	50	60	21798
53_NU_1	-2	53	90	43638
311_PR_4	4	41	60	21834
241_SA_3	3	51	20	21844
55_LC_1	1	54	60	21857
54_LC_1	1	55	60	21857
312_PR_4	4	42	50	21884
56_LC_1	1	56	150	21889
313_PR_4	4	43	50	21896
163_PR_2	2	63	120	21896
164_NU_2	2	64	90	21908
314_SA_4	4	44	20	21917
380_LC_5	5	40	234	21917
59_SA_1	1	57	60	21918
57_SA_1	1	58	60	21918
58_SA_1	1	59	60	21918
165_SA_2	-3	65	120	43930
60_LC_1	1	60	90	21973
167_SA_2	2	66	60	21977
64_SA_1	1	61	10	21977
62_SA_1	1	62	150	21977
61_SA_1	1	63	30	21977
166_SA_2	2	67	40	21977
65_SA_1	1	64	30	21977
63_SA_1	1	65	75	21977
381_SA_5	5	41	60	21977
242_LC_3	3	52	40	22000
315_SA_4	4	45	180	22007
316_NU_4	4	46	60	22020
66_PR_1	1	66	75	22029
168_SA_2	2	68	60	22039
67_SA_1	1	67	60	22063
317_LC_4	4	47	45	22066
243_SA_3	3	53	120	22072
318_SA_4	4	48	240	22072
68_SA_1	1	68	120	22081
69_VI_1	1	69	60	22083
382_PR_5	5	42	30	22099
319_PR_4	-5	49	90	44202
71_PR_1	1	70	520	22118
70_SA_1	-2	71	180	44236
170_SA_2	2	69	120	22118
244_SA_3	3	54	80	22118
169_LC_2	2	70	135	22118
171_PR_2	2	71	65	22128
172_NU_2	2	72	60	22170
321_SA_4	4	50	240	22190
383_SA_5	5	43	240	22190
73_PR_1	1	72	120	22190
72_SA_1	1	73	195	22190
320_SA_4	4	51	120	22190
322_SA_4	4	52	90	22190
245_SA_3	-4	55	160	44386
384_SA_5	5	44	240	22193
323_SA_4	4	53	120	22193
246_LC_3	3	56	100	22199
247_SA_3	3	57	90	22199
74_SA_1	1	74	60	22203
75_SA_1	1	75	75	22223
174_SA_2	-3	73	360	44446
173_SA_2	2	74	55	22223
175_SA_2	2	75	90	22223
385_SA_5	5	45	60	22223
248_SA_3	3	58	60	22235
176_SA_2	2	76	90	22240
177_PR_2	2	77	50	22248
249_SA_3	3	59	75	22254
76_SA_1	-2	76	100	44550
250_SA_3	3	60	60	22300
77_SA_1	1	77	120	22300
178_NU_2	2	78	20	22311
324_SA_4	4	54	130	22325
325_PR_4	4	55	180	22326
386_SA_5	5	46	90	22338
179_PR_2	-3	79	100	44692
251_PR_3	3	61	60	22365
180_LC_2	2	80	60	22399
326_SA_4	4	56	1	22415
78_SA_1	1	78	60	22415
79_SA_1	1	79	100	22415
181_LC_2	2	81	120	22415
252_SA_3	3	62	55	22415
387_SA_5	5	47	90	22427
80_SA_1	1	80	90	22437
81_SA_1	1	81	60	22445
388_SA_5	5	48	60	22465
389_SA_5	5	49	90	22468
253_SA_3	3	63	60	22468
82_VI_1	1	82	30	22480
390_LC_5	5	50	180	22510
255_PR_3	3	64	150	22521
254_PR_3	3	65	60	22521
256_PR_3	3	66	90	22525
257_SA_3	3	67	5	22571
258_SA_3	3	68	120	22603
83_SA_1	1	83	240	22603
327_SA_4	4	57	120	22613
84_LC_1	1	84	15	22616
85_PR_1	1	85	70	22625
86_PR_1	-2	86	90	45270
259_SA_3	3	69	110	22648
260_SA_3	3	70	120	22671
261_SA_3	3	71	90	22691
87_SA_1	1	87	60	22696
262_SA_3	3	72	120	22696
88_LC_1	1	88	120	22714
328_LC_4	4	58	120	22715
329_LC_4	4	59	90	22715
182_LC_2	2	82	60	22736
183_NU_2	2	83	20	22749
263_SA_3	3	73	60	22751
184_SA_2	2	84	15	22751
185_SA_2	2	85	35	22758
331_SA_4	4	60	160	22758
330_SA_4	4	61	120	22758
264_SA_3	3	74	65	22762
186_PR_2	2	86	120	22763
187_SA_2	2	87	210	22798
89_PR_1	1	89	70	22798
90_SA_1	1	90	90	22802
391_LC_5	5	51	75	22845
393_PR_5	5	52	150	22873
91_PR_1	1	91	120	22873
392_PR_5	5	53	35	22873
188_VI_2	2	88	100	22876
332_PR_4	4	62	120	22939
265_PR_3	3	75	100	22944
92_SA_1	1	92	60	23016
333_VI_4	4	63	90	23073
394_PR_5	5	54	75	23132
93_SA_1	1	93	90	23215
94_NU_1	1	94	160	23237
95_SA_1	1	95	140	23291
334_SA_4	4	64	30	23371
96_VI_1	1	96	50	23375
98_PR_1	1	97	10	23478
97_PR_1	1	98	20	23478
335_SA_4	4	65	30	23503
266_SA_3	3	76	80	23504
99_SA_1	1	99	75	23527
267_NU_3	3	77	50	23540
336_VI_4	4	66	240	23701
337_PR_4	4	67	1	23767
395_SA_5	5	55	90	23940
338_SA_4	4	68	60	23940
396_SA_5	5	56	60	24012
397_SA_5	5	57	10	24012
268_SA_3	3	78	90	24069
398_NU_5	5	58	150	24139
340_SA_4	4	69	60	24139
339_SA_4	4	70	140	24139
189_PR_2	-3	89	80	48278
399_SA_5	5	59	60	24290
190_SA_2	2	90	30	24290
100_PR_1	1	100	60	24402
269_SA_3	3	79	40	24602
400_PR_5	5	60	45	25331
270_PR_3	3	80	75	25359
