#Nombre	DiaAten	ModelId		T.Servicio	Penalty
191_PR_3	3	1	60	2182
101_PR_2	2	1	60	2092
1_PR_1	1	1	90	444
341_SA_5	5	1	70	3170
102_SA_2	-3	2	120	8230
2_SA_1	1	2	90	59392
103_SA_2	2	3	120	64321
104_LC_2	-3	4	120	820
271_PR_4	4	1	60	20958
105_LC_2	2	5	200	61656
342_PR_5	5	2	60	750
192_PR_3	3	2	130	4655
193_LC_3	3	3	70	2237
272_LC_4	4	2	130	67664
273_LC_4	4	3	90	2765
343_LC_5	5	3	45	30603
274_SA_4	4	4	60	67897
3_SA_1	1	3	75	54591
106_NU_2	2	6	75	45429
107_PR_2	2	7	30	41130
344_LC_5	5	4	120	810
108_LC_2	2	8	10	60773
345_SA_5	-6	5	150	600
194_PR_3	3	4	20	39794
4_LC_1	-2	4	120	4616
195_SA_3	3	5	150	4811
5_SA_1	1	5	90	72897
197_SA_3	3	6	120	67081
346_LC_5	5	6	70	59304
199_SA_3	3	7	80	13993
196_PR_3	3	8	45	80543
198_SA_3	3	9	60	59417
6_SA_1	1	6	30	4856
200_SA_3	3	10	60	5740
201_LC_3	3	11	270	5925
347_SA_5	5	7	20	21720
7_SA_1	1	7	290	34484
202_SA_3	3	12	180	64891
8_SA_1	1	8	60	58735
110_SA_2	2	9	120	44641
111_SA_2	2	10	120	51855
112_SA_2	2	11	60	40323
109_SA_2	2	12	110	29255
114_SA_2	2	13	60	32253
113_SA_2	2	14	60	49778
203_SA_3	3	13	45	27484
115_PR_2	2	15	90	34776
348_SA_5	5	8	60	9020
349_SA_5	5	9	15	7854
9_SA_1	-2	9	360	1204
10_SA_1	-2	10	60	580
13_SA_1	1	11	60	500
14_SA_1	-2	12	90	2100
350_SA_5	-6	10	180	1618
12_SA_1	-2	13	75	922
204_SA_3	-4	14	80	1846
205_SA_3	-4	15	60	616
352_PR_5	-6	11	70	1188
11_SA_1	-2	14	120	1380
275_SA_4	-5	5	90	1116
276_SA_4	-5	6	60	1440
277_SA_4	-5	7	120	1290
120_SA_2	-3	16	55	738
279_SA_4	-5	8	300	1602
280_NU_4	-5	9	60	1678
119_SA_2	-3	17	60	1142
124_SA_2	2	18	30	661
121_LC_2	-3	19	45	1400
122_SA_2	2	20	50	585
351_SA_5	5	12	60	640
118_SA_2	-3	21	120	1866
278_PR_4	-5	10	150	1662
116_SA_2	-3	22	60	960
117_SA_2	-3	23	140	1364
123_SA_2	-3	24	50	1520
15_SA_1	1	15	240	72190
125_SA_2	2	25	60	49409
281_PR_4	4	11	70	73617
282_LC_4	4	12	90	46496
127_PR_2	2	26	80	134559
206_PR_3	3	16	35	132280
126_PR_2	2	27	180	88633
353_SA_5	-6	13	5	156
354_PR_5	5	14	30	68971
16_SA_1	-2	16	110	442
207_SA_3	-4	17	50	406
128_SA_2	-3	28	120	366
17_NU_1	-2	17	180	2472
129_NU_2	2	29	120	1280
283_SA_4	4	13	180	2125
355_LC_5	-6	15	150	1978
130_SA_2	2	30	90	1651
356_SA_5	-6	16	150	432
131_PR_2	2	31	215	56013
18_SA_1	1	18	90	2117
208_SA_3	-4	18	90	3146
209_SA_3	-4	19	45	1064
132_SA_2	-3	32	20	3624
19_SA_1	1	19	180	95864
210_SA_3	3	20	180	87952
284_SA_4	4	14	240	78676
134_SA_2	2	33	60	40620
133_SA_2	2	34	90	40878
357_SA_5	5	17	60	54174
285_SA_4	4	15	60	52210
135_SA_2	2	35	60	57481
20_SA_1	1	20	60	50008
136_LC_2	-3	36	30	598
286_PR_4	4	16	60	58533
360_LC_5	5	18	10	66926
358_PR_5	5	19	70	53642
137_PR_2	2	37	150	63958
359_LC_5	5	20	10	47034
361_SA_5	5	21	10	37266
21_NU_1	1	21	90	28765
211_NU_3	3	21	40	19202
362_PR_5	5	22	240	45717
22_PR_1	1	22	60	29047
213_LC_3	3	22	90	58932
139_PR_2	2	38	60	29538
140_SA_2	2	39	50	28887
288_SA_4	4	17	60	75497
287_PR_4	4	18	90	58996
212_SA_3	3	23	40	73760
138_VI_2	2	40	90	61074
363_VI_5	5	23	10	1196
214_VI_3	3	24	25	2549
215_PR_3	3	25	45	46259
23_SA_1	1	23	90	43246
24_PR_1	1	24	100	4036
289_LC_4	4	19	110	27279
25_PR_1	-2	25	90	1586
141_NU_2	2	41	150	472
26_NU_1	-2	26	420	780
27_LC_1	1	27	180	2938
216_SA_3	3	26	80	26963
28_SA_1	-2	28	30	682
29_SA_1	1	29	60	36246
364_PR_5	5	24	1	2373
217_SA_3	-4	27	150	1572
365_SA_5	5	25	120	546
290_SA_4	-5	20	60	1932
291_SA_4	4	21	150	3641
292_PR_4	4	22	50	1488
293_PR_4	4	23	165	2342
294_SA_4	4	24	90	28935
142_LC_2	2	42	50	4297
218_SA_3	3	28	120	2475
219_SA_3	-4	29	90	7054
143_SA_2	-3	43	180	4582
144_SA_2	-3	44	90	720
145_LC_2	-3	45	60	410
146_SA_2	-3	46	165	420
147_LC_2	-3	47	30	350
220_PR_3	3	30	60	176
30_PR_1	1	30	60	5483
295_LC_4	-5	25	60	152
366_SA_5	5	26	20	11199
32_SA_1	1	31	90	25069
31_SA_1	1	32	90	10967
367_PR_5	5	27	15	52482
33_LC_1	1	33	150	3225
221_PR_3	3	31	35	74120
296_SA_4	4	26	90	65478
222_PR_3	3	32	60	61650
223_PR_3	3	33	40	43598
224_PR_3	3	34	50	3252
34_LC_1	1	34	80	46736
148_SA_2	2	48	90	10834
368_PR_5	5	28	5	17380
369_SA_5	5	29	120	42621
370_SA_5	5	30	140	56013
225_SA_3	-4	35	80	722
35_SA_1	-2	35	105	566
297_SA_4	-5	27	100	2762
36_LC_1	1	36	60	54221
298_PR_4	-5	28	120	384
150_SA_2	-3	49	120	2680
149_SA_2	-3	50	235	3908
151_SA_2	2	51	120	85212
38_PR_1	1	37	80	50993
371_PR_5	5	31	30	60212
37_PR_1	1	38	60	49336
39_LC_1	-2	39	90	4392
226_PR_3	3	36	65	54522
372_LC_5	5	32	60	53513
227_LC_3	3	37	120	4580
40_SA_1	1	40	60	2163
228_SA_3	3	38	100	54822
152_LC_2	2	52	1	2135
41_LC_1	-2	41	120	5048
42_PR_1	-2	42	60	6158
299_LC_4	-5	29	60	258
43_SA_1	-2	43	207	6526
300_SA_4	4	30	105	27624
301_SA_4	-5	31	75	634
44_PR_1	1	44	25	1190
153_PR_2	2	53	230	22916
302_SA_4	4	32	90	58799
373_SA_5	5	33	60	2286
154_PR_2	2	54	170	20601
374_PR_5	5	34	105	48535
155_SA_2	2	55	240	68465
375_PR_5	5	35	170	41973
229_SA_3	-4	39	60	1246
156_PR_2	2	56	80	45680
45_VI_1	1	45	75	7776
46_SA_1	-2	46	90	120
47_SA_1	-2	47	90	288
230_PR_3	3	40	30	30282
303_LC_4	4	33	60	42471
376_PR_5	5	36	75	39969
304_VI_4	-5	34	120	1560
231_SA_3	-4	41	80	3502
49_SA_1	-2	48	60	1654
306_SA_4	4	35	270	2320
305_PR_4	-5	36	25	2338
377_PR_5	-6	37	30	2540
157_SA_2	-3	57	150	2476
48_SA_1	1	49	60	1900
232_PR_3	-4	42	120	4064
307_SA_4	4	37	120	36911
233_SA_3	3	43	40	58709
378_PR_5	5	38	30	52636
234_LC_3	-4	44	60	5092
235_LC_3	-4	45	120	882
379_LC_5	5	39	60	27254
50_LC_1	1	50	80	54341
158_PR_2	2	58	85	1031
236_VI_3	-4	46	90	392
308_PR_4	4	38	30	71775
237_PR_3	3	47	70	54610
159_SA_2	2	59	55	3779
51_SA_1	-2	51	90	5214
160_PR_2	2	60	60	53953
309_PR_4	4	39	60	48359
310_PR_4	4	40	120	59533
161_LC_2	2	61	180	48798
238_SA_3	3	48	60	9137
162_SA_2	2	62	1	4303
239_SA_3	3	49	180	47227
52_PR_1	1	52	30	4285
240_PR_3	3	50	60	3503
53_NU_1	1	53	90	52382
311_PR_4	4	41	60	44676
241_SA_3	3	51	20	47287
55_LC_1	-2	54	60	2414
54_LC_1	1	55	60	1029
312_PR_4	4	42	50	105689
56_LC_1	-2	56	150	172
313_PR_4	4	43	50	1469
163_PR_2	-3	63	120	3344
164_NU_2	-3	64	90	4436
314_SA_4	4	44	20	2904
380_LC_5	5	40	234	4197
59_SA_1	1	57	60	6930
57_SA_1	1	58	60	2793
58_SA_1	1	59	60	6578
165_SA_2	2	65	120	54531
60_LC_1	1	60	90	4076
167_SA_2	2	66	60	72505
64_SA_1	1	61	10	47609
62_SA_1	1	62	150	48698
61_SA_1	1	63	30	47973
166_SA_2	2	67	40	61615
65_SA_1	1	64	30	38517
63_SA_1	1	65	75	27763
381_SA_5	5	41	60	66684
242_LC_3	3	52	40	50169
315_SA_4	-5	45	180	3420
316_NU_4	4	46	60	7632
66_PR_1	-2	66	75	596
168_SA_2	-3	68	60	1216
67_SA_1	-2	67	60	286
317_LC_4	4	47	45	82265
243_SA_3	-4	53	120	3026
318_SA_4	-5	48	240	1676
68_SA_1	1	68	120	198
69_VI_1	1	69	60	54138
382_PR_5	5	42	30	2205
319_PR_4	-5	49	90	2012
71_PR_1	1	70	520	19451
70_SA_1	1	71	180	11516
170_SA_2	2	69	120	6052
244_SA_3	3	54	80	13389
169_LC_2	2	70	135	19471
171_PR_2	2	71	65	9796
172_NU_2	2	72	60	63855
321_SA_4	4	50	240	55654
383_SA_5	5	43	240	64238
73_PR_1	1	72	120	74795
72_SA_1	1	73	195	53648
320_SA_4	4	51	120	54411
322_SA_4	4	52	90	42675
245_SA_3	-4	55	160	340
384_SA_5	-6	44	240	892
323_SA_4	-5	53	120	668
246_LC_3	3	56	100	6186
247_SA_3	3	57	90	37570
74_SA_1	-2	74	60	600
75_SA_1	1	75	75	67780
174_SA_2	2	73	360	39789
173_SA_2	2	74	55	48886
175_SA_2	2	75	90	73290
385_SA_5	5	45	60	62838
248_SA_3	-4	58	60	2076
176_SA_2	2	76	90	1392
177_PR_2	-3	77	50	216
249_SA_3	3	59	75	61526
76_SA_1	1	76	100	279
250_SA_3	3	60	60	47117
77_SA_1	1	77	120	49555
178_NU_2	-3	78	20	382
324_SA_4	4	54	130	51678
325_PR_4	4	55	180	5254
386_SA_5	5	46	90	77652
179_PR_2	2	79	100	76818
251_PR_3	3	61	60	3128
180_LC_2	2	80	60	36132
326_SA_4	4	56	1	973
78_SA_1	1	78	60	1308
79_SA_1	1	79	100	1190
181_LC_2	-3	81	120	2324
252_SA_3	-4	62	55	2660
387_SA_5	5	47	90	70601
80_SA_1	1	80	90	42193
81_SA_1	1	81	60	24115
388_SA_5	5	48	60	1773
389_SA_5	5	49	90	30278
253_SA_3	3	63	60	31035
82_VI_1	1	82	30	9332
390_LC_5	5	50	180	5004
255_PR_3	3	64	150	32214
254_PR_3	3	65	60	35222
256_PR_3	-4	66	90	672
257_SA_3	3	67	5	1238
258_SA_3	3	68	120	2980
83_SA_1	1	83	240	2250
327_SA_4	4	57	120	15297
84_LC_1	1	84	15	16107
85_PR_1	-2	85	70	182
86_PR_1	1	86	90	52106
259_SA_3	-4	69	110	364
260_SA_3	3	70	120	212
261_SA_3	3	71	90	5271
87_SA_1	-2	87	60	3102
262_SA_3	3	72	120	2266
88_LC_1	1	88	120	40697
328_LC_4	4	58	120	68912
329_LC_4	4	59	90	42621
182_LC_2	2	82	60	50304
183_NU_2	-3	83	20	1160
263_SA_3	3	73	60	49467
184_SA_2	2	84	15	65757
185_SA_2	2	85	35	63978
331_SA_4	4	60	160	30657
330_SA_4	4	61	120	39961
264_SA_3	3	74	65	38464
186_PR_2	-3	86	120	420
187_SA_2	2	87	210	55270
89_PR_1	1	89	70	47993
90_SA_1	-2	90	90	108
391_LC_5	5	51	75	43319
393_PR_5	5	52	150	49372
91_PR_1	1	91	120	62743
392_PR_5	5	53	35	39417
188_VI_2	-3	88	100	200
332_PR_4	4	62	120	1939
265_PR_3	3	75	100	45386
92_SA_1	1	92	60	66294
333_VI_4	4	63	90	49347
394_PR_5	5	54	75	48643
93_SA_1	1	93	90	3907
94_NU_1	1	94	160	66853
95_SA_1	1	95	140	619
334_SA_4	4	64	30	998
96_VI_1	1	96	50	34174
98_PR_1	1	97	10	45167
97_PR_1	1	98	20	75593
335_SA_4	4	65	30	13051
266_SA_3	3	76	80	3752
99_SA_1	-2	99	75	154
267_NU_3	3	77	50	5925
336_VI_4	4	66	240	281
337_PR_4	4	67	1	2952
395_SA_5	-6	55	90	310
338_SA_4	-5	68	60	468
396_SA_5	5	56	60	46676
397_SA_5	5	57	10	38303
268_SA_3	3	78	90	1196
398_NU_5	5	58	150	5530
340_SA_4	4	69	60	4915
339_SA_4	4	70	140	6733
189_PR_2	2	89	80	7351
399_SA_5	5	59	60	64172
190_SA_2	2	90	30	51344
100_PR_1	1	100	60	4725
269_SA_3	3	79	40	259780
400_PR_5	5	60	45	64446
270_PR_3	3	80	75	15962
