#Nombre	DiaAten	ModelId		T.Servicio	Penalty
191_PR_3	-4	1	60	658
101_PR_2	-3	1	60	658
1_PR_1	-2	1	90	756
341_SA_5	-6	1	70	780
102_SA_2	-3	2	120	854
2_SA_1	-2	2	90	866
103_SA_2	-3	3	120	914
104_LC_2	-3	4	120	920
271_PR_4	-5	1	60	930
105_LC_2	-3	5	200	936
342_PR_5	-6	2	60	972
192_PR_3	-4	2	130	974
193_LC_3	-4	3	70	1004
272_LC_4	-5	2	130	1008
273_LC_4	-5	3	90	1010
343_LC_5	-6	3	45	1012
274_SA_4	-5	4	60	1054
3_SA_1	-2	3	75	1056
106_NU_2	-3	6	75	1074
107_PR_2	-3	7	30	1082
344_LC_5	-6	4	120	1110
108_LC_2	-3	8	10	1110
345_SA_5	-6	5	150	1128
194_PR_3	-4	4	20	1146
4_LC_1	-2	4	120	1178
195_SA_3	-4	5	150	1182
5_SA_1	-2	5	90	1192
197_SA_3	-4	6	120	1192
346_LC_5	-6	6	70	1192
199_SA_3	-4	7	80	1192
196_PR_3	-4	8	45	1192
198_SA_3	-4	9	60	1192
6_SA_1	-2	6	30	1200
200_SA_3	-4	10	60	1200
201_LC_3	-4	11	270	1200
347_SA_5	-6	7	20	1214
7_SA_1	-2	7	290	1226
202_SA_3	-4	12	180	1226
8_SA_1	-2	8	60	1226
110_SA_2	-3	9	120	1226
111_SA_2	-3	10	120	1226
112_SA_2	-3	11	60	1226
109_SA_2	-3	12	110	1226
114_SA_2	-3	13	60	1226
113_SA_2	-3	14	60	1226
203_SA_3	-4	13	45	1226
115_PR_2	-3	15	90	1248
348_SA_5	-6	8	60	1254
349_SA_5	-6	9	15	1254
9_SA_1	-2	9	360	1258
10_SA_1	-2	10	60	1258
13_SA_1	-2	11	60	1258
14_SA_1	-2	12	90	1258
350_SA_5	-6	10	180	1258
12_SA_1	-2	13	75	1258
204_SA_3	-4	14	80	1258
205_SA_3	-4	15	60	1258
352_PR_5	-6	11	70	1258
11_SA_1	-2	14	120	1258
275_SA_4	-5	5	90	1258
276_SA_4	-5	6	60	1258
277_SA_4	-5	7	120	1258
120_SA_2	-3	16	55	1258
279_SA_4	-5	8	300	1258
280_NU_4	-5	9	60	1258
119_SA_2	-3	17	60	1258
124_SA_2	-3	18	30	1258
121_LC_2	-3	19	45	1258
122_SA_2	-3	20	50	1258
351_SA_5	-6	12	60	1258
118_SA_2	-3	21	120	1258
278_PR_4	-5	10	150	1258
116_SA_2	-3	22	60	1258
117_SA_2	-3	23	140	1258
123_SA_2	-3	24	50	1258
15_SA_1	-2	15	240	1262
125_SA_2	-3	25	60	1262
281_PR_4	-5	11	70	1262
282_LC_4	-5	12	90	1316
127_PR_2	-3	26	80	1324
206_PR_3	-4	16	35	1324
126_PR_2	-3	27	180	1324
353_SA_5	-6	13	5	1328
354_PR_5	-6	14	30	1334
16_SA_1	-2	16	110	1334
207_SA_3	-4	17	50	1334
128_SA_2	-3	28	120	1368
17_NU_1	-2	17	180	1374
129_NU_2	-3	29	120	1374
283_SA_4	-5	13	180	1384
355_LC_5	-6	15	150	1392
130_SA_2	-3	30	90	1392
356_SA_5	-6	16	150	1392
131_PR_2	-3	31	215	1404
18_SA_1	-2	18	90	1422
208_SA_3	-4	18	90	1422
209_SA_3	-4	19	45	1422
132_SA_2	-3	32	20	1422
19_SA_1	-2	19	180	1448
210_SA_3	-4	20	180	1448
284_SA_4	-5	14	240	1448
134_SA_2	-3	33	60	1456
133_SA_2	-3	34	90	1456
357_SA_5	-6	17	60	1456
285_SA_4	-5	15	60	1456
135_SA_2	-3	35	60	1474
20_SA_1	-2	20	60	1474
136_LC_2	-3	36	30	1484
286_PR_4	-5	16	60	1494
360_LC_5	-6	18	10	1494
358_PR_5	-6	19	70	1494
137_PR_2	-3	37	150	1494
359_LC_5	-6	20	10	1494
361_SA_5	-6	21	10	1494
21_NU_1	-2	21	90	1502
211_NU_3	-4	21	40	1502
362_PR_5	-6	22	240	1506
22_PR_1	-2	22	60	1526
213_LC_3	-4	22	90	1526
139_PR_2	-3	38	60	1526
140_SA_2	-3	39	50	1526
288_SA_4	-5	17	60	1526
287_PR_4	-5	18	90	1526
212_SA_3	-4	23	40	1526
138_VI_2	-3	40	90	1526
363_VI_5	-6	23	10	1536
214_VI_3	-4	24	25	1536
215_PR_3	-4	25	45	1540
23_SA_1	-2	23	90	1564
24_PR_1	-2	24	100	1566
289_LC_4	-5	19	110	1574
25_PR_1	-2	25	90	1584
141_NU_2	-3	41	150	1586
26_NU_1	-2	26	420	1586
27_LC_1	-2	27	180	1598
216_SA_3	-4	26	80	1614
28_SA_1	-2	28	30	1614
29_SA_1	-2	29	60	1630
364_PR_5	-6	24	1	1630
217_SA_3	-4	27	150	1672
365_SA_5	-6	25	120	1672
290_SA_4	-5	20	60	1672
291_SA_4	-5	21	150	1684
292_PR_4	-5	22	50	1726
293_PR_4	-5	23	165	1726
294_SA_4	-5	24	90	1732
142_LC_2	-3	42	50	1736
218_SA_3	-4	28	120	1738
219_SA_3	-4	29	90	1738
143_SA_2	-3	43	180	1738
144_SA_2	-3	44	90	1744
145_LC_2	-3	45	60	1750
146_SA_2	-3	46	165	1750
147_LC_2	-3	47	30	1750
220_PR_3	-4	30	60	1750
30_PR_1	-2	30	60	1752
295_LC_4	-5	25	60	1762
366_SA_5	-6	26	20	1766
32_SA_1	-2	31	90	1770
31_SA_1	-2	32	90	1770
367_PR_5	-6	27	15	1770
33_LC_1	-2	33	150	1776
221_PR_3	-4	31	35	1778
296_SA_4	-5	26	90	1784
222_PR_3	-4	32	60	1798
223_PR_3	-4	33	40	1798
224_PR_3	-4	34	50	1800
34_LC_1	-2	34	80	1808
148_SA_2	-3	48	90	1844
368_PR_5	-6	28	5	1846
369_SA_5	-6	29	120	1850
370_SA_5	-6	30	140	1850
225_SA_3	-4	35	80	1860
35_SA_1	-2	35	105	1860
297_SA_4	-5	27	100	1872
36_LC_1	-2	36	60	1888
298_PR_4	-5	28	120	1892
150_SA_2	-3	49	120	1896
149_SA_2	-3	50	235	1896
151_SA_2	-3	51	120	1910
38_PR_1	-2	37	80	1924
371_PR_5	-6	31	30	1924
37_PR_1	-2	38	60	1924
39_LC_1	-2	39	90	1942
226_PR_3	-4	36	65	1948
372_LC_5	-6	32	60	1956
227_LC_3	-4	37	120	1964
40_SA_1	-2	40	60	1966
228_SA_3	-4	38	100	1970
152_LC_2	-3	52	1	1978
41_LC_1	-2	41	120	1980
42_PR_1	-2	42	60	1980
299_LC_4	-5	29	60	1988
43_SA_1	-2	43	207	2000
300_SA_4	-5	30	105	2006
301_SA_4	-5	31	75	2012
44_PR_1	-2	44	25	2014
153_PR_2	-3	53	230	2016
302_SA_4	-5	32	90	2022
373_SA_5	-6	33	60	2030
154_PR_2	-3	54	170	2034
374_PR_5	-6	34	105	2034
155_SA_2	-3	55	240	2046
375_PR_5	-6	35	170	2062
229_SA_3	-4	39	60	2076
156_PR_2	-3	56	80	2090
45_VI_1	-2	45	75	2094
46_SA_1	-2	46	90	2128
47_SA_1	-2	47	90	2128
230_PR_3	-4	40	30	2132
303_LC_4	-5	33	60	2134
376_PR_5	-6	36	75	2144
304_VI_4	-5	34	120	2148
231_SA_3	-4	41	80	2148
49_SA_1	-2	48	60	2148
306_SA_4	-5	35	270	2148
305_PR_4	-5	36	25	2148
377_PR_5	-6	37	30	2148
157_SA_2	-3	57	150	2148
48_SA_1	-2	49	60	2148
232_PR_3	-4	42	120	2148
307_SA_4	-5	37	120	2152
233_SA_3	-4	43	40	2156
378_PR_5	-6	38	30	2174
234_LC_3	-4	44	60	2178
235_LC_3	-4	45	120	2200
379_LC_5	-6	39	60	2206
50_LC_1	-2	50	80	2220
158_PR_2	-3	58	85	2244
236_VI_3	-4	46	90	2246
308_PR_4	-5	38	30	2248
237_PR_3	-4	47	70	2248
159_SA_2	-3	59	55	2252
51_SA_1	-2	51	90	2252
160_PR_2	-3	60	60	2252
309_PR_4	-5	39	60	2252
310_PR_4	-5	40	120	2252
161_LC_2	-3	61	180	2254
238_SA_3	-4	48	60	2264
162_SA_2	-3	62	1	2272
239_SA_3	-4	49	180	2296
52_PR_1	-2	52	30	2296
240_PR_3	-4	50	60	2296
53_NU_1	-2	53	90	2298
311_PR_4	-5	41	60	2306
241_SA_3	-4	51	20	2322
55_LC_1	-2	54	60	2348
54_LC_1	-2	55	60	2348
312_PR_4	-5	42	50	2370
56_LC_1	-2	56	150	2370
313_PR_4	-5	43	50	2380
163_PR_2	-3	63	120	2380
164_NU_2	-3	64	90	2398
314_SA_4	-5	44	20	2410
380_LC_5	-6	40	234	2432
59_SA_1	-2	57	60	2440
57_SA_1	-2	58	60	2440
58_SA_1	-2	59	60	2440
165_SA_2	-3	65	120	2452
60_LC_1	-2	60	90	2454
167_SA_2	-3	66	60	2464
64_SA_1	-2	61	10	2464
62_SA_1	-2	62	150	2464
61_SA_1	-2	63	30	2464
166_SA_2	-3	67	40	2464
65_SA_1	-2	64	30	2464
63_SA_1	-2	65	75	2464
381_SA_5	-6	41	60	2464
242_LC_3	-4	52	40	2472
315_SA_4	-5	45	180	2480
316_NU_4	-5	46	60	2482
66_PR_1	-2	66	75	2482
168_SA_2	-3	68	60	2496
67_SA_1	-2	67	60	2498
317_LC_4	-5	47	45	2502
243_SA_3	-4	53	120	2508
318_SA_4	-5	48	240	2508
68_SA_1	-2	68	120	2548
69_VI_1	-2	69	60	2574
382_PR_5	-6	42	30	2592
319_PR_4	-5	49	90	2598
71_PR_1	-2	70	520	2608
70_SA_1	-2	71	180	2608
170_SA_2	-3	69	120	2608
244_SA_3	-4	54	80	2608
169_LC_2	-3	70	135	2608
171_PR_2	-3	71	65	2610
172_NU_2	-3	72	60	2616
321_SA_4	-5	50	240	2622
383_SA_5	-6	43	240	2622
73_PR_1	-2	72	120	2622
72_SA_1	-2	73	195	2622
320_SA_4	-5	51	120	2622
322_SA_4	-5	52	90	2622
245_SA_3	-4	55	160	2628
384_SA_5	-6	44	240	2628
323_SA_4	-5	53	120	2628
246_LC_3	-4	56	100	2628
247_SA_3	-4	57	90	2662
74_SA_1	-2	74	60	2684
75_SA_1	-2	75	75	2716
174_SA_2	-3	73	360	2716
173_SA_2	-3	74	55	2716
175_SA_2	-3	75	90	2716
385_SA_5	-6	45	60	2716
248_SA_3	-4	58	60	2732
176_SA_2	-3	76	90	2736
177_PR_2	-3	77	50	2752
249_SA_3	-4	59	75	2766
76_SA_1	-2	76	100	2784
250_SA_3	-4	60	60	2822
77_SA_1	-2	77	120	2822
178_NU_2	-3	78	20	2836
324_SA_4	-5	54	130	2852
325_PR_4	-5	55	180	2854
386_SA_5	-6	46	90	2854
179_PR_2	-3	79	100	2880
251_PR_3	-4	61	60	2910
180_LC_2	-3	80	60	2918
326_SA_4	-5	56	1	2932
78_SA_1	-2	78	60	2932
79_SA_1	-2	79	100	2932
181_LC_2	-3	81	120	2932
252_SA_3	-4	62	55	2932
387_SA_5	-6	47	90	2968
80_SA_1	-2	80	90	2982
81_SA_1	1	81	60	1506
388_SA_5	-6	48	60	3040
389_SA_5	-6	49	90	3090
253_SA_3	-4	63	60	3090
82_VI_1	1	82	30	1546
390_LC_5	-6	50	180	3128
255_PR_3	-4	64	150	3166
254_PR_3	-4	65	60	3166
256_PR_3	-4	66	90	3170
257_SA_3	-4	67	5	3174
258_SA_3	-4	68	120	3180
83_SA_1	1	83	240	1590
327_SA_4	-5	57	120	3196
84_LC_1	1	84	15	1599
85_PR_1	1	85	70	1613
86_PR_1	1	86	90	1623
259_SA_3	-4	69	110	3270
260_SA_3	-4	70	120	3278
261_SA_3	-4	71	90	3292
87_SA_1	1	87	60	1674
262_SA_3	-4	72	120	3348
88_LC_1	1	88	120	1699
328_LC_4	-5	58	120	3412
329_LC_4	-5	59	90	3412
182_LC_2	-3	82	60	3430
183_NU_2	-3	83	20	3436
263_SA_3	-4	73	60	3458
184_SA_2	-3	84	15	3458
185_SA_2	-3	85	35	3476
331_SA_4	-5	60	160	3476
330_SA_4	-5	61	120	3476
264_SA_3	-4	74	65	3502
186_PR_2	-3	86	120	3506
187_SA_2	-3	87	210	3506
89_PR_1	1	89	70	1764
90_SA_1	1	90	90	1772
391_LC_5	-6	51	75	3632
393_PR_5	-6	52	150	3636
91_PR_1	1	91	120	1818
392_PR_5	-6	53	35	3636
188_VI_2	-3	88	100	3656
332_PR_4	-5	62	120	3660
265_PR_3	-4	75	100	3682
92_SA_1	1	92	60	1849
333_VI_4	-5	63	90	3702
394_PR_5	-6	54	75	3780
93_SA_1	1	93	90	1907
94_NU_1	1	94	160	1957
95_SA_1	1	95	140	1964
334_SA_4	-5	64	30	4080
96_VI_1	1	96	50	2061
98_PR_1	1	97	10	2069
97_PR_1	1	98	20	2069
335_SA_4	-5	65	30	4166
266_SA_3	-4	76	80	4190
99_SA_1	1	99	75	2108
267_NU_3	-4	77	50	4284
336_VI_4	-5	66	240	4314
337_PR_4	-5	67	1	4542
395_SA_5	-6	55	90	4626
338_SA_4	-5	68	60	4626
396_SA_5	-6	56	60	4676
397_SA_5	-6	57	10	4676
268_SA_3	-4	78	90	4852
398_NU_5	-6	58	150	4912
340_SA_4	-5	69	60	4912
339_SA_4	-5	70	140	4912
189_PR_2	-3	89	80	4912
399_SA_5	-6	59	60	5040
190_SA_2	2	90	30	2520
100_PR_1	1	100	60	2528
269_SA_3	-4	79	40	5202
400_PR_5	5	60	45	2639
270_PR_3	3	80	75	3820
