#Nombre	DiaAten	ModelId		T.Servicio	Penalty
191_PR_3	3	1	60	1733
101_PR_2	-3	1	60	3508
1_PR_1	-2	1	90	738
341_SA_5	5	1	70	2641
102_SA_2	2	2	120	4042
2_SA_1	1	2	90	70836
103_SA_2	2	3	120	29807
104_LC_2	-3	4	120	930
271_PR_4	4	1	60	28836
105_LC_2	2	5	200	84931
342_PR_5	-6	2	60	1708
192_PR_3	3	2	130	2944
193_LC_3	-4	3	70	2056
272_LC_4	4	2	130	70893
273_LC_4	-5	3	90	5306
343_LC_5	5	3	45	24785
274_SA_4	4	4	60	39771
3_SA_1	1	3	75	66536
106_NU_2	2	6	75	51150
107_PR_2	2	7	30	91378
344_LC_5	5	4	120	68718
108_LC_2	2	8	10	48126
345_SA_5	-6	5	150	468
194_PR_3	3	4	20	47834
4_LC_1	1	4	120	2656
195_SA_3	3	5	150	4910
5_SA_1	1	5	90	70048
197_SA_3	3	6	120	44449
346_LC_5	5	6	70	71350
199_SA_3	3	7	80	29055
196_PR_3	3	8	45	79085
198_SA_3	3	9	60	42351
6_SA_1	1	6	30	5718
200_SA_3	3	10	60	5519
201_LC_3	3	11	270	4886
347_SA_5	5	7	20	54881
7_SA_1	1	7	290	58319
202_SA_3	3	12	180	51986
8_SA_1	1	8	60	37531
110_SA_2	2	9	120	40796
111_SA_2	2	10	120	82405
112_SA_2	2	11	60	34710
109_SA_2	2	12	110	36515
114_SA_2	2	13	60	70466
113_SA_2	2	14	60	52857
203_SA_3	3	13	45	51203
115_PR_2	2	15	90	76482
348_SA_5	5	8	60	2995
349_SA_5	5	9	15	3549
9_SA_1	-2	9	360	1188
10_SA_1	1	10	60	790
13_SA_1	-2	11	60	1472
14_SA_1	1	12	90	780
350_SA_5	-6	10	180	946
12_SA_1	-2	13	75	1638
204_SA_3	-4	14	80	1042
205_SA_3	3	15	60	616
352_PR_5	-6	11	70	1290
11_SA_1	-2	14	120	1136
275_SA_4	-5	5	90	1916
276_SA_4	-5	6	60	928
277_SA_4	-5	7	120	1056
120_SA_2	-3	16	55	1956
279_SA_4	-5	8	300	1042
280_NU_4	4	9	60	887
119_SA_2	-3	17	60	1716
124_SA_2	-3	18	30	1456
121_LC_2	-3	19	45	1418
122_SA_2	2	20	50	738
351_SA_5	-6	12	60	1272
118_SA_2	-3	21	120	1190
278_PR_4	-5	10	150	1638
116_SA_2	-3	22	60	1874
117_SA_2	-3	23	140	1446
123_SA_2	2	24	50	1210
15_SA_1	1	15	240	33983
125_SA_2	2	25	60	68943
281_PR_4	4	11	70	46996
282_LC_4	4	12	90	44025
127_PR_2	2	26	80	121465
206_PR_3	3	16	35	78621
126_PR_2	2	27	180	82304
353_SA_5	-6	13	5	336
354_PR_5	5	14	30	93218
16_SA_1	-2	16	110	1180
207_SA_3	-4	17	50	582
128_SA_2	-3	28	120	468
17_NU_1	1	17	180	1161
129_NU_2	-3	29	120	922
283_SA_4	4	13	180	1638
355_LC_5	5	15	150	1482
130_SA_2	-3	30	90	3108
356_SA_5	5	16	150	289
131_PR_2	2	31	215	74958
18_SA_1	-2	18	90	3066
208_SA_3	-4	18	90	2398
209_SA_3	-4	19	45	2436
132_SA_2	-3	32	20	2952
19_SA_1	1	19	180	83469
210_SA_3	3	20	180	71559
284_SA_4	4	14	240	35531
134_SA_2	2	33	60	53395
133_SA_2	2	34	90	44641
357_SA_5	5	17	60	48391
285_SA_4	4	15	60	40558
135_SA_2	2	35	60	35111
20_SA_1	1	20	60	69525
136_LC_2	-3	36	30	508
286_PR_4	4	16	60	65846
360_LC_5	5	18	10	37918
358_PR_5	5	19	70	39897
137_PR_2	2	37	150	58008
359_LC_5	5	20	10	41326
361_SA_5	5	21	10	22460
21_NU_1	1	21	90	18949
211_NU_3	3	21	40	20892
362_PR_5	5	22	240	27525
22_PR_1	1	22	60	58767
213_LC_3	3	22	90	45138
139_PR_2	2	38	60	63709
140_SA_2	2	39	50	40880
288_SA_4	4	17	60	65040
287_PR_4	4	18	90	59917
212_SA_3	3	23	40	36179
138_VI_2	2	40	90	59373
363_VI_5	5	23	10	2886
214_VI_3	3	24	25	1301
215_PR_3	3	25	45	45754
23_SA_1	1	23	90	29030
24_PR_1	1	24	100	6835
289_LC_4	4	19	110	52680
25_PR_1	-2	25	90	8448
141_NU_2	-3	41	150	326
26_NU_1	-2	26	420	792
27_LC_1	1	27	180	3936
216_SA_3	3	26	80	10996
28_SA_1	1	28	30	372
29_SA_1	1	29	60	36847
364_PR_5	5	24	1	1939
217_SA_3	-4	27	150	2506
365_SA_5	-6	25	120	2188
290_SA_4	4	20	60	1043
291_SA_4	4	21	150	4052
292_PR_4	4	22	50	1798
293_PR_4	4	23	165	1798
294_SA_4	4	24	90	31599
142_LC_2	-3	42	50	9588
218_SA_3	-4	28	120	7130
219_SA_3	3	29	90	4284
143_SA_2	-3	43	180	5552
144_SA_2	2	44	90	321
145_LC_2	-3	45	60	150
146_SA_2	-3	46	165	424
147_LC_2	2	47	30	171
220_PR_3	-4	30	60	100
30_PR_1	1	30	60	7608
295_LC_4	-5	25	60	260
366_SA_5	5	26	20	11308
32_SA_1	1	31	90	23637
31_SA_1	1	32	90	13823
367_PR_5	5	27	15	44815
33_LC_1	1	33	150	4474
221_PR_3	3	31	35	63309
296_SA_4	4	26	90	49531
222_PR_3	3	32	60	23662
223_PR_3	3	33	40	59382
224_PR_3	3	34	50	1366
34_LC_1	1	34	80	70002
148_SA_2	2	48	90	8774
368_PR_5	5	28	5	25142
369_SA_5	5	29	120	34593
370_SA_5	5	30	140	78151
225_SA_3	-4	35	80	614
35_SA_1	-2	35	105	900
297_SA_4	4	27	100	2352
36_LC_1	1	36	60	38601
298_PR_4	-5	28	120	492
150_SA_2	-3	49	120	4418
149_SA_2	-3	50	235	4100
151_SA_2	2	51	120	63569
38_PR_1	1	37	80	51206
371_PR_5	5	31	30	39803
37_PR_1	1	38	60	53480
39_LC_1	1	39	90	3922
226_PR_3	3	36	65	44129
372_LC_5	5	32	60	47083
227_LC_3	-4	37	120	6162
40_SA_1	1	40	60	3769
228_SA_3	3	38	100	32140
152_LC_2	-3	52	1	3630
41_LC_1	1	41	120	1728
42_PR_1	1	42	60	3275
299_LC_4	4	29	60	311
43_SA_1	1	43	207	4728
300_SA_4	4	30	105	52976
301_SA_4	-5	31	75	694
44_PR_1	-2	44	25	800
153_PR_2	2	53	230	66179
302_SA_4	4	32	90	55413
373_SA_5	-6	33	60	4454
154_PR_2	2	54	170	24720
374_PR_5	5	34	105	65391
155_SA_2	2	55	240	52424
375_PR_5	5	35	170	54509
229_SA_3	3	39	60	398
156_PR_2	2	56	80	34797
45_VI_1	1	45	75	11557
46_SA_1	-2	46	90	230
47_SA_1	-2	47	90	188
230_PR_3	3	40	30	20935
303_LC_4	4	33	60	61602
376_PR_5	5	36	75	51647
304_VI_4	-5	34	120	3322
231_SA_3	3	41	80	2102
49_SA_1	-2	48	60	1358
306_SA_4	-5	35	270	3002
305_PR_4	-5	36	25	1378
377_PR_5	5	37	30	1577
157_SA_2	-3	57	150	1504
48_SA_1	1	49	60	977
232_PR_3	3	42	120	2068
307_SA_4	4	37	120	59755
233_SA_3	3	43	40	68993
378_PR_5	5	38	30	42444
234_LC_3	3	44	60	1897
235_LC_3	-4	45	120	700
379_LC_5	5	39	60	61913
50_LC_1	1	50	80	52103
158_PR_2	2	58	85	1690
236_VI_3	-4	46	90	298
308_PR_4	4	38	30	48341
237_PR_3	3	47	70	70578
159_SA_2	-3	59	55	6244
51_SA_1	1	51	90	4767
160_PR_2	2	60	60	74407
309_PR_4	4	39	60	60900
310_PR_4	4	40	120	72178
161_LC_2	2	61	180	39340
238_SA_3	3	48	60	5383
162_SA_2	2	62	1	7810
239_SA_3	3	49	180	24012
52_PR_1	-2	52	30	7534
240_PR_3	3	50	60	5691
53_NU_1	1	53	90	62206
311_PR_4	4	41	60	64530
241_SA_3	3	51	20	67530
55_LC_1	-2	54	60	2258
54_LC_1	1	55	60	1312
312_PR_4	4	42	50	239499
56_LC_1	-2	56	150	154
313_PR_4	4	43	50	1603
163_PR_2	-3	63	120	1792
164_NU_2	-3	64	90	4792
314_SA_4	4	44	20	2415
380_LC_5	5	40	234	3541
59_SA_1	1	57	60	6700
57_SA_1	1	58	60	6029
58_SA_1	-2	59	60	10686
165_SA_2	2	65	120	36746
60_LC_1	-2	60	90	6990
167_SA_2	2	66	60	42097
64_SA_1	1	61	10	58215
62_SA_1	1	62	150	60605
61_SA_1	1	63	30	30586
166_SA_2	2	67	40	35017
65_SA_1	1	64	30	60886
63_SA_1	1	65	75	66191
381_SA_5	5	41	60	50796
242_LC_3	3	52	40	39414
315_SA_4	4	45	180	2931
316_NU_4	4	46	60	10183
66_PR_1	-2	66	75	512
168_SA_2	-3	68	60	1484
67_SA_1	-2	67	60	332
317_LC_4	4	47	45	67862
243_SA_3	-4	53	120	2282
318_SA_4	-5	48	240	2360
68_SA_1	-2	68	120	732
69_VI_1	1	69	60	43822
382_PR_5	5	42	30	4162
319_PR_4	4	49	90	1825
71_PR_1	1	70	520	32567
70_SA_1	1	71	180	20814
170_SA_2	2	69	120	10333
244_SA_3	3	54	80	21928
169_LC_2	2	70	135	22939
171_PR_2	2	71	65	7302
172_NU_2	2	72	60	47298
321_SA_4	4	50	240	77233
383_SA_5	5	43	240	52841
73_PR_1	1	72	120	64082
72_SA_1	1	73	195	47678
320_SA_4	4	51	120	78982
322_SA_4	4	52	90	39627
245_SA_3	-4	55	160	392
384_SA_5	-6	44	240	592
323_SA_4	-5	53	120	808
246_LC_3	3	56	100	2056
247_SA_3	3	57	90	14611
74_SA_1	-2	74	60	180
75_SA_1	1	75	75	57797
174_SA_2	2	73	360	45358
173_SA_2	2	74	55	74311
175_SA_2	2	75	90	38941
385_SA_5	5	45	60	39089
248_SA_3	-4	58	60	1904
176_SA_2	-3	76	90	2020
177_PR_2	-3	77	50	274
249_SA_3	3	59	75	62307
76_SA_1	-2	76	100	188
250_SA_3	3	60	60	45346
77_SA_1	1	77	120	38861
178_NU_2	2	78	20	98
324_SA_4	4	54	130	43980
325_PR_4	4	55	180	2815
386_SA_5	5	46	90	41111
179_PR_2	2	79	100	55763
251_PR_3	3	61	60	4785
180_LC_2	2	80	60	56203
326_SA_4	4	56	1	954
78_SA_1	-2	78	60	2002
79_SA_1	-2	79	100	2336
181_LC_2	-3	81	120	1806
252_SA_3	-4	62	55	1222
387_SA_5	5	47	90	28574
80_SA_1	1	80	90	83367
81_SA_1	1	81	60	13458
388_SA_5	-6	48	60	2752
389_SA_5	5	49	90	31818
253_SA_3	3	63	60	47482
82_VI_1	1	82	30	7690
390_LC_5	5	50	180	3234
255_PR_3	3	64	150	59105
254_PR_3	3	65	60	30878
256_PR_3	3	66	90	798
257_SA_3	3	67	5	1865
258_SA_3	3	68	120	1428
83_SA_1	-2	83	240	3232
327_SA_4	4	57	120	23743
84_LC_1	1	84	15	67030
85_PR_1	-2	85	70	216
86_PR_1	1	86	90	63678
259_SA_3	-4	69	110	174
260_SA_3	-4	70	120	442
261_SA_3	3	71	90	7071
87_SA_1	1	87	60	1908
262_SA_3	3	72	120	1926
88_LC_1	1	88	120	45958
328_LC_4	4	58	120	47449
329_LC_4	4	59	90	36808
182_LC_2	2	82	60	47998
183_NU_2	2	83	20	577
263_SA_3	3	73	60	49059
184_SA_2	2	84	15	54650
185_SA_2	2	85	35	18530
331_SA_4	4	60	160	46307
330_SA_4	4	61	120	69971
264_SA_3	3	74	65	69664
186_PR_2	-3	86	120	304
187_SA_2	2	87	210	43155
89_PR_1	1	89	70	28534
90_SA_1	-2	90	90	186
391_LC_5	5	51	75	47059
393_PR_5	5	52	150	54632
91_PR_1	1	91	120	39687
392_PR_5	5	53	35	39134
188_VI_2	-3	88	100	102
332_PR_4	4	62	120	1883
265_PR_3	3	75	100	72890
92_SA_1	1	92	60	44000
333_VI_4	4	63	90	49696
394_PR_5	5	54	75	19205
93_SA_1	-2	93	90	5986
94_NU_1	1	94	160	66670
95_SA_1	-2	95	140	1050
334_SA_4	4	64	30	503
96_VI_1	1	96	50	37804
98_PR_1	1	97	10	59478
97_PR_1	1	98	20	61376
335_SA_4	4	65	30	15984
266_SA_3	3	76	80	6098
99_SA_1	-2	99	75	146
267_NU_3	3	77	50	7531
336_VI_4	-5	66	240	984
337_PR_4	4	67	1	4863
395_SA_5	-6	55	90	316
338_SA_4	-5	68	60	300
396_SA_5	5	56	60	21712
397_SA_5	5	57	10	47481
268_SA_3	-4	78	90	2002
398_NU_5	5	58	150	7269
340_SA_4	4	69	60	8782
339_SA_4	4	70	140	6799
189_PR_2	2	89	80	6257
399_SA_5	5	59	60	45695
190_SA_2	2	90	30	50685
100_PR_1	-2	100	60	6696
269_SA_3	3	79	40	184813
400_PR_5	5	60	45	19284
270_PR_3	3	80	75	10233
