Iter 73
MasterProb = 38875.4

s [*] :=
1  71
2  72
3  73
4  74
5  75
;

SubProb = -83643.5
d = 0

distanceCost*(sum{l in 1 .. Lcap - 1} t[l]) = 1155

Iter 74
MasterProb = 38675.7

s [*] :=
1  72
2  16
3  12
4  73
5  74
;

SubProb = -530.397
d = 0

distanceCost*(sum{l in 1 .. Lcap - 1} t[l]) = 1540

Iter 75
MasterProb = 38466.5

s [*] :=
1  32
2  20
3  68
4  11
5  72
;

SubProb = -352.775
d = 0

distanceCost*(sum{l in 1 .. Lcap - 1} t[l]) = 3575

Iter 76
MasterProb = 38388.5

s [*] :=
1  47
2  34
3  73
4  74
5  75
;

SubProb = -576.574
d = 0

distanceCost*(sum{l in 1 .. Lcap - 1} t[l]) = 495

Iter 77
MasterProb = 38119.7

s [*] :=
1  23
2  72
3  73
4  74
5  75
;

SubProb = -323.894
d = 0

distanceCost*(sum{l in 1 .. Lcap - 1} t[l]) = 660

Iter 78
MasterProb = 38082.5

s [*] :=
1  71
2  21
3  73
4  74
5  75
;

SubProb = -325.635
d = 0

distanceCost*(sum{l in 1 .. Lcap - 1} t[l]) = 880

Iter 79
MasterProb = 37899.8

s [*] :=
1  20
2  31
3  73
4  74
5  75
;

SubProb = -143.99
d = 0

distanceCost*(sum{l in 1 .. Lcap - 1} t[l]) = 880

Iter 80
MasterProb = 37885.3

s [*] :=
1  72
2  29
3  34
4  73
5  74
;

SubProb = -601.332
d = 0

distanceCost*(sum{l in 1 .. Lcap - 1} t[l]) = 1375

Iter 81
MasterProb = 37771.8

s [*] :=
1  71
2  31
3  73
4  74
5  75
;

SubProb = -352.296
d = 0

distanceCost*(sum{l in 1 .. Lcap - 1} t[l]) = 880

Iter 82
MasterProb = 37742.1

s [*] :=
1  29
2  19
3  63
4   8
5  73
;

SubProb = -167.777
d = 0

distanceCost*(sum{l in 1 .. Lcap - 1} t[l]) = 1870

Iter 83
MasterProb = 37717.7

s [*] :=
1  26
2  50
3  64
4  65
5  53
;

SubProb = -450.527
d = 0

distanceCost*(sum{l in 1 .. Lcap - 1} t[l]) = 3520

Iter 84
MasterProb = 37688.5

s [*] :=
1  43
2   1
3   3
4  19
5  59
;

SubProb = -1214.95
d = 0

distanceCost*(sum{l in 1 .. Lcap - 1} t[l]) = 2530

Iter 85
MasterProb = 37625

s [*] :=
1  10
2  72
3  43
4  12
5  47
;

SubProb = -603.597
d = 0

distanceCost*(sum{l in 1 .. Lcap - 1} t[l]) = 2640

Iter 86
MasterProb = 37461.4

s [*] :=
1  16
2  39
3  73
4  74
5  75
;

SubProb = -164.522
d = 0

distanceCost*(sum{l in 1 .. Lcap - 1} t[l]) = 660

Iter 87
MasterProb = 37450.1

s [*] :=
1  46
2  49
3  73
4  74
5  75
;

SubProb = -227.59
d = 0

distanceCost*(sum{l in 1 .. Lcap - 1} t[l]) = 605

Iter 88
MasterProb = 37425.7

s [*] :=
1  18
2  23
3  16
4  38
5  11
;

SubProb = -79.498
d = 0

distanceCost*(sum{l in 1 .. Lcap - 1} t[l]) = 3135

Iter 89
MasterProb = 37418.8

s [*] :=
1  65
2  56
3   5
4  21
5  31
;

SubProb = -24.3004
d = 0

distanceCost*(sum{l in 1 .. Lcap - 1} t[l]) = 3520

Iter 90
MasterProb = 37418.4

s [*] :=
1  16
2  17
3  73
4  74
5  75
;

SubProb = 0
d = 0

distanceCost*(sum{l in 1 .. Lcap - 1} t[l]) = 660

Problema Entero
MasterProb = 43230

fo1 = 43230
fo2 = 0

x[j] [*] :=
 16  1
 51  1
 88  1
 91  1
 98  1
100  1
106  1
120  1
121  1
123  1
135  1
136  1
139  1
159  1
195  1
201  1
220  1
224  1
237  1
238  1
252  1
256  1
258  1
;

aa[i,j] [*,*]
:   16  51  88  91  98 100 106 120 121 123 135 136 139 159 195 201 220 224 237 :=
1    0   0   0   0   0   0   0   0   0   0   0   1   0   0   0   0   0   0   0
2    0   0   0   0   0   0   0   0   0   0   0   0   0   0   0   0   0   0   0
3    0   0   0   0   0   0   0   0   0   0   1   0   0   0   0   0   0   0   0
4    0   0   0   0   0   1   0   0   0   0   0   0   0   0   0   0   0   0   0
5    0   0   0   0   0   0   0   0   0   0   0   1   0   0   0   0   0   0   0
6    0   0   0   0   0   0   0   0   0   0   0   1   0   0   0   0   0   0   0
7    0   0   0   0   0   0   0   0   0   0   0   0   0   0   1   0   0   0   0
8    0   0   0   0   0   0   0   0   0   0   0   0   0   0   0   1   0   0   0
9    0   0   0   0   0   0   0   0   0   0   0   0   0   0   0   0   0   0   0
10   0   0   0   0   0   0   0   0   0   0   0   0   1   0   0   0   0   0   0
11   0   0   0   0   0   0   0   0   1   0   0   0   0   0   0   0   0   0   0
12   0   0   0   0   0   0   0   0   0   0   1   0   0   0   0   0   0   0   0
13   0   0   0   0   1   0   0   0   0   0   0   0   0   0   0   0   0   0   0
14   0   0   0   0   0   0   0   1   0   0   0   0   0   0   0   0   0   0   0
15   0   0   0   0   1   0   0   0   0   0   0   0   0   0   0   0   0   0   0
16   1   0   0   0   0   0   0   0   0   0   0   0   0   0   0   0   0   0   0
17   0   0   0   0   1   0   0   0   0   0   0   0   0   0   0   0   0   0   0
18   0   0   0   0   0   0   0   0   0   0   0   0   0   0   0   0   0   0   0
19   0   0   0   1   0   0   0   0   0   0   0   0   0   0   0   0   0   0   0
20   0   0   0   0   0   0   0   0   0   0   0   0   0   0   0   0   0   0   0
21   0   0   0   0   0   0   0   0   0   0   0   1   0   0   0   0   0   0   0
22   0   0   0   0   0   0   1   0   0   0   0   0   0   0   0   0   0   0   0
23   0   0   1   0   0   0   0   0   0   0   0   0   0   0   0   0   0   0   0
24   0   0   0   0   0   0   0   0   0   0   0   0   0   0   0   0   0   1   0
25   0   0   0   0   0   1   0   0   0   0   0   0   0   0   0   0   0   0   0
26   0   0   0   0   0   1   0   0   0   0   0   0   0   0   0   0   0   0   0
27   0   0   0   0   0   0   0   0   0   0   0   0   0   0   1   0   0   0   0
28   0   0   0   0   0   0   0   0   0   0   0   0   0   1   0   0   0   0   0
29   0   0   0   1   0   0   0   0   0   0   0   0   0   0   0   0   0   0   0
30   0   0   0   0   0   0   1   0   0   0   0   0   0   0   0   0   0   0   0
31   0   0   0   0   0   0   1   0   0   0   0   0   0   0   0   0   0   0   0
32   0   0   0   0   0   0   0   0   0   0   0   0   0   0   0   0   0   1   0
33   0   0   0   0   0   0   0   0   0   0   1   0   0   0   0   0   0   0   0
34   0   0   0   0   0   0   0   0   0   0   1   0   0   0   0   0   0   0   0
35   0   0   0   1   0   0   0   0   0   0   0   0   0   0   0   0   0   0   0
36   0   0   0   0   0   0   0   0   0   1   0   0   0   0   0   0   0   0   0
37   0   0   0   0   0   0   0   0   0   0   0   0   0   0   0   0   0   1   0
38   0   0   0   0   0   0   0   0   0   0   1   0   0   0   0   0   0   0   0
39   0   0   0   0   0   0   0   0   0   0   0   0   1   0   0   0   0   0   0
40   0   0   0   0   0   1   0   0   0   0   0   0   0   0   0   0   0   0   0
41   0   0   0   0   0   0   0   0   0   0   0   0   0   0   0   0   0   0   1
42   0   0   0   0   0   0   0   0   0   0   0   1   0   0   0   0   0   0   0
43   0   0   1   0   0   0   0   0   0   0   0   0   0   0   0   0   0   0   0
44   0   0   0   0   0   0   0   0   0   0   0   0   0   0   0   0   1   0   0
45   0   0   0   0   0   0   0   0   0   0   0   0   0   0   0   0   1   0   0
46   0   0   0   0   0   0   0   0   0   0   0   0   0   0   0   0   0   0   1
47   0   0   1   0   0   0   0   0   0   0   0   0   0   0   0   0   0   0   0
48   0   0   0   0   0   0   0   0   1   0   0   0   0   0   0   0   0   0   0
49   0   0   1   0   0   0   0   0   0   0   0   0   0   0   0   0   0   0   0
50   0   0   0   0   0   0   0   0   0   0   0   0   0   0   0   0   1   0   0
51   0   1   0   0   0   0   0   0   0   0   0   0   0   0   0   0   0   0   0
52   0   0   0   1   0   0   0   0   0   0   0   0   0   0   0   0   0   0   0
53   0   0   0   0   0   0   0   0   0   0   0   0   0   0   0   0   0   1   0
54   0   0   0   0   0   0   1   0   0   0   0   0   0   0   0   0   0   0   0
55   0   0   0   0   0   0   0   0   0   0   0   0   0   1   0   0   0   0   0
56   0   0   0   0   0   0   0   0   0   0   0   0   0   0   0   0   1   0   0
57   0   0   0   1   0   0   0   0   0   0   0   0   0   0   0   0   0   0   0
58   0   0   0   0   0   0   0   0   0   0   0   0   0   0   0   0   0   0   0
59   0   0   0   0   0   1   0   0   0   0   0   0   0   0   0   0   0   0   0
60   0   0   0   0   0   0   0   0   1   0   0   0   0   0   0   0   0   0   0
61   0   0   0   0   0   0   0   0   0   1   0   0   0   0   0   0   0   0   0
62   0   0   0   0   0   0   0   0   0   0   0   0   0   0   0   1   0   0   0
63   0   0   0   0   0   0   0   0   0   0   0   0   0   0   0   0   0   0   0
64   0   0   0   0   1   0   0   0   0   0   0   0   0   0   0   0   0   0   0
65   0   0   0   0   0   0   1   0   0   0   0   0   0   0   0   0   0   0   0
66   0   0   0   0   0   0   0   0   0   0   0   0   0   0   0   0   0   0   0
67   0   0   1   0   0   0   0   0   0   0   0   0   0   0   0   0   0   0   0
68   0   0   0   0   1   0   0   0   0   0   0   0   0   0   0   0   0   0   0
69   0   0   0   0   0   0   0   1   0   0   0   0   0   0   0   0   0   0   0
70   0   0   0   0   0   0   0   0   0   0   0   0   0   0   0   0   1   0   0
71   0   0   0   0   0   0   0   0   0   0   0   0   0   0   0   0   0   0   0
72   0   0   0   0   0   0   0   0   0   0   0   0   0   0   0   0   0   0   0

:  238 252 256 258    :=
1    0   0   0   0
2    0   1   0   0
3    0   0   0   0
4    0   0   0   0
5    0   0   0   0
6    0   0   0   0
7    0   0   0   0
8    0   0   0   0
9    1   0   0   0
10   0   0   0   0
11   0   0   0   0
12   0   0   0   0
13   0   0   0   0
14   0   0   0   0
15   0   0   0   0
16   0   0   0   0
17   0   0   0   0
18   1   0   0   0
19   0   0   0   0
20   1   0   0   0
21   0   0   0   0
22   0   0   0   0
23   0   0   0   0
24   0   0   0   0
25   0   0   0   0
26   0   0   0   0
27   0   0   0   0
28   0   0   0   0
29   0   0   0   0
30   0   0   0   0
31   0   0   0   0
32   0   0   0   0
33   0   0   0   0
34   0   0   0   0
35   0   0   0   0
36   0   0   0   0
37   0   0   0   0
38   0   0   0   0
39   0   0   0   0
40   0   0   0   0
41   0   0   0   0
42   0   0   0   0
43   0   0   0   0
44   0   0   0   0
45   0   0   0   0
46   0   0   0   0
47   0   0   0   0
48   0   0   0   0
49   0   0   0   0
50   0   0   0   0
51   0   0   0   0
52   0   0   0   0
53   0   0   0   0
54   0   0   0   0
55   0   0   0   0
56   0   0   0   0
57   0   0   0   0
58   0   1   0   0
59   0   0   0   0
60   0   0   0   0
61   0   0   0   0
62   0   0   0   0
63   0   0   1   0
64   0   0   0   0
65   0   0   0   0
66   0   0   1   0
67   0   0   0   0
68   0   0   0   0
69   0   0   0   0
70   0   0   0   0
71   0   0   0   1
72   0   0   0   1
;

vi[i] [*] :=
;

:   x[i]   c[i] travel[i] delay[i]    :=
16    1       0       0         0
51    1       0       0         0
88    1    2860    2860         0
91    1    3410    3410         0
98    1    5190    4070      1120
100   1    4380    3740       640
106   1    3795    3795         0
120   1     880     880         0
121   1    2035    2035         0
123   1     880     880         0
135   1    2750    2750         0
136   1    3575    3575         0
139   1     605     605         0
159   1     660     660         0
195   1     880     880         0
201   1     660     660         0
220   1    3520    3520         0
224   1    2640    2640         0
237   1     605     605         0
238   1    1760    1760         0
252   1     495     495         0
256   1     495     495         0
258   1    1155    1155         0
;

