#Nombre	DiaAten	ModelId		T.Servicio	Penalty
191_PR_3	-4	1	60	16476
101_PR_2	-3	1	60	16476
1_PR_1	-2	1	90	20578
341_SA_5	-6	1	70	21528
102_SA_2	-3	2	120	22966
2_SA_1	-2	2	90	23072
103_SA_2	-3	3	120	24340
104_LC_2	-3	4	120	24620
271_PR_4	-5	1	60	24750
105_LC_2	-3	5	200	24832
342_PR_5	-6	2	60	24916
192_PR_3	-4	2	130	24920
193_LC_3	-4	3	70	25176
272_LC_4	-5	2	130	26234
273_LC_4	-5	3	90	26316
343_LC_5	-6	3	45	26350
274_SA_4	-5	4	60	26428
3_SA_1	-2	3	75	26556
106_NU_2	-3	6	75	26696
107_PR_2	-3	7	30	26808
344_LC_5	-6	4	120	27078
108_LC_2	-3	8	10	27078
345_SA_5	-6	5	150	27688
194_PR_3	-4	4	20	27864
4_LC_1	-2	4	120	27954
195_SA_3	-4	5	150	28296
5_SA_1	-2	5	90	28360
197_SA_3	-4	6	120	28360
346_LC_5	-6	6	70	28360
199_SA_3	-4	7	80	28360
196_PR_3	-4	8	45	28360
198_SA_3	-4	9	60	28360
6_SA_1	-2	6	30	28404
200_SA_3	-4	10	60	28404
201_LC_3	-4	11	270	28404
347_SA_5	-6	7	20	28934
7_SA_1	-2	7	290	28952
202_SA_3	-4	12	180	28952
8_SA_1	1	8	60	14476
110_SA_2	-3	9	120	28952
111_SA_2	-3	10	120	28952
112_SA_2	-3	11	60	28952
109_SA_2	-3	12	110	28952
114_SA_2	-3	13	60	28952
113_SA_2	-3	14	60	28952
203_SA_3	-4	13	45	28952
115_PR_2	-3	15	90	29176
348_SA_5	-6	8	60	29202
349_SA_5	-6	9	15	29202
9_SA_1	-2	9	360	29464
10_SA_1	-2	10	60	29464
13_SA_1	-2	11	60	29464
14_SA_1	-2	12	90	29464
350_SA_5	-6	10	180	29464
12_SA_1	-2	13	75	29464
204_SA_3	-4	14	80	29464
205_SA_3	-4	15	60	29464
352_PR_5	-6	11	70	29464
11_SA_1	1	14	120	14732
275_SA_4	-5	5	90	29464
276_SA_4	-5	6	60	29464
277_SA_4	-5	7	120	29464
120_SA_2	-3	16	55	29464
279_SA_4	-5	8	300	29464
280_NU_4	-5	9	60	29464
119_SA_2	-3	17	60	29464
124_SA_2	-3	18	30	29464
121_LC_2	-3	19	45	29464
122_SA_2	-3	20	50	29464
351_SA_5	-6	12	60	29464
118_SA_2	-3	21	120	29464
278_PR_4	-5	10	150	29464
116_SA_2	-3	22	60	29464
117_SA_2	2	23	140	14732
123_SA_2	-3	24	50	29464
15_SA_1	-2	15	240	29612
125_SA_2	-3	25	60	29670
281_PR_4	-5	11	70	29670
282_LC_4	-5	12	90	29720
127_PR_2	-3	26	80	29940
206_PR_3	-4	16	35	29940
126_PR_2	-3	27	180	29940
353_SA_5	-6	13	5	30064
354_PR_5	-6	14	30	30152
16_SA_1	-2	16	110	30512
207_SA_3	-4	17	50	30512
128_SA_2	-3	28	120	30754
17_NU_1	-2	17	180	31082
129_NU_2	-3	29	120	31082
283_SA_4	-5	13	180	31194
355_LC_5	-6	15	150	31218
130_SA_2	-3	30	90	31218
356_SA_5	-6	16	150	31796
131_PR_2	-3	31	215	31904
18_SA_1	-2	18	90	31912
208_SA_3	-4	18	90	31912
209_SA_3	-4	19	45	31912
132_SA_2	-3	32	20	31912
19_SA_1	-2	19	180	32060
210_SA_3	-4	20	180	32060
284_SA_4	-5	14	240	32060
134_SA_2	-3	33	60	32150
133_SA_2	-3	34	90	32150
357_SA_5	-6	17	60	32150
285_SA_4	-5	15	60	32186
135_SA_2	-3	35	60	32216
20_SA_1	-2	20	60	32216
136_LC_2	-3	36	30	32370
286_PR_4	-5	16	60	32404
360_LC_5	-6	18	10	32404
358_PR_5	-6	19	70	32404
137_PR_2	-3	37	150	32404
359_LC_5	-6	20	10	32404
361_SA_5	-6	21	10	32404
21_NU_1	-2	21	90	32716
211_NU_3	-4	21	40	32716
362_PR_5	-6	22	240	32938
22_PR_1	-2	22	60	33170
213_LC_3	-4	22	90	33170
139_PR_2	-3	38	60	33170
140_SA_2	-3	39	50	33170
288_SA_4	-5	17	60	33170
287_PR_4	-5	18	90	33170
212_SA_3	-4	23	40	33170
138_VI_2	-3	40	90	33170
363_VI_5	-6	23	10	33254
214_VI_3	-4	24	25	33254
215_PR_3	-4	25	45	33268
23_SA_1	-2	23	90	33780
24_PR_1	-2	24	100	33836
289_LC_4	-5	19	110	34086
25_PR_1	-2	25	90	34088
141_NU_2	-3	41	150	34198
26_NU_1	-2	26	420	34198
27_LC_1	1	27	180	17123
216_SA_3	-4	26	80	34324
28_SA_1	1	28	30	17412
29_SA_1	1	29	60	17460
364_PR_5	-6	24	1	34956
217_SA_3	-4	27	150	35046
365_SA_5	-6	25	120	35046
290_SA_4	-5	20	60	35046
291_SA_4	-5	21	150	35182
292_PR_4	-5	22	50	35290
293_PR_4	-5	23	165	35290
294_SA_4	-5	24	90	35638
142_LC_2	-3	42	50	35790
218_SA_3	3	28	120	17918
219_SA_3	3	29	90	17918
143_SA_2	-3	43	180	35836
144_SA_2	2	44	90	17921
145_LC_2	-3	45	60	36176
146_SA_2	-3	46	165	36176
147_LC_2	-3	47	30	36176
220_PR_3	-4	30	60	36176
30_PR_1	-2	30	60	36254
295_LC_4	-5	25	60	36472
366_SA_5	-6	26	20	36578
32_SA_1	-2	31	90	36730
31_SA_1	-2	32	90	36730
367_PR_5	-6	27	15	36758
33_LC_1	-2	33	150	36810
221_PR_3	-4	31	35	36992
296_SA_4	-5	26	90	37166
222_PR_3	-4	32	60	37168
223_PR_3	-4	33	40	37314
224_PR_3	-4	34	50	37566
34_LC_1	-2	34	80	37832
148_SA_2	-3	48	90	37860
368_PR_5	-6	28	5	37866
369_SA_5	-6	29	120	38020
370_SA_5	-6	30	140	38020
225_SA_3	-4	35	80	38070
35_SA_1	-2	35	105	38070
297_SA_4	-5	27	100	38094
36_LC_1	-2	36	60	38236
298_PR_4	-5	28	120	38248
150_SA_2	-3	49	120	38334
149_SA_2	-3	50	235	38334
151_SA_2	-3	51	120	38380
38_PR_1	-2	37	80	38426
371_PR_5	-6	31	30	38426
37_PR_1	-2	38	60	38426
39_LC_1	-2	39	90	38596
226_PR_3	-4	36	65	39018
372_LC_5	-6	32	60	39038
227_LC_3	-4	37	120	39130
40_SA_1	-2	40	60	39170
228_SA_3	-4	38	100	39384
152_LC_2	-3	52	1	39418
41_LC_1	-2	41	120	39526
42_PR_1	-2	42	60	39526
299_LC_4	-5	29	60	39584
43_SA_1	-2	43	207	39586
300_SA_4	-5	30	105	39850
301_SA_4	-5	31	75	39944
44_PR_1	-2	44	25	40064
153_PR_2	-3	53	230	40100
302_SA_4	-5	32	90	40224
373_SA_5	-6	33	60	40290
154_PR_2	-3	54	170	40318
374_PR_5	-6	34	105	40318
155_SA_2	-3	55	240	40484
375_PR_5	-6	35	170	40496
229_SA_3	-4	39	60	40602
156_PR_2	-3	56	80	40734
45_VI_1	1	45	75	20422
46_SA_1	-2	46	90	40996
47_SA_1	-2	47	90	40996
230_PR_3	3	40	30	20694
303_LC_4	-5	33	60	41412
376_PR_5	-6	36	75	41432
304_VI_4	-5	34	120	41516
231_SA_3	-4	41	80	41516
49_SA_1	-2	48	60	41516
306_SA_4	-5	35	270	41516
305_PR_4	-5	36	25	41516
377_PR_5	-6	37	30	41516
157_SA_2	-3	57	150	41516
48_SA_1	-2	49	60	41516
232_PR_3	-4	42	120	41516
307_SA_4	-5	37	120	41606
233_SA_3	-4	43	40	41628
378_PR_5	-6	38	30	41862
234_LC_3	-4	44	60	41930
235_LC_3	-4	45	120	42270
379_LC_5	-6	39	60	42428
50_LC_1	-2	50	80	42498
158_PR_2	-3	58	85	42516
236_VI_3	-4	46	90	42576
308_PR_4	-5	38	30	42766
237_PR_3	-4	47	70	42766
159_SA_2	-3	59	55	43034
51_SA_1	-2	51	90	43034
160_PR_2	-3	60	60	43082
309_PR_4	-5	39	60	43118
310_PR_4	-5	40	120	43118
161_LC_2	-3	61	180	43402
238_SA_3	-4	48	60	43506
162_SA_2	-3	62	1	43748
239_SA_3	-4	49	180	44104
52_PR_1	-2	52	30	44108
240_PR_3	-4	50	60	44108
53_NU_1	-2	53	90	44168
311_PR_4	-5	41	60	44584
241_SA_3	-4	51	20	44740
55_LC_1	-2	54	60	44768
54_LC_1	-2	55	60	44768
312_PR_4	-5	42	50	45156
56_LC_1	-2	56	150	45214
313_PR_4	-5	43	50	45348
163_PR_2	-3	63	120	45348
164_NU_2	-3	64	90	45372
314_SA_4	-5	44	20	45388
380_LC_5	-6	40	234	45594
59_SA_1	-2	57	60	45646
57_SA_1	-2	58	60	45646
58_SA_1	-2	59	60	45646
165_SA_2	-3	65	120	45816
60_LC_1	-2	60	90	46020
167_SA_2	-3	66	60	46194
64_SA_1	-2	61	10	46194
62_SA_1	-2	62	150	46194
61_SA_1	-2	63	30	46194
166_SA_2	-3	67	40	46194
65_SA_1	1	64	30	23097
63_SA_1	-2	65	75	46194
381_SA_5	-6	41	60	46194
242_LC_3	-4	52	40	46206
315_SA_4	-5	45	180	46452
316_NU_4	-5	46	60	46634
66_PR_1	-2	66	75	46960
168_SA_2	-3	68	60	47194
67_SA_1	-2	67	60	47208
317_LC_4	-5	47	45	47766
243_SA_3	-4	53	120	47996
318_SA_4	-5	48	240	47996
68_SA_1	-2	68	120	48446
69_VI_1	-2	69	60	48554
382_PR_5	-6	42	30	48558
319_PR_4	-5	49	90	48608
71_PR_1	-2	70	520	48730
70_SA_1	1	71	180	24365
170_SA_2	-3	69	120	48730
244_SA_3	-4	54	80	48730
169_LC_2	-3	70	135	48730
171_PR_2	-3	71	65	48780
172_NU_2	-3	72	60	48886
321_SA_4	-5	50	240	49500
383_SA_5	-6	43	240	49500
73_PR_1	1	72	120	24750
72_SA_1	1	73	195	24750
320_SA_4	-5	51	120	49500
322_SA_4	-5	52	90	49500
245_SA_3	-4	55	160	49748
384_SA_5	-6	44	240	49748
323_SA_4	-5	53	120	49748
246_LC_3	-4	56	100	49924
247_SA_3	-4	57	90	49972
74_SA_1	1	74	60	25070
75_SA_1	1	75	75	25304
174_SA_2	-3	73	360	50608
173_SA_2	-3	74	55	50608
175_SA_2	-3	75	90	50608
385_SA_5	-6	45	60	50608
248_SA_3	-4	58	60	50630
176_SA_2	-3	76	90	50880
177_PR_2	-3	77	50	51038
249_SA_3	-4	59	75	51350
76_SA_1	1	76	100	26383
250_SA_3	-4	60	60	52930
77_SA_1	1	77	120	26465
178_NU_2	-3	78	20	53064
324_SA_4	-5	54	130	53258
325_PR_4	-5	55	180	53390
386_SA_5	-6	46	90	53474
179_PR_2	2	79	100	26848
251_PR_3	-4	61	60	53846
180_LC_2	-3	80	60	53972
326_SA_4	-5	56	1	54122
78_SA_1	1	78	60	27061
79_SA_1	1	79	100	27061
181_LC_2	-3	81	120	54122
252_SA_3	-4	62	55	54122
387_SA_5	-6	47	90	54310
80_SA_1	1	80	90	27158
81_SA_1	1	81	60	27223
388_SA_5	-6	48	60	54458
389_SA_5	-6	49	90	54460
253_SA_3	-4	63	60	54460
82_VI_1	1	82	30	27246
390_LC_5	-6	50	180	54526
255_PR_3	-4	64	150	54672
254_PR_3	-4	65	60	54672
256_PR_3	3	66	90	27419
257_SA_3	-4	67	5	54950
258_SA_3	-4	68	120	55096
83_SA_1	1	83	240	27548
327_SA_4	-5	57	120	55150
84_LC_1	1	84	15	27827
85_PR_1	1	85	70	27856
86_PR_1	1	86	90	27920
259_SA_3	-4	69	110	56084
260_SA_3	-4	70	120	56108
261_SA_3	-4	71	90	56204
87_SA_1	1	87	60	28137
262_SA_3	-4	72	120	56274
88_LC_1	1	88	120	28358
328_LC_4	-5	58	120	57270
329_LC_4	-5	59	90	57270
182_LC_2	-3	82	60	58106
183_NU_2	2	83	20	29141
263_SA_3	-4	73	60	59442
184_SA_2	-3	84	15	59442
185_SA_2	-3	85	35	60306
331_SA_4	-5	60	160	60306
330_SA_4	-5	61	120	60306
264_SA_3	-4	74	65	60660
186_PR_2	-3	86	120	60674
187_SA_2	-3	87	210	60724
89_PR_1	1	89	70	30536
90_SA_1	1	90	90	31080
391_LC_5	-6	51	75	62234
393_PR_5	-6	52	150	62260
91_PR_1	1	91	120	31130
392_PR_5	-6	53	35	62260
188_VI_2	-3	88	100	62770
332_PR_4	-5	62	120	62782
265_PR_3	-4	75	100	63082
92_SA_1	1	92	60	31571
333_VI_4	-5	63	90	63384
394_PR_5	-6	54	75	63892
93_SA_1	1	93	90	32522
94_NU_1	1	94	160	32544
95_SA_1	1	95	140	32862
334_SA_4	-5	64	30	67546
96_VI_1	1	96	50	34088
98_PR_1	1	97	10	34308
97_PR_1	1	98	20	34308
335_SA_4	-5	65	30	70998
266_SA_3	-4	76	80	71884
99_SA_1	1	99	75	36091
267_NU_3	-4	77	50	72350
336_VI_4	-5	66	240	73186
337_PR_4	-5	67	1	73722
395_SA_5	-6	55	90	76844
338_SA_4	-5	68	60	76844
396_SA_5	-6	56	60	76922
397_SA_5	-6	57	10	76922
268_SA_3	-4	78	90	79572
398_NU_5	-6	58	150	80478
340_SA_4	-5	69	60	80478
339_SA_4	-5	70	140	80478
189_PR_2	-3	89	80	80478
399_SA_5	-6	59	60	81264
190_SA_2	-3	90	30	81264
100_PR_1	1	100	60	41609
269_SA_3	-4	79	40	88500
400_PR_5	-6	60	45	88784
270_PR_3	3	80	75	47211
