#Nombre	DiaAten	ModelId		T.Servicio	Penalty
191_PR_3	-4	1	1	2
101_PR_2	2	1	1	1
1_PR_1	1	1	1	20
341_SA_5	-6	1	1	204
102_SA_2	2	2	1	149
2_SA_1	1	2	5	195
103_SA_2	-3	3	5	660
104_LC_2	2	4	5	395
271_PR_4	-5	1	15	870
105_LC_2	-3	5	15	938
342_PR_5	5	2	15	691
192_PR_3	-4	2	18	2510
193_LC_3	3	3	20	1278
272_LC_4	4	2	20	1315
273_LC_4	-5	3	20	2776
343_LC_5	-6	3	20	3058
274_SA_4	-5	4	20	3748
3_SA_1	-2	3	20	4054
106_NU_2	2	6	20	2322
107_PR_2	2	7	25	2436
344_LC_5	5	4	30	2692
108_LC_2	2	8	30	2692
345_SA_5	5	5	30	2839
194_PR_3	3	4	30	2909
4_LC_1	1	4	30	2949
195_SA_3	3	5	30	2995
5_SA_1	-2	5	30	6226
197_SA_3	3	6	30	3113
346_LC_5	-6	6	30	6226
199_SA_3	3	7	30	3113
196_PR_3	3	8	30	3113
198_SA_3	-4	9	30	6226
6_SA_1	-2	6	30	6546
200_SA_3	3	10	30	3273
201_LC_3	3	11	30	3273
347_SA_5	5	7	30	3307
7_SA_1	1	7	30	3329
202_SA_3	3	12	30	3329
8_SA_1	-2	8	30	6658
110_SA_2	2	9	30	3329
111_SA_2	-3	10	30	6658
112_SA_2	2	11	30	3329
109_SA_2	-3	12	30	6658
114_SA_2	2	13	30	3329
113_SA_2	2	14	30	3329
203_SA_3	3	13	30	3329
115_PR_2	-3	15	30	7330
348_SA_5	5	8	35	3675
349_SA_5	5	9	35	3675
9_SA_1	-2	9	35	7664
10_SA_1	-2	10	35	7664
13_SA_1	1	11	35	3832
14_SA_1	1	12	35	3832
350_SA_5	5	10	35	3832
12_SA_1	1	13	35	3832
204_SA_3	3	14	35	3832
205_SA_3	3	15	35	3832
352_PR_5	5	11	35	3832
11_SA_1	1	14	35	3832
275_SA_4	4	5	35	3832
276_SA_4	4	6	35	3832
277_SA_4	-5	7	35	7664
120_SA_2	2	16	35	3832
279_SA_4	-5	8	35	7664
280_NU_4	4	9	35	3832
119_SA_2	2	17	35	3832
124_SA_2	2	18	35	3832
121_LC_2	2	19	35	3832
122_SA_2	2	20	35	3832
351_SA_5	5	12	35	3832
118_SA_2	-3	21	35	7664
278_PR_4	4	10	35	3832
116_SA_2	2	22	35	3832
117_SA_2	2	23	35	3832
123_SA_2	2	24	35	3832
15_SA_1	-2	15	38	7922
125_SA_2	2	25	38	4712
281_PR_4	4	11	38	4712
282_LC_4	4	12	40	4862
127_PR_2	2	26	40	4882
206_PR_3	3	16	40	4882
126_PR_2	-3	27	40	9764
353_SA_5	5	13	40	5353
354_PR_5	5	14	40	5405
16_SA_1	1	16	45	5614
207_SA_3	3	17	45	5614
128_SA_2	-3	28	45	11250
17_NU_1	1	17	45	5888
129_NU_2	-3	29	45	11776
283_SA_4	4	13	45	5902
355_LC_5	5	15	45	6015
130_SA_2	2	30	45	6015
356_SA_5	5	16	45	6354
131_PR_2	2	31	50	7584
18_SA_1	1	18	50	7751
208_SA_3	-4	18	50	15502
209_SA_3	3	19	50	7751
132_SA_2	2	32	50	7751
19_SA_1	1	19	50	7923
210_SA_3	-4	20	50	15846
284_SA_4	4	14	50	7923
134_SA_2	2	33	50	7927
133_SA_2	2	34	50	7927
357_SA_5	5	17	50	7927
285_SA_4	4	15	50	8014
135_SA_2	2	35	50	8078
20_SA_1	-2	20	50	16156
136_LC_2	2	36	50	8143
286_PR_4	4	16	52	8414
360_LC_5	5	18	52	8414
358_PR_5	5	19	52	8414
137_PR_2	2	37	52	8414
359_LC_5	5	20	52	8414
361_SA_5	5	21	52	8414
21_NU_1	1	21	57	8649
211_NU_3	3	21	57	8649
362_PR_5	5	22	57	8686
22_PR_1	1	22	60	8933
213_LC_3	3	22	60	8933
139_PR_2	2	38	60	8933
140_SA_2	2	39	60	8933
288_SA_4	4	17	60	8933
287_PR_4	4	18	60	8933
212_SA_3	3	23	60	8933
138_VI_2	2	40	60	8933
363_VI_5	5	23	60	9222
214_VI_3	3	24	60	9222
215_PR_3	3	25	60	9260
23_SA_1	1	23	60	9475
24_PR_1	1	24	60	9480
289_LC_4	4	19	60	9548
25_PR_1	-2	25	60	19246
141_NU_2	2	41	60	9842
26_NU_1	1	26	60	9842
27_LC_1	1	27	60	9854
216_SA_3	3	26	60	9998
28_SA_1	-2	28	60	20194
29_SA_1	1	29	60	10219
364_PR_5	5	24	60	10279
217_SA_3	3	27	60	10553
365_SA_5	5	25	60	10553
290_SA_4	4	20	60	10553
291_SA_4	4	21	60	10836
292_PR_4	4	22	60	11261
293_PR_4	4	23	60	11261
294_SA_4	4	24	60	11288
142_LC_2	2	42	60	11329
218_SA_3	3	28	60	11360
219_SA_3	3	29	60	11360
143_SA_2	2	43	60	11360
144_SA_2	2	44	60	12740
145_LC_2	2	45	60	13246
146_SA_2	2	46	60	13246
147_LC_2	-3	47	60	26492
220_PR_3	3	30	60	13246
30_PR_1	1	30	60	13283
295_LC_4	4	25	60	13391
366_SA_5	5	26	60	13897
32_SA_1	1	31	60	14081
31_SA_1	1	32	60	14081
367_PR_5	5	27	60	14088
33_LC_1	1	33	60	14156
221_PR_3	3	31	60	14304
296_SA_4	4	26	60	14322
222_PR_3	3	32	60	14334
223_PR_3	3	33	60	14565
224_PR_3	3	34	60	14591
34_LC_1	1	34	60	14598
148_SA_2	2	48	60	15590
368_PR_5	5	28	60	15626
369_SA_5	5	29	60	16272
370_SA_5	5	30	60	16272
225_SA_3	3	35	60	16771
35_SA_1	1	35	60	16771
297_SA_4	4	27	60	17008
36_LC_1	-2	36	61	34204
298_PR_4	4	28	65	17572
150_SA_2	2	49	65	17865
149_SA_2	2	50	65	17865
151_SA_2	-3	51	65	36204
38_PR_1	1	37	65	18173
371_PR_5	5	31	65	18173
37_PR_1	1	38	65	18173
39_LC_1	1	39	65	18204
226_PR_3	3	36	65	19077
372_LC_5	5	32	67	19132
227_LC_3	3	37	68	19147
40_SA_1	-2	40	70	38840
228_SA_3	3	38	70	19493
152_LC_2	2	52	70	19839
41_LC_1	1	41	70	20065
42_PR_1	-2	42	70	40130
299_LC_4	4	29	70	20123
43_SA_1	1	43	73	21226
300_SA_4	4	30	75	21399
301_SA_4	4	31	75	21558
44_PR_1	1	44	75	21604
153_PR_2	2	53	75	22006
302_SA_4	4	32	75	22029
373_SA_5	5	33	75	22288
154_PR_2	2	54	75	22296
374_PR_5	5	34	75	22296
155_SA_2	2	55	75	22520
375_PR_5	5	35	75	22536
229_SA_3	3	39	75	22551
156_PR_2	2	56	75	22592
45_VI_1	1	45	75	22760
46_SA_1	-2	46	75	45572
47_SA_1	1	47	75	22786
230_PR_3	3	40	78	23203
303_LC_4	4	33	79	23210
376_PR_5	5	36	80	23301
304_VI_4	4	34	80	23381
231_SA_3	3	41	80	23381
49_SA_1	1	48	80	23381
306_SA_4	4	35	80	23381
305_PR_4	4	36	80	23381
377_PR_5	5	37	80	23381
157_SA_2	2	57	80	23381
48_SA_1	1	49	80	23381
232_PR_3	3	42	80	23381
307_SA_4	4	37	80	23579
233_SA_3	3	43	80	23922
378_PR_5	5	38	80	24337
234_LC_3	3	44	80	24482
235_LC_3	3	45	85	24524
379_LC_5	5	39	85	24742
50_LC_1	1	50	90	24878
158_PR_2	2	58	90	24905
236_VI_3	3	46	90	25109
308_PR_4	4	38	90	25176
237_PR_3	3	47	90	25176
159_SA_2	2	59	90	25282
51_SA_1	1	51	90	25282
160_PR_2	2	60	90	25320
309_PR_4	4	39	90	25540
310_PR_4	4	40	90	25540
161_LC_2	2	61	90	25629
238_SA_3	3	48	90	25749
162_SA_2	2	62	90	26006
239_SA_3	3	49	90	26409
52_PR_1	1	52	90	26633
240_PR_3	3	50	90	26633
53_NU_1	1	53	90	26740
311_PR_4	4	41	90	26918
241_SA_3	3	51	90	26990
55_LC_1	1	54	90	28004
54_LC_1	1	55	90	28004
312_PR_4	4	42	90	28016
56_LC_1	1	56	90	28647
313_PR_4	4	43	90	28909
163_PR_2	2	63	90	28909
164_NU_2	2	64	90	29090
314_SA_4	4	44	90	29149
380_LC_5	5	40	90	29287
59_SA_1	1	57	90	29624
57_SA_1	1	58	90	29624
58_SA_1	1	59	90	29624
165_SA_2	2	65	90	29692
60_LC_1	1	60	90	29901
167_SA_2	2	66	90	30013
64_SA_1	1	61	90	30013
62_SA_1	1	62	90	30013
61_SA_1	1	63	90	30013
166_SA_2	2	67	90	30013
65_SA_1	1	64	90	30013
63_SA_1	1	65	90	30013
381_SA_5	5	41	90	30013
242_LC_3	3	52	90	30212
315_SA_4	4	45	90	30325
316_NU_4	4	46	90	30391
66_PR_1	1	66	90	30399
168_SA_2	2	68	90	30498
67_SA_1	1	67	90	30858
317_LC_4	4	47	90	30989
243_SA_3	3	53	90	31094
318_SA_4	4	48	90	31094
68_SA_1	1	68	90	31333
69_VI_1	1	69	90	31435
382_PR_5	5	42	93	31683
319_PR_4	4	49	98	31924
71_PR_1	1	70	100	32037
70_SA_1	1	71	100	32037
170_SA_2	2	69	100	32037
244_SA_3	3	54	100	32037
169_LC_2	2	70	100	32037
171_PR_2	2	71	100	32144
172_NU_2	2	72	100	32195
321_SA_4	4	50	100	32250
383_SA_5	5	43	100	32250
73_PR_1	1	72	100	32250
72_SA_1	1	73	100	32250
320_SA_4	4	51	100	32250
322_SA_4	4	52	100	32250
245_SA_3	3	55	100	32636
384_SA_5	5	44	100	32636
323_SA_4	4	53	100	32636
246_LC_3	3	56	100	32934
247_SA_3	3	57	100	33384
74_SA_1	1	74	100	34115
75_SA_1	1	75	100	34262
174_SA_2	2	73	100	34262
173_SA_2	2	74	100	34262
175_SA_2	2	75	100	34262
385_SA_5	5	45	100	34262
248_SA_3	3	58	102	34743
176_SA_2	2	76	102	34933
177_PR_2	2	77	105	35095
249_SA_3	3	59	105	35232
76_SA_1	1	76	105	35640
250_SA_3	3	60	105	35836
77_SA_1	1	77	105	35836
178_NU_2	2	78	108	36016
324_SA_4	4	54	108	36199
325_PR_4	4	55	110	36214
386_SA_5	5	46	110	36385
179_PR_2	2	79	110	36458
251_PR_3	3	61	111	36558
180_LC_2	2	80	120	36662
326_SA_4	4	56	120	37101
78_SA_1	1	78	120	37101
79_SA_1	1	79	120	37101
181_LC_2	2	81	120	37101
252_SA_3	3	62	120	37101
387_SA_5	5	47	120	37195
80_SA_1	1	80	120	37583
81_SA_1	1	81	120	37596
388_SA_5	5	48	120	37861
389_SA_5	5	49	120	38067
253_SA_3	3	63	120	38067
82_VI_1	1	82	120	38494
390_LC_5	5	50	120	38671
255_PR_3	3	64	120	39143
254_PR_3	3	65	120	39143
256_PR_3	3	66	120	39255
257_SA_3	3	67	120	39295
258_SA_3	3	68	120	40389
83_SA_1	1	83	120	40389
327_SA_4	4	57	120	40397
84_LC_1	1	84	120	40403
85_PR_1	1	85	120	40799
86_PR_1	1	86	120	40958
259_SA_3	3	69	120	40962
260_SA_3	3	70	120	42602
261_SA_3	3	71	128	42673
87_SA_1	1	87	130	42890
262_SA_3	3	72	130	42890
88_LC_1	1	88	130	43645
328_LC_4	4	58	130	43998
329_LC_4	4	59	130	43998
182_LC_2	2	82	130	44194
183_NU_2	2	83	130	44261
263_SA_3	3	73	138	44298
184_SA_2	2	84	138	44298
185_SA_2	2	85	140	44360
331_SA_4	4	60	140	44360
330_SA_4	4	61	140	44360
264_SA_3	3	74	150	46333
186_PR_2	2	86	150	46791
187_SA_2	2	87	150	47620
89_PR_1	1	89	150	48551
90_SA_1	1	90	150	49037
391_LC_5	5	51	150	49627
393_PR_5	5	52	150	50023
91_PR_1	1	91	150	50023
392_PR_5	5	53	150	50023
188_VI_2	2	88	160	50953
332_PR_4	4	62	168	51967
265_PR_3	3	75	170	53529
92_SA_1	1	92	173	54353
333_VI_4	4	63	178	55848
394_PR_5	5	54	180	56311
93_SA_1	1	93	180	56668
94_NU_1	1	94	180	57883
95_SA_1	1	95	180	58257
334_SA_4	4	64	180	58759
96_VI_1	1	96	180	59266
98_PR_1	1	97	180	60988
97_PR_1	1	98	180	60988
335_SA_4	4	65	180	61028
266_SA_3	3	76	180	61484
99_SA_1	1	99	200	61630
267_NU_3	3	77	200	61943
336_VI_4	4	66	207	62404
337_PR_4	4	67	207	62485
395_SA_5	5	55	210	63539
338_SA_4	4	68	210	63539
396_SA_5	5	56	215	63917
397_SA_5	5	57	215	63917
268_SA_3	3	78	230	65018
398_NU_5	5	58	234	65508
340_SA_4	4	69	234	65508
339_SA_4	4	70	234	65508
189_PR_2	2	89	234	65508
399_SA_5	5	59	240	65649
190_SA_2	2	90	240	65649
100_PR_1	1	100	240	67158
269_SA_3	3	79	240	70618
400_PR_5	5	60	240	71528
270_PR_3	3	80	285	78127
