Iter 86
MasterProb = 60355

s [*] :=
1  39
2  67
3  32
4  15
5  55
;

SubProb = -5538.99
d = 0

distanceCost*(sum{l in 1 .. Lcap - 1} t[l]) = 3850

Iter 87
MasterProb = 59459.4

s [*] :=
1  15
2  79
3  17
4  65
5  71
;

SubProb = -9556.93
d = 0

distanceCost*(sum{l in 1 .. Lcap - 1} t[l]) = 4950

Iter 88
MasterProb = 56572.2

s [*] :=
1  59
2  26
3  78
4  74
5  38
;

SubProb = -5434.18
d = 0

distanceCost*(sum{l in 1 .. Lcap - 1} t[l]) = 5060

Iter 89
MasterProb = 55189.3

s [*] :=
1  30
2   1
3  79
4   2
5  86
;

SubProb = -1983.17
d = 0

distanceCost*(sum{l in 1 .. Lcap - 1} t[l]) = 2695

Iter 90
MasterProb = 54272.5

s [*] :=
1  18
2  36
3   1
4  10
5  11
;

SubProb = -961.69
d = 0

distanceCost*(sum{l in 1 .. Lcap - 1} t[l]) = 2640

Iter 91
MasterProb = 54017.9

s [*] :=
1  32
2  43
3  24
4  85
5  72
;

SubProb = -2093.29
d = 0

distanceCost*(sum{l in 1 .. Lcap - 1} t[l]) = 4070

Iter 92
MasterProb = 52985

s [*] :=
1  67
2  62
3  42
4  51
5  18
;

SubProb = -299
d = 0

distanceCost*(sum{l in 1 .. Lcap - 1} t[l]) = 3630

Iter 93
MasterProb = 52958.3

s [*] :=
1  65
2  79
3  63
4  18
5  78
;

SubProb = -3119.94
d = 0

distanceCost*(sum{l in 1 .. Lcap - 1} t[l]) = 3960

Iter 94
MasterProb = 52050.9

s [*] :=
1  61
2  57
3  86
4  87
5  88
;

SubProb = -943.733
d = 0

distanceCost*(sum{l in 1 .. Lcap - 1} t[l]) = 880

Iter 95
MasterProb = 51904.6

s [*] :=
1  12
2  19
3  63
4  47
5   3
;

SubProb = -2127.97
d = 0

distanceCost*(sum{l in 1 .. Lcap - 1} t[l]) = 2860

Iter 96
MasterProb = 51133.7

s [*] :=
1   5
2  52
3  46
4  36
5  78
;

SubProb = -1928.34
d = 0

distanceCost*(sum{l in 1 .. Lcap - 1} t[l]) = 3410

Iter 97
MasterProb = 50790.2

s [*] :=
1   2
2  43
3  42
4  41
5  74
;

SubProb = -681.815
d = 0

distanceCost*(sum{l in 1 .. Lcap - 1} t[l]) = 3410

Iter 98
MasterProb = 50719.1

s [*] :=
1  57
2   1
3  55
4  46
5  86
;

SubProb = 145.056
d = 0

distanceCost*(sum{l in 1 .. Lcap - 1} t[l]) = 2420

Problema Entero
MasterProb = 52570

fo1 = 33605
fo2 = 18965

x[j] [*] :=
 50  1
 52  1
 58  1
 74  1
 78  1
136  1
156  1
163  1
173  1
186  1
200  1
207  1
219  1
225  1
230  1
255  1
272  1
276  1
277  1
280  1
;

aa[i,j] [*,*]
:   50  52  58  74  78 136 156 163 173 186 200 207 219 225 230 255 272 276 277 :=
1    0   0   0   0   0   0   0   1   0   0   0   0   0   0   0   0   0   0   0
2    0   0   0   0   0   0   0   0   0   0   0   1   0   0   0   0   0   0   0
3    0   0   0   0   0   0   0   0   0   0   0   0   0   0   0   0   0   0   0
4    0   0   0   0   0   0   0   0   0   0   0   0   0   1   0   0   0   0   0
5    0   0   0   0   0   0   0   0   0   0   0   0   0   0   0   0   0   0   0
6    0   0   0   0   0   0   0   0   0   0   0   0   0   0   0   0   0   0   0
7    0   0   0   0   0   0   0   0   0   0   0   0   0   0   0   0   0   0   0
8    0   0   0   0   0   0   0   0   0   0   0   0   0   0   0   0   0   0   0
9    0   0   0   0   0   0   0   0   0   0   0   0   0   0   0   0   0   0   0
10   0   0   0   0   0   0   0   0   0   0   0   0   0   0   0   0   0   0   0
11   0   0   0   0   0   0   0   0   0   0   1   0   0   0   0   0   0   0   0
12   0   0   0   0   0   0   0   0   0   0   0   0   0   0   0   0   0   0   0
13   0   0   0   0   0   0   0   0   1   0   0   0   0   0   0   0   0   0   0
14   0   0   0   0   0   0   1   0   0   0   0   0   0   0   0   0   0   0   0
15   0   0   0   0   0   0   0   0   0   0   0   0   0   0   0   0   1   0   0
16   0   0   0   0   0   0   0   0   0   0   0   0   1   0   0   0   0   0   0
17   0   0   0   0   0   0   0   0   0   0   0   0   0   0   0   0   1   0   0
18   0   0   0   0   0   0   0   0   0   0   0   0   0   0   0   0   0   0   1
19   0   0   0   0   0   0   0   0   0   0   0   0   0   0   0   0   0   0   0
20   0   0   0   0   0   0   0   0   0   0   0   0   0   0   0   0   0   0   0
21   0   0   0   0   0   0   0   0   0   0   0   0   0   0   0   0   0   0   0
22   0   0   0   0   0   0   0   0   0   0   0   1   0   0   0   0   0   0   0
23   0   0   0   0   0   0   0   1   0   0   0   0   0   0   0   0   0   0   0
24   0   0   0   0   0   0   0   0   0   0   0   0   0   0   0   0   0   1   0
25   0   0   0   0   0   0   0   0   0   0   0   0   0   0   0   0   0   0   0
26   0   0   0   0   0   0   0   0   0   1   0   0   0   0   0   0   0   0   0
27   0   0   0   0   0   0   1   0   0   0   0   0   0   0   0   0   0   0   0
28   0   0   0   0   0   0   0   0   0   0   0   0   0   0   0   0   0   0   0
29   0   0   0   0   0   0   0   0   0   0   0   0   0   0   0   0   0   0   0
30   0   0   0   0   0   0   0   0   1   0   0   0   0   0   0   0   0   0   0
31   0   0   0   0   0   0   0   0   0   0   0   0   0   0   0   0   0   0   0
32   0   0   0   0   0   0   0   0   0   0   0   0   0   0   0   0   0   1   0
33   0   0   0   0   0   0   0   0   0   0   0   1   0   0   0   0   0   0   0
34   0   0   0   0   0   0   0   0   0   0   0   0   0   0   0   0   0   0   0
35   0   0   0   0   0   0   0   0   0   0   0   0   0   0   0   0   0   0   0
36   0   0   0   0   0   1   0   0   0   0   0   0   0   0   0   0   0   0   0
37   0   0   0   0   0   0   0   0   0   0   0   0   0   1   0   0   0   0   0
38   0   0   0   0   0   0   0   0   0   0   0   0   0   0   0   1   0   0   0
39   0   0   0   0   0   0   0   1   0   0   0   0   0   0   0   0   0   0   0
40   0   0   0   0   0   0   0   0   0   0   0   0   1   0   0   0   0   0   0
41   0   0   0   0   0   0   0   0   0   0   0   1   0   0   0   0   0   0   0
42   0   0   0   0   0   0   0   0   0   0   0   0   0   0   0   0   0   0   1
43   0   0   0   0   0   0   0   0   0   0   0   0   0   0   0   0   0   1   0
44   0   0   0   0   0   0   1   0   0   0   0   0   0   0   0   0   0   0   0
45   0   0   0   0   0   0   0   0   0   0   0   0   0   0   1   0   0   0   0
46   0   0   0   0   0   0   0   1   0   0   0   0   0   0   0   0   0   0   0
47   0   0   0   0   0   0   0   0   0   0   0   0   0   0   0   0   0   0   0
48   0   0   0   0   0   0   0   0   0   0   0   0   0   0   0   0   0   0   0
49   0   0   0   0   0   0   0   0   0   0   0   0   0   0   0   1   0   0   0
50   1   0   0   0   0   0   0   0   0   0   0   0   0   0   0   0   0   0   0
51   0   0   0   0   0   0   0   0   0   0   0   0   0   0   0   0   0   0   1
52   0   1   0   0   0   0   0   0   0   0   0   0   0   0   0   0   0   0   0
53   0   0   0   0   0   0   0   0   0   0   0   0   0   0   0   0   0   0   0
54   0   0   0   0   0   0   0   0   0   0   0   0   0   0   1   0   0   0   0
55   0   0   0   0   0   0   0   0   0   0   1   0   0   0   0   0   0   0   0
56   0   0   0   0   0   0   0   1   0   0   0   0   0   0   0   0   0   0   0
57   0   0   0   0   0   0   0   0   0   1   0   0   0   0   0   0   0   0   0
58   0   0   1   0   0   0   0   0   0   0   0   0   0   0   0   0   0   0   0
59   0   0   0   0   0   0   0   0   0   0   0   1   0   0   0   0   0   0   0
60   0   0   0   0   0   0   0   0   0   1   0   0   0   0   0   0   0   0   0
61   0   0   0   0   0   1   0   0   0   0   0   0   0   0   0   0   0   0   0
62   0   0   0   0   0   0   0   0   0   0   0   0   0   0   0   0   0   0   1
63   0   0   0   0   0   0   0   0   0   0   0   0   0   0   0   0   0   0   0
64   0   0   0   0   0   0   1   0   0   0   0   0   0   0   0   0   0   0   0
65   0   0   0   0   0   0   0   0   0   0   0   0   0   0   0   0   1   0   0
66   0   0   0   0   0   0   0   0   0   0   0   0   0   0   0   0   0   0   0
67   0   0   0   0   0   0   0   0   0   0   0   0   0   0   0   0   0   0   1
68   0   0   0   0   0   0   0   0   0   0   0   0   0   0   0   0   0   0   0
69   0   0   0   0   0   0   0   0   0   0   0   0   0   1   0   0   0   0   0
70   0   0   0   0   0   0   0   0   0   0   0   0   0   1   0   0   0   0   0
71   0   0   0   0   0   0   0   0   0   0   0   0   0   0   0   0   1   0   0
72   0   0   0   0   0   0   0   0   0   0   0   0   0   0   0   0   0   1   0
73   0   0   0   0   0   0   0   0   0   0   0   0   0   0   0   0   0   0   0
74   0   0   0   1   0   0   0   0   0   0   0   0   0   0   0   0   0   0   0
75   0   0   0   0   0   0   0   0   0   0   0   0   0   0   0   0   0   0   0
76   0   0   0   0   0   0   0   0   0   0   0   0   0   0   0   0   0   0   0
77   0   0   0   0   0   0   0   0   0   0   0   0   0   0   0   0   0   0   0
78   0   0   0   0   1   0   0   0   0   0   0   0   0   0   0   0   0   0   0
79   0   0   0   0   0   0   0   0   0   0   0   0   0   0   0   0   1   0   0
80   0   0   0   0   0   0   0   0   0   0   0   0   0   0   0   0   0   0   0
81   0   0   0   0   0   0   0   0   0   0   0   0   0   0   0   0   0   0   0
82   0   0   0   0   0   0   0   0   0   0   0   0   0   0   0   0   0   0   0
83   0   0   0   0   0   0   0   0   0   0   0   0   0   0   0   0   0   0   0
84   0   0   0   0   0   0   0   0   0   0   0   0   0   0   0   0   0   0   0
85   0   0   0   0   0   0   0   0   0   0   0   0   0   0   0   0   0   1   0

:  280    :=
1    0
2    0
3    1
4    0
5    0
6    0
7    0
8    0
9    0
10   0
11   0
12   1
13   0
14   0
15   0
16   0
17   0
18   0
19   1
20   0
21   0
22   0
23   0
24   0
25   0
26   0
27   0
28   0
29   0
30   0
31   0
32   0
33   0
34   0
35   0
36   0
37   0
38   0
39   0
40   0
41   0
42   0
43   0
44   0
45   0
46   0
47   1
48   0
49   0
50   0
51   0
52   0
53   0
54   0
55   0
56   0
57   0
58   0
59   0
60   0
61   0
62   0
63   1
64   0
65   0
66   0
67   0
68   0
69   0
70   0
71   0
72   0
73   0
74   0
75   0
76   0
77   0
78   0
79   0
80   0
81   0
82   0
83   0
84   0
85   0
;

vi[i] [*] :=
 5  1
 6  1
 7  1
 8  1
 9  1
10  1
20  1
21  1
25  1
28  1
29  1
31  1
34  1
35  1
48  1
53  1
66  1
68  1
73  1
75  1
76  1
77  1
80  1
81  1
82  1
83  1
84  1
;

:   x[i]   c[i] travel[i] delay[i]    :=
50    1       0       0       0
52    1       0       0       0
58    1       0       0       0
74    1       0       0       0
78    1       0       0       0
136   1    1155    1155       0
156   1    2640    2640       0
163   1    3025    3025       0
173   1     880     880       0
186   1    1760    1760       0
200   1     660     660       0
207   1    3135    3135       0
219   1     660     660       0
225   1    2640    2640       0
230   1     880     880       0
255   1     660     660       0
272   1    4950    4950       0
276   1    4070    4070       0
277   1    3630    3630       0
280   1    2860    2860       0
;

