Iter 98
MasterProb = 297931

s [*] :=
1  93
2  91
3  94
4  95
5  96
;

SubProb = -88595
d = 408

distanceCost*(sum{l in 1 .. Lcap - 1} t[l]) = 3465

Iter 99
MasterProb = 210487

s [*] :=
1  29
2   1
3  93
4  57
5  95
;

SubProb = -49389.7
d = 71

distanceCost*(sum{l in 1 .. Lcap - 1} t[l]) = 3905

Iter 100
MasterProb = 210487

s [*] :=
1  91
2  21
3  84
4  32
5  93
;

SubProb = -41124.2
d = 0

distanceCost*(sum{l in 1 .. Lcap - 1} t[l]) = 3520

Iter 101
MasterProb = 210487

s [*] :=
1   1
2   2
3  91
4   8
5   9
;

SubProb = -19754
d = 0

distanceCost*(sum{l in 1 .. Lcap - 1} t[l]) = 5225

Iter 102
MasterProb = 210487

s [*] :=
1  28
2  78
3  74
4  54
5  94
;

SubProb = -16758.5
d = 143

distanceCost*(sum{l in 1 .. Lcap - 1} t[l]) = 4290

Iter 103
MasterProb = 210478

s [*] :=
1   92
2   57
3   98
4   99
5  100
;

SubProb = -9833.04
d = 0

distanceCost*(sum{l in 1 .. Lcap - 1} t[l]) = 880

Iter 104
MasterProb = 206295

s [*] :=
1  30
2   1
3  38
4  16
5  97
;

SubProb = -5386.03
d = 380

distanceCost*(sum{l in 1 .. Lcap - 1} t[l]) = 4125

Iter 105
MasterProb = 206295

s [*] :=
1  92
2  14
3  34
4  98
5  99
;

SubProb = -5754.51
d = 0

distanceCost*(sum{l in 1 .. Lcap - 1} t[l]) = 1760

Iter 106
MasterProb = 204086

s [*] :=
1  15
2  93
3  58
4  81
5  28
;

SubProb = -4989.68
d = 83

distanceCost*(sum{l in 1 .. Lcap - 1} t[l]) = 4840

Iter 107
MasterProb = 204086

s [*] :=
1  82
2  81
3  48
4  64
5  61
;

SubProb = -2251.95
d = 144

distanceCost*(sum{l in 1 .. Lcap - 1} t[l]) = 4620

Iter 108
MasterProb = 203857

s [*] :=
1  51
2  84
3   1
4  64
5   4
;

SubProb = -3424.03
d = 0

distanceCost*(sum{l in 1 .. Lcap - 1} t[l]) = 3795

Iter 109
MasterProb = 203469

s [*] :=
1  88
2  40
3   1
4  16
5  68
;

SubProb = -965.846
d = 0

distanceCost*(sum{l in 1 .. Lcap - 1} t[l]) = 3410

Iter 110
MasterProb = 203411

s [*] :=
1  30
2  28
3  45
4  80
5   4
;

SubProb = -2511.28
d = 37

distanceCost*(sum{l in 1 .. Lcap - 1} t[l]) = 3685

Iter 111
MasterProb = 203176

s [*] :=
1  20
2  12
3  17
4   1
5  87
;

SubProb = -1883.97
d = 84

distanceCost*(sum{l in 1 .. Lcap - 1} t[l]) = 4070

Iter 112
MasterProb = 203086

s [*] :=
1  56
2   1
3  70
4  64
5  81
;

SubProb = -2096.19
d = 76

distanceCost*(sum{l in 1 .. Lcap - 1} t[l]) = 3905

Iter 113
MasterProb = 202830

s [*] :=
1  67
2  18
3   6
4  32
5  96
;

SubProb = -951.822
d = 190

distanceCost*(sum{l in 1 .. Lcap - 1} t[l]) = 4675

Iter 114
MasterProb = 202830

s [*] :=
1  42
2  32
3  30
4  94
5  60
;

SubProb = -2784.26
d = 0

distanceCost*(sum{l in 1 .. Lcap - 1} t[l]) = 4345

Iter 115
MasterProb = 202769

s [*] :=
1  93
2  90
3  18
4   4
5  94
;

SubProb = -2390.38
d = 22

distanceCost*(sum{l in 1 .. Lcap - 1} t[l]) = 4510

Iter 116
MasterProb = 202769

s [*] :=
1  67
2  29
3  91
4   8
5  81
;

SubProb = -1658.21
d = 0

distanceCost*(sum{l in 1 .. Lcap - 1} t[l]) = 4730

Iter 117
MasterProb = 202706

s [*] :=
1   96
2    7
3   98
4   99
5  100
;

SubProb = -636.638
d = 0

distanceCost*(sum{l in 1 .. Lcap - 1} t[l]) = 605

Iter 118
MasterProb = 202700

s [*] :=
1  72
2  59
3  57
4  21
5  36
;

SubProb = 203.547
d = 19

distanceCost*(sum{l in 1 .. Lcap - 1} t[l]) = 4620

Problema Entero
MasterProb = 267225

fo1 = 131600
fo2 = 135625

x[j] [*] :=
 97  1
138  1
158  1
197  1
215  1
219  1
223  1
245  1
277  1
279  1
300  1
343  1
354  1
371  1
388  1
403  1
469  1
494  1
528  1
533  1
;

aa[i,j] [*,*]
:   97 138 158 197 215 219 223 245 277 279 300 343 354 371 388 403 469 494 528 :=
1    0   0   0   0   0   0   0   0   0   0   0   0   0   0   1   0   0   0   0
2    0   0   0   0   0   0   0   0   0   0   0   0   0   0   0   0   0   0   0
3    0   0   0   0   0   0   0   0   0   0   0   1   0   0   0   0   0   0   0
4    0   0   0   0   0   0   0   0   0   0   0   0   0   0   0   0   0   0   0
5    0   0   0   0   0   0   0   0   0   0   0   0   0   0   0   0   0   0   0
6    0   0   0   0   0   0   0   0   0   0   0   0   0   0   1   0   0   0   0
7    0   0   0   1   0   0   0   0   0   0   0   0   0   0   0   0   0   0   0
8    0   0   0   0   0   0   1   0   0   0   0   0   0   0   0   0   0   0   0
9    0   0   0   0   0   0   0   0   0   0   0   0   0   0   0   0   0   0   0
10   0   0   0   0   0   0   0   0   0   0   0   0   0   1   0   0   0   0   0
11   0   0   0   0   0   0   0   0   0   0   0   0   0   1   0   0   0   0   0
12   0   0   0   0   1   0   0   0   0   0   0   0   0   0   0   0   0   0   0
13   0   0   0   0   0   0   0   0   0   0   0   0   0   0   0   0   1   0   0
14   0   0   0   0   0   0   0   0   0   0   0   0   0   0   0   1   0   0   0
15   0   0   0   0   0   0   1   0   0   0   0   0   0   0   0   0   0   0   0
16   0   0   0   0   0   0   0   0   0   0   0   0   0   0   0   0   1   0   0
17   0   0   0   0   0   0   0   0   0   0   0   0   0   0   0   0   0   0   0
18   0   1   0   0   0   0   0   0   0   0   0   0   0   0   0   0   0   0   0
19   0   0   0   0   0   0   0   1   0   0   0   0   0   0   0   0   0   0   0
20   0   0   0   0   0   0   0   0   0   0   0   0   0   1   0   0   0   0   0
21   0   1   0   0   0   0   0   0   0   0   0   0   0   0   0   0   0   0   0
22   0   0   0   0   0   0   0   0   0   1   0   0   0   0   0   0   0   0   0
23   0   0   0   0   0   0   0   0   0   0   0   0   0   0   0   0   1   0   0
24   0   0   0   1   0   0   0   0   0   0   0   0   0   0   0   0   0   0   0
25   0   0   0   0   0   0   0   0   0   0   0   0   0   1   0   0   0   0   0
26   0   0   0   0   0   0   0   0   0   0   1   0   0   0   0   0   0   0   0
27   0   0   0   0   0   0   0   0   0   0   0   0   0   0   0   0   0   0   0
28   0   0   0   0   0   0   0   0   0   1   0   0   0   0   0   0   0   0   0
29   0   0   1   0   0   0   0   0   0   0   0   0   0   0   0   0   0   0   0
30   0   1   0   0   0   0   0   0   0   0   0   0   0   0   0   0   0   0   0
31   0   0   0   0   0   0   0   0   0   0   0   0   0   0   0   0   0   0   0
32   0   0   0   0   1   0   0   0   0   0   0   0   0   0   0   0   0   0   0
33   0   0   1   0   0   0   0   0   0   0   0   0   0   0   0   0   0   0   0
34   0   0   0   0   1   0   0   0   0   0   0   0   0   0   0   0   0   0   0
35   0   0   1   0   0   0   0   0   0   0   0   0   0   0   0   0   0   0   0
36   0   0   0   0   0   0   0   0   0   0   0   0   0   0   0   0   0   1   0
37   0   0   0   0   0   0   0   0   0   0   0   0   0   0   1   0   0   0   0
38   0   0   0   0   0   0   0   0   1   0   0   0   0   0   0   0   0   0   0
39   0   0   0   0   0   0   0   0   0   0   0   0   0   0   0   1   0   0   0
40   0   0   0   0   0   0   0   0   0   0   0   0   0   1   0   0   0   0   0
41   0   0   0   0   0   0   1   0   0   0   0   0   0   0   0   0   0   0   0
42   0   0   0   0   0   0   0   0   0   0   0   0   0   0   0   0   0   0   0
43   0   0   0   0   0   0   0   0   0   0   1   0   0   0   0   0   0   0   0
44   0   0   0   1   0   0   0   0   0   0   0   0   0   0   0   0   0   0   0
45   0   0   1   0   0   0   0   0   0   0   0   0   0   0   0   0   0   0   0
46   0   1   0   0   0   0   0   0   0   0   0   0   0   0   0   0   0   0   0
47   0   0   0   0   1   0   0   0   0   0   0   0   0   0   0   0   0   0   0
48   0   0   0   0   0   0   0   0   0   0   0   0   0   0   1   0   0   0   0
49   0   0   0   0   0   0   0   0   0   0   0   1   0   0   0   0   0   0   0
50   0   0   0   0   0   1   0   0   0   0   0   0   0   0   0   0   0   0   0
51   0   0   0   0   0   0   0   0   0   0   0   0   0   0   0   0   1   0   0
52   0   0   0   0   0   0   0   0   1   0   0   0   0   0   0   0   0   0   0
53   0   0   0   0   0   0   0   0   0   0   0   0   0   0   0   0   0   0   0
54   0   0   0   0   0   0   0   0   0   0   0   0   0   0   0   0   0   1   0
55   0   0   0   1   0   0   0   0   0   0   0   0   0   0   0   0   0   0   0
56   0   0   0   0   0   0   0   0   0   0   0   0   0   0   0   1   0   0   0
57   0   0   0   0   0   0   0   0   0   0   0   0   0   0   0   0   0   0   0
58   0   0   0   0   0   0   0   0   0   0   0   0   0   0   0   1   0   0   0
59   0   0   0   0   0   0   0   0   0   0   0   0   0   0   0   0   1   0   0
60   0   0   0   0   0   0   0   0   0   1   0   0   0   0   0   0   0   0   0
61   0   0   0   0   0   0   0   0   0   0   0   0   1   0   0   0   0   0   0
62   0   0   0   0   0   0   0   0   0   0   1   0   0   0   0   0   0   0   0
63   0   0   0   0   0   0   0   0   0   1   0   0   0   0   0   0   0   0   0
64   0   0   0   0   0   0   0   0   0   0   0   0   0   0   0   1   0   0   0
65   0   0   0   0   1   0   0   0   0   0   0   0   0   0   0   0   0   0   0
66   0   0   0   0   0   0   0   0   0   0   0   0   0   0   1   0   0   0   0
67   0   0   0   0   0   1   0   0   0   0   0   0   0   0   0   0   0   0   0
68   0   0   0   0   0   1   0   0   0   0   0   0   0   0   0   0   0   0   0
69   0   0   1   0   0   0   0   0   0   0   0   0   0   0   0   0   0   0   0
70   0   0   0   0   0   0   0   0   1   0   0   0   0   0   0   0   0   0   0
71   0   0   0   0   0   1   0   0   0   0   0   0   0   0   0   0   0   0   0
72   0   0   0   0   0   0   0   0   0   1   0   0   0   0   0   0   0   0   0
73   0   0   0   0   0   0   0   0   0   0   0   1   0   0   0   0   0   0   0
74   0   1   0   0   0   0   0   0   0   0   0   0   0   0   0   0   0   0   0
75   0   0   0   0   0   0   1   0   0   0   0   0   0   0   0   0   0   0   0
76   0   0   0   0   0   0   0   0   0   0   1   0   0   0   0   0   0   0   0
77   0   0   0   0   0   0   0   1   0   0   0   0   0   0   0   0   0   0   0
78   0   0   0   0   0   0   0   0   0   0   0   0   0   0   0   0   0   1   0
79   0   0   0   0   0   0   0   1   0   0   0   0   0   0   0   0   0   0   0
80   0   0   0   0   0   0   0   0   0   0   0   0   0   0   0   0   0   1   0
81   0   0   0   0   0   0   0   0   1   0   0   0   0   0   0   0   0   0   0
82   0   0   0   0   0   0   0   0   1   0   0   0   0   0   0   0   0   0   0
83   0   0   0   0   0   1   0   0   0   0   0   0   0   0   0   0   0   0   0
84   0   0   0   0   0   0   0   0   0   0   0   1   0   0   0   0   0   0   0
85   0   0   0   1   0   0   0   0   0   0   0   0   0   0   0   0   0   0   0
86   0   0   0   0   0   0   1   0   0   0   0   0   0   0   0   0   0   0   0
87   0   0   0   0   0   0   0   1   0   0   0   0   0   0   0   0   0   0   0
88   0   0   0   0   0   0   0   0   0   0   0   0   1   0   0   0   0   0   0
89   0   0   0   0   0   0   0   0   0   0   1   0   0   0   0   0   0   0   0
90   0   0   0   0   0   0   0   1   0   0   0   0   0   0   0   0   0   0   0
91   0   0   0   0   0   0   0   0   0   0   0   0   0   0   0   0   0   0   1
92   0   0   0   0   0   0   0   0   0   0   0   0   0   0   0   0   0   0   0
93   0   0   0   0   0   0   0   0   0   0   0   0   0   0   0   0   0   0   1
94   0   0   0   0   0   0   0   0   0   0   0   0   0   0   0   0   0   0   1
95   0   0   0   0   0   0   0   0   0   0   0   0   0   0   0   0   0   0   1
96   0   0   0   0   0   0   0   0   0   0   0   0   0   0   0   0   0   0   1
97   1   0   0   0   0   0   0   0   0   0   0   0   0   0   0   0   0   0   0

:  533    :=
1    0
2    0
3    0
4    0
5    0
6    0
7    0
8    0
9    0
10   0
11   0
12   0
13   0
14   0
15   0
16   0
17   0
18   0
19   0
20   0
21   0
22   0
23   0
24   0
25   0
26   0
27   0
28   0
29   0
30   0
31   0
32   0
33   0
34   0
35   0
36   0
37   0
38   0
39   0
40   0
41   0
42   0
43   0
44   0
45   0
46   0
47   0
48   0
49   0
50   0
51   0
52   0
53   0
54   0
55   0
56   0
57   1
58   0
59   0
60   0
61   0
62   0
63   0
64   0
65   0
66   0
67   0
68   0
69   0
70   0
71   0
72   0
73   0
74   0
75   0
76   0
77   0
78   0
79   0
80   0
81   0
82   0
83   0
84   0
85   0
86   0
87   0
88   0
89   0
90   0
91   0
92   1
93   0
94   0
95   0
96   0
97   0
;

vi[i] [*] :=
 2  1
 4  1
 5  1
 9  1
17  1
27  1
31  1
42  1
53  1
;

:   x[i]   c[i]  travel[i] delay[i]    :=
97    1        0       0         0
138   1     7040    3520      3520
158   1     7215    4895      2320
197   1     7190    4070      3120
215   1     4950    4950         0
219   1     3840    3520       320
223   1     8930    4290      4640
245   1     5310    3630      1680
277   1     3080    3080         0
279   1     3570    3410       160
300   1     6070    4070      2000
343   1    17280    2640     14640
354   1      825     825         0
371   1     4730    4730         0
388   1     4500    3300      1200
403   1     3300    3300         0
469   1     4640    3520      1120
494   1     2145    2145         0
528   1    36105    3465     32640
533   1      880     880         0
;

