Iter 101
MasterProb = 153597

s [*] :=
1   43
2   15
3  101
4  102
5  103
;

SubProb = -2025.25
d = 0

distanceCost*(sum{l in 1 .. Lcap - 1} t[l]) = 880

Iter 102
MasterProb = 153310

s [*] :=
1  75
2  31
3  58
4  20
5  16
;

SubProb = -3280.7
d = 0

distanceCost*(sum{l in 1 .. Lcap - 1} t[l]) = 3520

Iter 103
MasterProb = 152807

s [*] :=
1  54
2  65
3   1
4  46
5  18
;

SubProb = -717.096
d = 12

distanceCost*(sum{l in 1 .. Lcap - 1} t[l]) = 4785

Iter 104
MasterProb = 152776

s [*] :=
1  88
2  80
3  64
4  47
5  31
;

SubProb = -1965.94
d = 17

distanceCost*(sum{l in 1 .. Lcap - 1} t[l]) = 4235

Iter 105
MasterProb = 152573

s [*] :=
1   42
2   83
3   95
4  101
5  102
;

SubProb = -389.797
d = 0

distanceCost*(sum{l in 1 .. Lcap - 1} t[l]) = 2035

Iter 106
MasterProb = 152556

s [*] :=
1  75
2  60
3  54
4   3
5  46
;

SubProb = -756.118
d = 0

distanceCost*(sum{l in 1 .. Lcap - 1} t[l]) = 4675

Iter 107
MasterProb = 152548

s [*] :=
1   4
2  95
3  99
4  40
5  61
;

SubProb = -1132.79
d = 2

distanceCost*(sum{l in 1 .. Lcap - 1} t[l]) = 4235

Iter 108
MasterProb = 152497

s [*] :=
1  86
2  32
3  75
4  80
5  49
;

SubProb = -727.846
d = 0

distanceCost*(sum{l in 1 .. Lcap - 1} t[l]) = 3795

Iter 109
MasterProb = 152478

s [*] :=
1    2
2    9
3  101
4  102
5  103
;

SubProb = -409.631
d = 0

distanceCost*(sum{l in 1 .. Lcap - 1} t[l]) = 880

Iter 110
MasterProb = 152478

s [*] :=
1  89
2  72
3   4
4  38
5  20
;

SubProb = -1615.09
d = 17

distanceCost*(sum{l in 1 .. Lcap - 1} t[l]) = 3685

Iter 111
MasterProb = 152218

s [*] :=
1   42
2   83
3   95
4  101
5  102
;

SubProb = -9.09495e-13
d = 0

distanceCost*(sum{l in 1 .. Lcap - 1} t[l]) = 2035

Problema Entero
MasterProb = 217998

fo1 = 99650
fo2 = 118348

x[j] [*] :=
117  1
167  1
260  1
288  1
328  1
360  1
367  1
378  1
394  1
406  1
416  1
466  1
507  1
528  1
532  1
538  1
554  1
572  1
584  1
588  1
;

aa[i,j] [*,*]
:   117 167 260 288 328 360 367 378 394 406 416 466 507 528 532 538 554 572 584 :=
1     0   0   0   0   0   0   0   0   0   0   0   0   1   0   0   0   0   0   0
2     0   0   0   0   0   0   0   0   0   0   0   0   0   0   0   0   0   0   0
3     0   0   0   0   0   0   0   0   0   0   0   0   0   0   0   0   0   0   0
4     0   0   1   0   0   0   0   0   0   0   0   0   0   0   0   0   0   0   0
5     0   0   0   0   0   1   0   0   0   0   0   0   0   0   0   0   0   0   0
6     0   0   0   0   0   0   0   0   0   0   0   0   0   1   0   0   0   0   0
7     0   0   0   0   0   0   0   0   0   0   0   0   0   0   0   0   0   0   0
8     0   0   0   0   0   0   0   0   0   0   0   0   0   0   0   1   0   0   0
9     0   0   0   0   0   0   0   0   0   0   0   0   0   0   0   0   0   0   0
10    0   0   0   0   0   0   0   0   0   0   0   0   1   0   0   0   0   0   0
11    0   0   0   0   0   0   0   0   0   0   0   0   0   0   0   0   0   0   0
12    0   0   0   0   0   0   0   1   0   0   0   0   0   0   0   0   0   0   0
13    1   0   0   0   0   0   0   0   0   0   0   0   0   0   0   0   0   0   0
14    0   0   0   0   0   0   0   0   0   0   0   1   0   0   0   0   0   0   0
15    0   0   0   0   0   0   0   0   1   0   0   0   0   0   0   0   0   0   0
16    0   0   0   1   0   0   0   0   0   0   0   0   0   0   0   0   0   0   0
17    0   0   0   0   0   0   0   0   0   0   0   0   0   0   0   0   0   0   0
18    0   0   0   0   0   0   0   0   0   0   0   0   0   0   0   0   1   0   0
19    0   0   0   1   0   0   0   0   0   0   0   0   0   0   0   0   0   0   0
20    0   0   0   0   0   0   0   0   1   0   0   0   0   0   0   0   0   0   0
21    0   0   0   0   0   0   0   0   0   0   0   0   0   0   0   0   0   0   0
22    0   0   0   0   0   0   0   0   0   0   1   0   0   0   0   0   0   0   0
23    0   1   0   0   0   0   0   0   0   0   0   0   0   0   0   0   0   0   0
24    0   0   0   0   0   0   0   0   0   0   1   0   0   0   0   0   0   0   0
25    0   0   0   0   1   0   0   0   0   0   0   0   0   0   0   0   0   0   0
26    0   0   0   0   0   0   0   0   0   0   0   0   0   0   0   0   0   0   0
27    0   0   0   0   0   0   0   0   0   0   0   0   0   1   0   0   0   0   0
28    0   0   0   0   0   0   0   0   0   0   0   0   0   0   0   0   0   1   0
29    0   1   0   0   0   0   0   0   0   0   0   0   0   0   0   0   0   0   0
30    0   0   1   0   0   0   0   0   0   0   0   0   0   0   0   0   0   0   0
31    0   0   0   0   0   0   0   0   0   0   0   1   0   0   0   0   0   0   0
32    0   0   1   0   0   0   0   0   0   0   0   0   0   0   0   0   0   0   0
33    0   0   0   0   0   0   0   0   0   0   0   1   0   0   0   0   0   0   0
34    0   0   0   1   0   0   0   0   0   0   0   0   0   0   0   0   0   0   0
35    1   0   0   0   0   0   0   0   0   0   0   0   0   0   0   0   0   0   0
36    0   0   0   0   0   0   0   0   0   1   0   0   0   0   0   0   0   0   0
37    0   0   1   0   0   0   0   0   0   0   0   0   0   0   0   0   0   0   0
38    0   0   0   0   0   0   0   0   0   0   0   0   0   0   1   0   0   0   0
39    0   0   0   0   0   0   0   0   0   0   0   0   0   0   1   0   0   0   0
40    0   0   0   0   0   0   0   0   0   1   0   0   0   0   0   0   0   0   0
41    0   0   0   0   0   0   0   0   0   0   0   0   1   0   0   0   0   0   0
42    0   0   0   0   0   0   0   0   0   0   0   0   0   0   0   0   0   0   1
43    0   1   0   0   0   0   0   0   0   0   0   0   0   0   0   0   0   0   0
44    0   0   0   0   0   0   0   0   1   0   0   0   0   0   0   0   0   0   0
45    0   0   0   0   0   0   0   0   0   1   0   0   0   0   0   0   0   0   0
46    0   0   0   0   0   0   0   0   0   0   0   0   0   0   0   0   1   0   0
47    0   0   0   0   0   0   0   0   0   0   0   0   0   0   0   1   0   0   0
48    0   0   0   0   0   0   0   0   0   0   0   0   1   0   0   0   0   0   0
49    0   0   0   0   0   0   1   0   0   0   0   0   0   0   0   0   0   0   0
50    0   0   0   0   0   0   0   1   0   0   0   0   0   0   0   0   0   0   0
51    0   0   0   0   0   1   0   0   0   0   0   0   0   0   0   0   0   0   0
52    0   0   0   0   0   0   1   0   0   0   0   0   0   0   0   0   0   0   0
53    1   0   0   0   0   0   0   0   0   0   0   0   0   0   0   0   0   0   0
54    0   0   1   0   0   0   0   0   0   0   0   0   0   0   0   0   0   0   0
55    0   0   0   0   0   0   0   0   0   1   0   0   0   0   0   0   0   0   0
56    0   0   0   0   0   0   0   0   0   0   0   0   0   0   0   0   0   1   0
57    0   0   0   0   0   1   0   0   0   0   0   0   0   0   0   0   0   0   0
58    0   0   0   0   0   0   0   0   0   0   0   1   0   0   0   0   0   0   0
59    0   0   0   0   0   0   0   0   0   0   0   0   0   0   0   0   1   0   0
60    0   0   0   0   0   0   0   0   0   0   0   0   0   0   0   1   0   0   0
61    0   0   0   0   0   0   0   0   1   0   0   0   0   0   0   0   0   0   0
62    0   0   0   0   0   0   0   0   0   1   0   0   0   0   0   0   0   0   0
63    0   0   0   1   0   0   0   0   0   0   0   0   0   0   0   0   0   0   0
64    0   0   0   0   0   0   0   0   0   0   0   0   0   0   0   0   1   0   0
65    0   0   0   0   0   0   0   0   0   0   0   0   0   0   0   0   0   1   0
66    1   0   0   0   0   0   0   0   0   0   0   0   0   0   0   0   0   0   0
67    0   0   0   0   0   0   0   0   0   0   0   0   0   1   0   0   0   0   0
68    0   0   0   0   0   1   0   0   0   0   0   0   0   0   0   0   0   0   0
69    0   0   0   0   0   0   0   1   0   0   0   0   0   0   0   0   0   0   0
70    0   0   0   0   0   0   0   0   0   0   0   0   0   0   0   0   0   0   0
71    0   1   0   0   0   0   0   0   0   0   0   0   0   0   0   0   0   0   0
72    0   0   0   0   0   0   0   0   1   0   0   0   0   0   0   0   0   0   0
73    0   0   0   0   0   0   1   0   0   0   0   0   0   0   0   0   0   0   0
74    0   0   0   0   0   1   0   0   0   0   0   0   0   0   0   0   0   0   0
75    0   0   0   0   0   0   0   1   0   0   0   0   0   0   0   0   0   0   0
76    0   0   0   0   1   0   0   0   0   0   0   0   0   0   0   0   0   0   0
77    0   0   0   0   0   0   0   0   0   0   0   0   0   0   0   0   1   0   0
78    0   0   0   0   0   0   0   0   0   0   0   0   1   0   0   0   0   0   0
79    0   0   0   0   0   0   0   0   0   0   0   0   0   0   0   0   0   1   0
80    0   0   0   0   0   0   1   0   0   0   0   0   0   0   0   0   0   0   0
81    0   0   0   0   0   0   0   0   0   0   0   0   0   0   0   1   0   0   0
82    0   0   0   0   0   0   0   0   0   0   0   1   0   0   0   0   0   0   0
83    0   0   0   0   0   0   0   0   0   0   0   0   0   0   0   0   0   0   1
84    0   0   0   0   0   0   0   0   0   0   0   0   0   0   0   0   0   1   0
85    0   0   0   0   1   0   0   0   0   0   0   0   0   0   0   0   0   0   0
86    0   0   0   0   0   0   0   1   0   0   0   0   0   0   0   0   0   0   0
87    0   1   0   0   0   0   0   0   0   0   0   0   0   0   0   0   0   0   0
88    0   0   0   0   0   0   0   0   0   0   0   0   0   0   1   0   0   0   0
89    0   0   0   0   0   0   0   0   0   0   0   0   0   1   0   0   0   0   0
90    0   0   0   0   1   0   0   0   0   0   0   0   0   0   0   0   0   0   0
91    0   0   0   0   0   0   0   0   0   0   1   0   0   0   0   0   0   0   0
92    0   0   0   0   1   0   0   0   0   0   0   0   0   0   0   0   0   0   0
93    0   0   0   0   0   0   0   0   0   0   0   0   0   0   0   1   0   0   0
94    0   0   0   0   0   0   0   0   0   0   1   0   0   0   0   0   0   0   0
95    0   0   0   0   0   0   0   0   0   0   0   0   0   0   0   0   0   0   1
96    0   0   0   0   0   0   0   0   0   0   0   0   0   0   1   0   0   0   0
97    0   0   0   0   0   0   1   0   0   0   0   0   0   0   0   0   0   0   0
98    1   0   0   0   0   0   0   0   0   0   0   0   0   0   0   0   0   0   0
99    0   0   0   0   0   0   0   0   0   0   0   0   0   0   1   0   0   0   0
100   0   0   0   0   0   0   0   0   0   0   0   0   0   1   0   0   0   0   0

:   588    :=
1     0
2     1
3     0
4     0
5     0
6     0
7     0
8     0
9     1
10    0
11    0
12    0
13    0
14    0
15    0
16    0
17    0
18    0
19    0
20    0
21    0
22    0
23    0
24    0
25    0
26    0
27    0
28    0
29    0
30    0
31    0
32    0
33    0
34    0
35    0
36    0
37    0
38    0
39    0
40    0
41    0
42    0
43    0
44    0
45    0
46    0
47    0
48    0
49    0
50    0
51    0
52    0
53    0
54    0
55    0
56    0
57    0
58    0
59    0
60    0
61    0
62    0
63    0
64    0
65    0
66    0
67    0
68    0
69    0
70    0
71    0
72    0
73    0
74    0
75    0
76    0
77    0
78    0
79    0
80    0
81    0
82    0
83    0
84    0
85    0
86    0
87    0
88    0
89    0
90    0
91    0
92    0
93    0
94    0
95    0
96    0
97    0
98    0
99    0
100   0
;

vi[i] [*] :=
 3  1
 7  1
11  1
17  1
21  1
26  1
70  1
;

:   x[i]   c[i]  travel[i] delay[i]    :=
117   1     3410    3410         0
167   1    18000    3520     14480
260   1     4930    4290       640
288   1     3355    3355         0
328   1     3850    3850         0
360   1     3840    3520       320
367   1     4345    4345         0
378   1     4400    4400         0
394   1     8665    4345      4320
406   1     3905    3905         0
416   1     1925    1925         0
466   1     9345    4785      4560
507   1     5625    5225       400
528   1     4805    4565       240
532   1     3905    3905         0
538   1     4235    4235         0
554   1     3520    3520         0
572   1     4675    4675         0
584   1     2035    2035         0
588   1      880     880         0
;

