#Nombre	DiaAten	ModelId		T.Servicio	Penalty
191_PR_3	3	1	60	8608
101_PR_2	2	1	60	8608
1_PR_1	1	1	90	10109
341_SA_5	5	1	70	10300
102_SA_2	-3	2	120	21280
2_SA_1	1	2	90	10674
103_SA_2	2	3	120	11300
104_LC_2	-3	4	120	23300
271_PR_4	4	1	60	11797
105_LC_2	-3	5	200	24374
342_PR_5	5	2	60	12235
192_PR_3	3	2	130	12410
193_LC_3	3	3	70	12856
272_LC_4	4	2	130	12994
273_LC_4	4	3	90	13140
343_LC_5	5	3	45	13221
274_SA_4	4	4	60	13284
3_SA_1	-2	3	75	27192
106_NU_2	2	6	75	13870
107_PR_2	2	7	30	13896
344_LC_5	5	4	120	14058
108_LC_2	2	8	10	14058
345_SA_5	5	5	150	14324
194_PR_3	3	4	20	14408
4_LC_1	1	4	120	14466
195_SA_3	3	5	150	14542
5_SA_1	1	5	90	14888
197_SA_3	3	6	120	14888
346_LC_5	5	6	70	14888
199_SA_3	3	7	80	14888
196_PR_3	3	8	45	14888
198_SA_3	3	9	60	14888
6_SA_1	1	6	30	14938
200_SA_3	3	10	60	14938
201_LC_3	-4	11	270	29876
347_SA_5	5	7	20	15099
7_SA_1	-2	7	290	30210
202_SA_3	3	12	180	15105
8_SA_1	1	8	60	15105
110_SA_2	-3	9	120	30210
111_SA_2	2	10	120	15105
112_SA_2	2	11	60	15105
109_SA_2	2	12	110	15105
114_SA_2	2	13	60	15105
113_SA_2	2	14	60	15105
203_SA_3	-4	13	45	30210
115_PR_2	2	15	90	15235
348_SA_5	5	8	60	15291
349_SA_5	5	9	15	15291
9_SA_1	1	9	360	15295
10_SA_1	1	10	60	15295
13_SA_1	-2	11	60	30590
14_SA_1	1	12	90	15295
350_SA_5	5	10	180	15295
12_SA_1	1	13	75	15295
204_SA_3	3	14	80	15295
205_SA_3	3	15	60	15295
352_PR_5	5	11	70	15295
11_SA_1	1	14	120	15295
275_SA_4	4	5	90	15295
276_SA_4	4	6	60	15295
277_SA_4	4	7	120	15295
120_SA_2	2	16	55	15295
279_SA_4	4	8	300	15295
280_NU_4	4	9	60	15295
119_SA_2	-3	17	60	30590
124_SA_2	2	18	30	15295
121_LC_2	2	19	45	15295
122_SA_2	2	20	50	15295
351_SA_5	5	12	60	15295
118_SA_2	2	21	120	15295
278_PR_4	4	10	150	15295
116_SA_2	2	22	60	15295
117_SA_2	2	23	140	15295
123_SA_2	2	24	50	15295
15_SA_1	1	15	240	15525
125_SA_2	2	25	60	15526
281_PR_4	4	11	70	15526
282_LC_4	4	12	90	15566
127_PR_2	2	26	80	15568
206_PR_3	3	16	35	15568
126_PR_2	-3	27	180	31136
353_SA_5	5	13	5	15589
354_PR_5	5	14	30	15673
16_SA_1	1	16	110	15685
207_SA_3	3	17	50	15685
128_SA_2	2	28	120	15944
17_NU_1	-2	17	180	32020
129_NU_2	2	29	120	16010
283_SA_4	4	13	180	16016
355_LC_5	5	15	150	16088
130_SA_2	2	30	90	16088
356_SA_5	5	16	150	16351
131_PR_2	-3	31	215	32818
18_SA_1	1	18	90	16627
208_SA_3	3	18	90	16627
209_SA_3	3	19	45	16627
132_SA_2	2	32	20	16627
19_SA_1	1	19	180	16648
210_SA_3	-4	20	180	33296
284_SA_4	4	14	240	16648
134_SA_2	2	33	60	16663
133_SA_2	2	34	90	16663
357_SA_5	5	17	60	16663
285_SA_4	4	15	60	16706
135_SA_2	2	35	60	16788
20_SA_1	1	20	60	16788
136_LC_2	2	36	30	16837
286_PR_4	4	16	60	16863
360_LC_5	5	18	10	16863
358_PR_5	5	19	70	16863
137_PR_2	2	37	150	16863
359_LC_5	5	20	10	16863
361_SA_5	5	21	10	16863
21_NU_1	-2	21	90	33802
211_NU_3	3	21	40	16901
362_PR_5	5	22	240	17096
22_PR_1	1	22	60	17200
213_LC_3	3	22	90	17200
139_PR_2	2	38	60	17200
140_SA_2	2	39	50	17200
288_SA_4	4	17	60	17200
287_PR_4	4	18	90	17200
212_SA_3	3	23	40	17200
138_VI_2	2	40	90	17200
363_VI_5	5	23	10	17211
214_VI_3	3	24	25	17211
215_PR_3	3	25	45	17234
23_SA_1	1	23	90	17292
24_PR_1	1	24	100	17320
289_LC_4	4	19	110	17373
25_PR_1	1	25	90	17406
141_NU_2	2	41	150	17449
26_NU_1	-2	26	420	34898
27_LC_1	1	27	180	17506
216_SA_3	3	26	80	17554
28_SA_1	1	28	30	17623
29_SA_1	1	29	60	17631
364_PR_5	5	24	1	17706
217_SA_3	3	27	150	17758
365_SA_5	5	25	120	17758
290_SA_4	4	20	60	17758
291_SA_4	4	21	150	17798
292_PR_4	4	22	50	17798
293_PR_4	4	23	165	17798
294_SA_4	4	24	90	17820
142_LC_2	-3	42	50	35692
218_SA_3	3	28	120	17857
219_SA_3	3	29	90	17857
143_SA_2	2	43	180	17857
144_SA_2	2	44	90	17886
145_LC_2	2	45	60	18097
146_SA_2	2	46	165	18097
147_LC_2	2	47	30	18097
220_PR_3	3	30	60	18097
30_PR_1	1	30	60	18158
295_LC_4	4	25	60	18183
366_SA_5	5	26	20	18243
32_SA_1	1	31	90	18277
31_SA_1	1	32	90	18277
367_PR_5	5	27	15	18318
33_LC_1	1	33	150	18372
221_PR_3	3	31	35	18465
296_SA_4	4	26	90	18481
222_PR_3	3	32	60	18498
223_PR_3	3	33	40	18552
224_PR_3	3	34	50	18652
34_LC_1	1	34	80	18860
148_SA_2	2	48	90	18946
368_PR_5	5	28	5	19072
369_SA_5	5	29	120	19251
370_SA_5	5	30	140	19251
225_SA_3	3	35	80	19342
35_SA_1	1	35	105	19342
297_SA_4	4	27	100	19558
36_LC_1	1	36	60	19705
298_PR_4	4	28	120	19850
150_SA_2	2	49	120	19866
149_SA_2	2	50	235	19866
151_SA_2	2	51	120	19892
38_PR_1	1	37	80	20034
371_PR_5	5	31	30	20034
37_PR_1	1	38	60	20034
39_LC_1	1	39	90	20052
226_PR_3	3	36	65	20143
372_LC_5	5	32	60	20185
227_LC_3	3	37	120	20188
40_SA_1	1	40	60	20297
228_SA_3	3	38	100	20301
152_LC_2	2	52	1	20306
41_LC_1	1	41	120	20700
42_PR_1	1	42	60	20700
299_LC_4	4	29	60	20750
43_SA_1	1	43	207	20782
300_SA_4	4	30	105	20787
301_SA_4	4	31	75	20795
44_PR_1	1	44	25	20830
153_PR_2	-3	53	230	41850
302_SA_4	4	32	90	20931
373_SA_5	5	33	60	20949
154_PR_2	2	54	170	21018
374_PR_5	5	34	105	21018
155_SA_2	2	55	240	21064
375_PR_5	5	35	170	21073
229_SA_3	3	39	60	21074
156_PR_2	2	56	80	21136
45_VI_1	1	45	75	21157
46_SA_1	1	46	90	21233
47_SA_1	1	47	90	21233
230_PR_3	3	40	30	21243
303_LC_4	4	33	60	21253
376_PR_5	5	36	75	21262
304_VI_4	4	34	120	21540
231_SA_3	3	41	80	21540
49_SA_1	1	48	60	21540
306_SA_4	4	35	270	21540
305_PR_4	4	36	25	21540
377_PR_5	5	37	30	21540
157_SA_2	2	57	150	21540
48_SA_1	1	49	60	21540
232_PR_3	3	42	120	21540
307_SA_4	4	37	120	21569
233_SA_3	3	43	40	21645
378_PR_5	5	38	30	21805
234_LC_3	3	44	60	21841
235_LC_3	3	45	120	21920
379_LC_5	5	39	60	22191
50_LC_1	1	50	80	22196
158_PR_2	2	58	85	22262
236_VI_3	3	46	90	22274
308_PR_4	4	38	30	22312
237_PR_3	3	47	70	22312
159_SA_2	2	59	55	22335
51_SA_1	1	51	90	22335
160_PR_2	2	60	60	22382
309_PR_4	4	39	60	22402
310_PR_4	4	40	120	22402
161_LC_2	2	61	180	22435
238_SA_3	3	48	60	22529
162_SA_2	2	62	1	22550
239_SA_3	3	49	180	22582
52_PR_1	1	52	30	22593
240_PR_3	3	50	60	22593
53_NU_1	1	53	90	22605
311_PR_4	4	41	60	22643
241_SA_3	3	51	20	22700
55_LC_1	1	54	60	22710
54_LC_1	1	55	60	22710
312_PR_4	4	42	50	22733
56_LC_1	1	56	150	22870
313_PR_4	4	43	50	22915
163_PR_2	2	63	120	22915
164_NU_2	2	64	90	22922
314_SA_4	4	44	20	23006
380_LC_5	5	40	234	23031
59_SA_1	1	57	60	23083
57_SA_1	1	58	60	23083
58_SA_1	1	59	60	23083
165_SA_2	2	65	120	23134
60_LC_1	1	60	90	23222
167_SA_2	2	66	60	23306
64_SA_1	1	61	10	23306
62_SA_1	1	62	150	23306
61_SA_1	1	63	30	23306
166_SA_2	2	67	40	23306
65_SA_1	1	64	30	23306
63_SA_1	1	65	75	23306
381_SA_5	5	41	60	23306
242_LC_3	3	52	40	23307
315_SA_4	4	45	180	23354
316_NU_4	4	46	60	23388
66_PR_1	1	66	75	23427
168_SA_2	2	68	60	23476
67_SA_1	1	67	60	23533
317_LC_4	4	47	45	23628
243_SA_3	3	53	120	23662
318_SA_4	4	48	240	23662
68_SA_1	1	68	120	23724
69_VI_1	1	69	60	23777
382_PR_5	5	42	30	23916
319_PR_4	4	49	90	23945
71_PR_1	-2	70	520	47984
70_SA_1	1	71	180	23992
170_SA_2	2	69	120	23992
244_SA_3	3	54	80	23992
169_LC_2	2	70	135	23992
171_PR_2	2	71	65	24058
172_NU_2	2	72	60	24143
321_SA_4	4	50	240	24207
383_SA_5	5	43	240	24207
73_PR_1	1	72	120	24207
72_SA_1	1	73	195	24207
320_SA_4	4	51	120	24207
322_SA_4	4	52	90	24207
245_SA_3	3	55	160	24229
384_SA_5	5	44	240	24229
323_SA_4	4	53	120	24229
246_LC_3	3	56	100	24232
247_SA_3	3	57	90	24259
74_SA_1	1	74	60	24288
75_SA_1	1	75	75	24324
174_SA_2	2	73	360	24324
173_SA_2	2	74	55	24324
175_SA_2	2	75	90	24324
385_SA_5	5	45	60	24324
248_SA_3	3	58	60	24338
176_SA_2	2	76	90	24353
177_PR_2	2	77	50	24353
249_SA_3	3	59	75	24537
76_SA_1	1	76	100	24578
250_SA_3	3	60	60	24627
77_SA_1	1	77	120	24627
178_NU_2	2	78	20	24677
324_SA_4	4	54	130	24699
325_PR_4	4	55	180	24723
386_SA_5	5	46	90	24886
179_PR_2	2	79	100	24897
251_PR_3	3	61	60	24908
180_LC_2	2	80	60	24924
326_SA_4	4	56	1	24955
78_SA_1	1	78	60	24955
79_SA_1	1	79	100	24955
181_LC_2	2	81	120	24955
252_SA_3	3	62	55	24955
387_SA_5	5	47	90	25111
80_SA_1	1	80	90	25155
81_SA_1	1	81	60	25172
388_SA_5	5	48	60	25186
389_SA_5	5	49	90	25207
253_SA_3	3	63	60	25207
82_VI_1	1	82	30	25215
390_LC_5	5	50	180	25273
255_PR_3	3	64	150	25283
254_PR_3	3	65	60	25283
256_PR_3	3	66	90	25313
257_SA_3	3	67	5	25331
258_SA_3	3	68	120	25423
83_SA_1	1	83	240	25423
327_SA_4	4	57	120	25431
84_LC_1	1	84	15	25515
85_PR_1	1	85	70	25560
86_PR_1	1	86	90	25630
259_SA_3	3	69	110	25640
260_SA_3	3	70	120	25862
261_SA_3	3	71	90	25943
87_SA_1	1	87	60	25946
262_SA_3	3	72	120	25946
88_LC_1	1	88	120	26107
328_LC_4	4	58	120	26165
329_LC_4	4	59	90	26165
182_LC_2	2	82	60	26253
183_NU_2	2	83	20	26362
263_SA_3	3	73	60	26372
184_SA_2	2	84	15	26372
185_SA_2	2	85	35	26463
331_SA_4	4	60	160	26463
330_SA_4	4	61	120	26463
264_SA_3	3	74	65	26587
186_PR_2	2	86	120	26589
187_SA_2	2	87	210	26720
89_PR_1	1	89	70	26753
90_SA_1	1	90	90	26941
391_LC_5	5	51	75	27123
393_PR_5	5	52	150	27265
91_PR_1	1	91	120	27265
392_PR_5	5	53	35	27265
188_VI_2	2	88	100	27333
332_PR_4	4	62	120	27375
265_PR_3	3	75	100	27422
92_SA_1	1	92	60	27554
333_VI_4	4	63	90	27658
394_PR_5	5	54	75	27692
93_SA_1	1	93	90	27929
94_NU_1	1	94	160	28164
95_SA_1	1	95	140	28304
334_SA_4	4	64	30	28393
96_VI_1	1	96	50	28715
98_PR_1	1	97	10	28723
97_PR_1	1	98	20	28723
335_SA_4	4	65	30	28771
266_SA_3	3	76	80	28786
99_SA_1	1	99	75	28795
267_NU_3	3	77	50	29062
336_VI_4	4	66	240	29097
337_PR_4	4	67	1	29448
395_SA_5	5	55	90	29887
338_SA_4	4	68	60	29887
396_SA_5	5	56	60	29890
397_SA_5	5	57	10	29890
268_SA_3	3	78	90	30102
398_NU_5	5	58	150	30434
340_SA_4	4	69	60	30434
339_SA_4	4	70	140	30434
189_PR_2	2	89	80	30434
399_SA_5	5	59	60	30566
190_SA_2	2	90	30	30566
100_PR_1	1	100	60	31266
269_SA_3	3	79	40	32823
400_PR_5	5	60	45	33115
270_PR_3	3	80	75	33363
