Iter 73
MasterProb = 38875.4

s [*] :=
1  21
2  71
3  20
4  72
5  73
;

SubProb = -77607.6
d = 0

distanceCost*(sum{l in 1 .. Lcap - 1} t[l]) = 2640

Iter 74
MasterProb = 38327.9

s [*] :=
1  21
2  71
3  72
4  31
5  73
;

SubProb = -898.47
d = 0

distanceCost*(sum{l in 1 .. Lcap - 1} t[l]) = 2640

Iter 75
MasterProb = 38004.1

s [*] :=
1  21
2  71
3  72
4  24
5  73
;

SubProb = -92.0063
d = 0

distanceCost*(sum{l in 1 .. Lcap - 1} t[l]) = 2640

Iter 76
MasterProb = 37998

s [*] :=
1  20
2  72
3  73
4  74
5  75
;

SubProb = -87.6652
d = 0

distanceCost*(sum{l in 1 .. Lcap - 1} t[l]) = 880

Iter 77
MasterProb = 37998

s [*] :=
1  71
2  64
3  72
4  32
5  73
;

SubProb = -496.938
d = 0

distanceCost*(sum{l in 1 .. Lcap - 1} t[l]) = 2640

Iter 78
MasterProb = 37998

s [*] :=
1  69
2  64
3  68
4  34
5  47
;

SubProb = -273.598
d = 0

distanceCost*(sum{l in 1 .. Lcap - 1} t[l]) = 3740

Iter 79
MasterProb = 37976.5

s [*] :=
1  35
2  16
3  23
4   1
5  10
;

SubProb = -919.279
d = 0

distanceCost*(sum{l in 1 .. Lcap - 1} t[l]) = 2585

Iter 80
MasterProb = 37811.8

s [*] :=
1  21
2  71
3   5
4  26
5  73
;

SubProb = -310.86
d = 0

distanceCost*(sum{l in 1 .. Lcap - 1} t[l]) = 2640

Iter 81
MasterProb = 37811.8

s [*] :=
1  34
2  39
3  49
4  62
5  35
;

SubProb = -866.785
d = 0

distanceCost*(sum{l in 1 .. Lcap - 1} t[l]) = 2860

Iter 82
MasterProb = 37479.6

s [*] :=
1  17
2  47
3  34
4  55
5  73
;

SubProb = -30.4654
d = 0

distanceCost*(sum{l in 1 .. Lcap - 1} t[l]) = 2255

Iter 83
MasterProb = 37476.9

s [*] :=
1  57
2  72
3  65
4  73
5  74
;

SubProb = -26.4163
d = 0

distanceCost*(sum{l in 1 .. Lcap - 1} t[l]) = 1760

Iter 84
MasterProb = 37475

s [*] :=
1   1
2  43
3  16
4  23
5  73
;

SubProb = -217.032
d = 0

distanceCost*(sum{l in 1 .. Lcap - 1} t[l]) = 1980

Iter 85
MasterProb = 37290

s [*] :=
1  60
2  23
3  35
4  46
5  22
;

SubProb = -45.8333
d = 0

distanceCost*(sum{l in 1 .. Lcap - 1} t[l]) = 3025

Iter 86
MasterProb = 37290

s [*] :=
1  20
2  31
3  73
4  74
5  75
;

SubProb = 0
d = 0

distanceCost*(sum{l in 1 .. Lcap - 1} t[l]) = 880

Problema Entero
MasterProb = 39325

fo1 = 39325
fo2 = 0

x[j] [*] :=
 45  1
 96  1
106  1
123  1
124  1
125  1
138  1
140  1
143  1
150  1
151  1
173  1
179  1
185  1
191  1
193  1
199  1
201  1
225  1
228  1
238  1
260  1
267  1
;

aa[i,j] [*,*]
:   45  96 106 123 124 125 138 140 143 150 151 173 179 185 191 193 199 201 225 :=
1    0   0   0   0   0   0   0   0   0   1   0   0   0   0   0   0   0   0   0
2    0   0   0   0   0   0   0   0   0   0   0   0   0   0   0   1   0   0   0
3    0   0   0   0   0   0   0   1   0   0   0   0   0   0   0   0   0   0   0
4    0   1   0   0   0   0   0   0   0   0   0   0   0   0   0   0   0   0   0
5    0   1   0   0   0   0   0   0   0   0   0   0   0   0   0   0   0   0   0
6    0   0   0   0   1   0   0   0   0   0   0   0   0   0   0   0   0   0   0
7    0   1   0   0   0   0   0   0   0   0   0   0   0   0   0   0   0   0   0
8    0   0   0   0   0   0   0   0   0   0   0   0   0   0   0   0   0   1   0
9    0   0   0   0   0   0   0   0   0   0   0   0   0   0   0   0   0   0   0
10   0   0   0   0   0   0   0   0   0   0   0   0   0   0   0   0   1   0   0
11   0   0   0   0   0   0   0   0   0   0   0   0   0   0   0   0   0   0   1
12   0   0   0   0   0   0   0   0   0   0   0   0   0   0   0   1   0   0   0
13   0   0   0   0   0   0   0   0   0   0   1   0   0   0   0   0   0   0   0
14   0   0   0   0   0   0   0   0   1   0   0   0   0   0   0   0   0   0   0
15   0   0   0   0   0   0   1   0   0   0   0   0   0   0   0   0   0   0   0
16   0   0   0   0   0   0   1   0   0   0   0   0   0   0   0   0   0   0   0
17   0   0   0   0   0   0   0   0   0   0   0   0   0   0   0   0   0   0   0
18   0   0   0   0   0   0   0   0   0   0   0   0   0   0   0   0   0   0   0
19   0   0   0   0   0   0   0   1   0   0   0   0   0   0   0   0   0   0   0
20   0   0   0   0   0   0   0   0   0   0   0   0   0   0   0   0   0   0   0
21   0   0   0   0   0   0   0   0   0   0   0   0   0   0   0   0   0   0   0
22   0   0   1   0   0   0   0   0   0   0   0   0   0   0   0   0   0   0   0
23   0   0   0   0   0   0   0   0   0   1   0   0   0   0   0   0   0   0   0
24   0   0   0   0   0   0   0   0   0   0   0   0   0   0   0   0   0   0   0
25   0   0   0   0   0   0   0   1   0   0   0   0   0   0   0   0   0   0   0
26   0   0   0   0   0   0   0   0   0   0   0   1   0   0   0   0   0   0   0
27   0   0   0   0   0   0   0   0   1   0   0   0   0   0   0   0   0   0   0
28   0   0   0   0   0   0   0   0   0   0   0   0   0   0   0   0   1   0   0
29   0   0   0   0   0   0   0   0   0   0   0   0   0   1   0   0   0   0   0
30   0   0   1   0   0   0   0   0   0   0   0   0   0   0   0   0   0   0   0
31   0   0   1   0   0   0   0   0   0   0   0   0   0   0   0   0   0   0   0
32   0   0   0   0   0   0   0   0   0   0   0   0   0   0   0   0   0   0   0
33   0   0   0   0   0   0   0   1   0   0   0   0   0   0   0   0   0   0   0
34   0   0   0   0   0   0   0   0   0   0   0   0   0   0   0   0   0   0   0
35   0   0   0   0   0   0   0   0   0   0   0   0   0   0   1   0   0   0   0
36   0   0   0   1   0   0   0   0   0   0   0   0   0   0   0   0   0   0   0
37   0   0   0   0   0   0   1   0   0   0   0   0   0   0   0   0   0   0   0
38   0   1   0   0   0   0   0   0   0   0   0   0   0   0   0   0   0   0   0
39   0   0   0   0   0   0   0   0   0   1   0   0   0   0   0   0   0   0   0
40   0   0   0   0   0   0   0   0   0   0   0   0   0   0   1   0   0   0   0
41   0   0   0   0   0   0   1   0   0   0   0   0   0   0   0   0   0   0   0
42   0   0   0   0   0   0   0   0   0   0   0   0   0   0   1   0   0   0   0
43   0   0   0   0   0   0   0   0   0   0   0   0   0   0   1   0   0   0   0
44   0   0   0   0   0   0   0   0   1   0   0   0   0   0   0   0   0   0   0
45   1   0   0   0   0   0   0   0   0   0   0   0   0   0   0   0   0   0   0
46   0   0   0   0   0   0   0   0   0   1   0   0   0   0   0   0   0   0   0
47   0   0   0   0   0   0   0   0   0   0   0   0   0   0   0   0   0   0   0
48   0   0   0   0   0   0   0   0   0   0   0   0   1   0   0   0   0   0   0
49   0   0   0   0   0   0   1   0   0   0   0   0   0   0   0   0   0   0   0
50   0   0   0   0   0   0   0   0   0   0   1   0   0   0   0   0   0   0   0
51   0   0   0   0   1   0   0   0   0   0   0   0   0   0   0   0   0   0   0
52   0   1   0   0   0   0   0   0   0   0   0   0   0   0   0   0   0   0   0
53   0   0   0   0   0   0   0   0   0   0   0   0   0   0   1   0   0   0   0
54   0   0   1   0   0   0   0   0   0   0   0   0   0   0   0   0   0   0   0
55   0   0   0   0   0   0   0   0   0   0   0   0   0   0   0   0   0   0   0
56   0   0   0   0   0   0   0   0   0   1   0   0   0   0   0   0   0   0   0
57   0   0   0   0   0   0   0   0   0   0   0   1   0   0   0   0   0   0   0
58   0   0   0   0   0   1   0   0   0   0   0   0   0   0   0   0   0   0   0
59   0   0   0   0   0   0   0   0   0   0   0   0   0   1   0   0   0   0   0
60   0   0   0   0   0   0   0   0   0   0   0   1   0   0   0   0   0   0   0
61   0   0   0   1   0   0   0   0   0   0   0   0   0   0   0   0   0   0   0
62   0   0   0   0   0   0   0   0   0   0   0   0   0   0   0   0   0   1   0
63   0   0   0   0   0   0   0   1   0   0   0   0   0   0   0   0   0   0   0
64   0   0   0   0   0   0   0   0   1   0   0   0   0   0   0   0   0   0   0
65   0   0   1   0   0   0   0   0   0   0   0   0   0   0   0   0   0   0   0
66   0   0   0   0   0   1   0   0   0   0   0   0   0   0   0   0   0   0   0
67   0   0   0   0   0   0   0   0   0   0   0   0   0   0   0   0   0   0   1
68   0   0   0   0   0   0   0   0   0   0   0   0   0   0   0   0   0   0   0
69   0   0   0   0   1   0   0   0   0   0   0   0   0   0   0   0   0   0   0
70   0   0   0   0   0   0   0   0   0   0   0   0   1   0   0   0   0   0   0
71   0   0   0   0   0   0   0   0   0   0   0   0   0   0   0   0   0   0   0
72   0   0   0   0   0   0   0   0   0   0   0   0   0   0   0   0   0   0   0

:  228 238 260 267    :=
1    0   0   0   0
2    0   0   0   0
3    0   0   0   0
4    0   0   0   0
5    0   0   0   0
6    0   0   0   0
7    0   0   0   0
8    0   0   0   0
9    0   1   0   0
10   0   0   0   0
11   0   0   0   0
12   0   0   0   0
13   0   0   0   0
14   0   0   0   0
15   0   0   0   0
16   0   0   0   0
17   0   0   0   1
18   0   1   0   0
19   0   0   0   0
20   0   1   0   0
21   0   0   1   0
22   0   0   0   0
23   0   0   0   0
24   0   0   1   0
25   0   0   0   0
26   0   0   0   0
27   0   0   0   0
28   0   0   0   0
29   0   0   0   0
30   0   0   0   0
31   0   0   0   0
32   1   0   0   0
33   0   0   0   0
34   0   0   0   1
35   0   0   0   0
36   0   0   0   0
37   0   0   0   0
38   0   0   0   0
39   0   0   0   0
40   0   0   0   0
41   0   0   0   0
42   0   0   0   0
43   0   0   0   0
44   0   0   0   0
45   0   0   0   0
46   0   0   0   0
47   0   0   0   1
48   0   0   0   0
49   0   0   0   0
50   0   0   0   0
51   0   0   0   0
52   0   0   0   0
53   0   0   0   0
54   0   0   0   0
55   0   0   0   1
56   0   0   0   0
57   0   0   0   0
58   0   0   0   0
59   0   0   0   0
60   0   0   0   0
61   0   0   0   0
62   0   0   0   0
63   0   0   0   0
64   0   0   0   0
65   0   0   0   0
66   0   0   0   0
67   0   0   0   0
68   1   0   0   0
69   0   0   0   0
70   0   0   0   0
71   0   0   1   0
72   0   0   1   0
;

vi[i] [*] :=
;

:   x[i]   c[i] travel[i] delay[i]    :=
45    1       0       0       0
96    1    3795    3795       0
106   1    3795    3795       0
123   1     880     880       0
124   1    1760    1760       0
125   1     495     495       0
138   1    3850    3850       0
140   1    1980    1980       0
143   1    2640    2640       0
150   1    3025    3025       0
151   1     880     880       0
173   1    1760    1760       0
179   1     880     880       0
185   1     495     495       0
191   1    3135    3135       0
193   1     495     495       0
199   1     605     605       0
201   1     660     660       0
225   1     660     660       0
228   1     880     880       0
238   1    1760    1760       0
260   1    2640    2640       0
267   1    2255    2255       0
;

