#Nombre	DiaAten	ModelId		T.Servicio	Penalty
191_PR_3	3	1	60	2151
101_PR_2	2	1	60	2151
1_PR_1	-2	1	90	802
341_SA_5	5	1	70	2096
102_SA_2	-3	2	120	6846
2_SA_1	1	2	90	50000
103_SA_2	2	3	120	53565
104_LC_2	-3	4	120	670
271_PR_4	4	1	60	24247
105_LC_2	2	5	200	50000
342_PR_5	-6	2	60	1236
192_PR_3	3	2	130	3777
193_LC_3	3	3	70	1880
272_LC_4	4	2	130	50000
273_LC_4	4	3	90	2504
343_LC_5	5	3	45	50000
274_SA_4	4	4	60	50000
3_SA_1	1	3	75	50000
106_NU_2	2	6	75	50000
107_PR_2	2	7	30	50000
344_LC_5	5	4	120	50000
108_LC_2	2	8	10	50000
345_SA_5	-6	5	150	490
194_PR_3	3	4	20	50000
4_LC_1	-2	4	120	4264
195_SA_3	3	5	150	3120
5_SA_1	1	5	90	50000
197_SA_3	3	6	120	50000
346_LC_5	5	6	70	50000
199_SA_3	3	7	80	50000
196_PR_3	3	8	45	50000
198_SA_3	3	9	60	50000
6_SA_1	1	6	30	5705
200_SA_3	3	10	60	5705
201_LC_3	3	11	270	5705
347_SA_5	5	7	20	50000
7_SA_1	1	7	290	50000
202_SA_3	3	12	180	50000
8_SA_1	1	8	60	50000
110_SA_2	2	9	120	50000
111_SA_2	2	10	120	50000
112_SA_2	2	11	60	50000
109_SA_2	2	12	110	50000
114_SA_2	2	13	60	50000
113_SA_2	2	14	60	50000
203_SA_3	3	13	45	50000
115_PR_2	2	15	90	50000
348_SA_5	5	8	60	6019
349_SA_5	5	9	15	6019
9_SA_1	-2	9	360	1306
10_SA_1	1	10	60	653
13_SA_1	-2	11	60	1306
14_SA_1	-2	12	90	1306
350_SA_5	-6	10	180	1306
12_SA_1	-2	13	75	1306
204_SA_3	-4	14	80	1306
205_SA_3	-4	15	60	1306
352_PR_5	-6	11	70	1306
11_SA_1	-2	14	120	1306
275_SA_4	-5	5	90	1306
276_SA_4	-5	6	60	1306
277_SA_4	-5	7	120	1306
120_SA_2	2	16	55	653
279_SA_4	-5	8	300	1306
280_NU_4	4	9	60	653
119_SA_2	-3	17	60	1306
124_SA_2	-3	18	30	1306
121_LC_2	-3	19	45	1306
122_SA_2	-3	20	50	1306
351_SA_5	-6	12	60	1306
118_SA_2	-3	21	120	1306
278_PR_4	-5	10	150	1306
116_SA_2	-3	22	60	1306
117_SA_2	-3	23	140	1306
123_SA_2	-3	24	50	1306
15_SA_1	1	15	240	50000
125_SA_2	2	25	60	50000
281_PR_4	4	11	70	50000
282_LC_4	4	12	90	29881
127_PR_2	2	26	80	116703
206_PR_3	3	16	35	116703
126_PR_2	2	27	180	116703
353_SA_5	-6	13	5	316
354_PR_5	5	14	30	50000
16_SA_1	-2	16	110	736
207_SA_3	-4	17	50	736
128_SA_2	-3	28	120	352
17_NU_1	1	17	180	1094
129_NU_2	-3	29	120	2188
283_SA_4	4	13	180	2098
355_LC_5	5	15	150	1518
130_SA_2	-3	30	90	3036
356_SA_5	5	16	150	321
131_PR_2	2	31	215	50000
18_SA_1	1	18	90	1276
208_SA_3	-4	18	90	2552
209_SA_3	-4	19	45	2552
132_SA_2	-3	32	20	2552
19_SA_1	1	19	180	94251
210_SA_3	3	20	180	94251
284_SA_4	4	14	240	94251
134_SA_2	2	33	60	50000
133_SA_2	2	34	90	50000
357_SA_5	5	17	60	50000
285_SA_4	4	15	60	50000
135_SA_2	2	35	60	50000
20_SA_1	1	20	60	50000
136_LC_2	-3	36	30	712
286_PR_4	4	16	60	50000
360_LC_5	5	18	10	50000
358_PR_5	5	19	70	50000
137_PR_2	2	37	150	50000
359_LC_5	5	20	10	50000
361_SA_5	5	21	10	50000
21_NU_1	1	21	90	21513
211_NU_3	3	21	40	21513
362_PR_5	5	22	240	50000
22_PR_1	1	22	60	50000
213_LC_3	3	22	90	50000
139_PR_2	2	38	60	50000
140_SA_2	2	39	50	50000
288_SA_4	4	17	60	50000
287_PR_4	4	18	90	50000
212_SA_3	3	23	40	50000
138_VI_2	2	40	90	50000
363_VI_5	5	23	10	2582
214_VI_3	3	24	25	2582
215_PR_3	3	25	45	50000
23_SA_1	1	23	90	50000
24_PR_1	1	24	100	5879
289_LC_4	4	19	110	33840
25_PR_1	1	25	90	6057
141_NU_2	-3	41	150	768
26_NU_1	-2	26	420	768
27_LC_1	1	27	180	2603
216_SA_3	3	26	80	15930
28_SA_1	-2	28	30	708
29_SA_1	1	29	60	50000
364_PR_5	5	24	1	1850
217_SA_3	3	27	150	848
365_SA_5	-6	25	120	1696
290_SA_4	-5	20	60	1696
291_SA_4	4	21	150	3346
292_PR_4	4	22	50	2191
293_PR_4	4	23	165	2191
294_SA_4	4	24	90	28659
142_LC_2	2	42	50	4987
218_SA_3	3	28	120	3463
219_SA_3	3	29	90	3463
143_SA_2	-3	43	180	6926
144_SA_2	-3	44	90	632
145_LC_2	-3	45	60	366
146_SA_2	-3	46	165	366
147_LC_2	-3	47	30	366
220_PR_3	3	30	60	183
30_PR_1	1	30	60	8843
295_LC_4	-5	25	60	182
366_SA_5	5	26	20	9353
32_SA_1	1	31	90	18615
31_SA_1	1	32	90	18615
367_PR_5	5	27	15	50000
33_LC_1	1	33	150	3729
221_PR_3	3	31	35	50000
296_SA_4	4	26	90	50000
222_PR_3	3	32	60	50000
223_PR_3	3	33	40	50000
224_PR_3	3	34	50	2383
34_LC_1	1	34	80	50000
148_SA_2	2	48	90	10728
368_PR_5	5	28	5	16755
369_SA_5	5	29	120	50000
370_SA_5	5	30	140	50000
225_SA_3	-4	35	80	744
35_SA_1	-2	35	105	744
297_SA_4	-5	27	100	3382
36_LC_1	1	36	60	50000
298_PR_4	-5	28	120	526
150_SA_2	-3	49	120	3518
149_SA_2	-3	50	235	3518
151_SA_2	2	51	120	74149
38_PR_1	1	37	80	50000
371_PR_5	5	31	30	50000
37_PR_1	1	38	60	50000
39_LC_1	1	39	90	3396
226_PR_3	3	36	65	50000
372_LC_5	5	32	60	50000
227_LC_3	3	37	120	3079
40_SA_1	-2	40	60	6682
228_SA_3	3	38	100	50000
152_LC_2	2	52	1	1824
41_LC_1	1	41	120	3057
42_PR_1	-2	42	60	6114
299_LC_4	-5	29	60	498
43_SA_1	1	43	207	4155
300_SA_4	4	30	105	50000
301_SA_4	-5	31	75	912
44_PR_1	-2	44	25	2248
153_PR_2	2	53	230	50000
302_SA_4	4	32	90	50000
373_SA_5	5	33	60	1681
154_PR_2	2	54	170	50000
374_PR_5	5	34	105	50000
155_SA_2	2	55	240	50000
375_PR_5	5	35	170	50000
229_SA_3	-4	39	60	890
156_PR_2	2	56	80	50000
45_VI_1	1	45	75	9433
46_SA_1	-2	46	90	182
47_SA_1	-2	47	90	182
230_PR_3	3	40	30	34999
303_LC_4	4	33	60	50000
376_PR_5	5	36	75	50000
304_VI_4	-5	34	120	2880
231_SA_3	3	41	80	1440
49_SA_1	1	48	60	1440
306_SA_4	4	35	270	1440
305_PR_4	4	36	25	1440
377_PR_5	5	37	30	1440
157_SA_2	2	57	150	1440
48_SA_1	1	49	60	1440
232_PR_3	3	42	120	1440
307_SA_4	4	37	120	50000
233_SA_3	3	43	40	50000
378_PR_5	5	38	30	50000
234_LC_3	3	44	60	2274
235_LC_3	-4	45	120	778
379_LC_5	5	39	60	50000
50_LC_1	1	50	80	50000
158_PR_2	2	58	85	2500
236_VI_3	3	46	90	132
308_PR_4	4	38	30	50000
237_PR_3	3	47	70	50000
159_SA_2	2	59	55	2653
51_SA_1	-2	51	90	5306
160_PR_2	2	60	60	50000
309_PR_4	4	39	60	50000
310_PR_4	4	40	120	50000
161_LC_2	2	61	180	50000
238_SA_3	3	48	60	6097
162_SA_2	2	62	1	6017
239_SA_3	3	49	180	50000
52_PR_1	1	52	30	4283
240_PR_3	3	50	60	4283
53_NU_1	1	53	90	50000
311_PR_4	4	41	60	50000
241_SA_3	3	51	20	50000
55_LC_1	1	54	60	1125
54_LC_1	-2	55	60	2250
312_PR_4	4	42	50	205070
56_LC_1	-2	56	150	150
313_PR_4	4	43	50	1467
163_PR_2	-3	63	120	2934
164_NU_2	-3	64	90	3718
314_SA_4	4	44	20	2240
380_LC_5	5	40	234	4208
59_SA_1	1	57	60	5008
57_SA_1	1	58	60	5008
58_SA_1	1	59	60	5008
165_SA_2	2	65	120	50000
60_LC_1	-2	60	90	10138
167_SA_2	2	66	60	50000
64_SA_1	1	61	10	50000
62_SA_1	1	62	150	50000
61_SA_1	1	63	30	50000
166_SA_2	2	67	40	50000
65_SA_1	1	64	30	50000
63_SA_1	1	65	75	50000
381_SA_5	5	41	60	50000
242_LC_3	3	52	40	50000
315_SA_4	4	45	180	2642
316_NU_4	4	46	60	10683
66_PR_1	-2	66	75	740
168_SA_2	-3	68	60	1670
67_SA_1	-2	67	60	374
317_LC_4	4	47	45	50000
243_SA_3	-4	53	120	2134
318_SA_4	-5	48	240	2134
68_SA_1	-2	68	120	436
69_VI_1	1	69	60	50000
382_PR_5	5	42	30	2844
319_PR_4	4	49	90	1986
71_PR_1	1	70	520	17877
70_SA_1	1	71	180	17877
170_SA_2	2	69	120	17877
244_SA_3	3	54	80	17877
169_LC_2	2	70	135	17877
171_PR_2	2	71	65	7683
172_NU_2	2	72	60	50000
321_SA_4	4	50	240	50000
383_SA_5	5	43	240	50000
73_PR_1	1	72	120	50000
72_SA_1	1	73	195	50000
320_SA_4	4	51	120	50000
322_SA_4	4	52	90	50000
245_SA_3	-4	55	160	716
384_SA_5	-6	44	240	716
323_SA_4	-5	53	120	716
246_LC_3	3	56	100	3904
247_SA_3	3	57	90	50000
74_SA_1	-2	74	60	524
75_SA_1	1	75	75	50000
174_SA_2	2	73	360	50000
173_SA_2	2	74	55	50000
175_SA_2	2	75	90	50000
385_SA_5	5	45	60	50000
248_SA_3	-4	58	60	3322
176_SA_2	2	76	90	943
177_PR_2	-3	77	50	230
249_SA_3	3	59	75	50000
76_SA_1	1	76	100	206
250_SA_3	3	60	60	50000
77_SA_1	1	77	120	50000
178_NU_2	2	78	20	241
324_SA_4	4	54	130	50000
325_PR_4	4	55	180	4656
386_SA_5	5	46	90	50000
179_PR_2	2	79	100	50000
251_PR_3	3	61	60	5021
180_LC_2	2	80	60	50000
326_SA_4	-5	56	1	1970
78_SA_1	-2	78	60	1970
79_SA_1	1	79	100	985
181_LC_2	2	81	120	985
252_SA_3	3	62	55	985
387_SA_5	5	47	90	50000
80_SA_1	1	80	90	50000
81_SA_1	1	81	60	13843
388_SA_5	5	48	60	1961
389_SA_5	5	49	90	50000
253_SA_3	3	63	60	50000
82_VI_1	1	82	30	9841
390_LC_5	5	50	180	4119
255_PR_3	3	64	150	50000
254_PR_3	3	65	60	50000
256_PR_3	-4	66	90	1712
257_SA_3	-4	67	5	2826
258_SA_3	3	68	120	2113
83_SA_1	1	83	240	2113
327_SA_4	4	57	120	15884
84_LC_1	1	84	15	50000
85_PR_1	-2	85	70	258
86_PR_1	1	86	90	50000
259_SA_3	-4	69	110	356
260_SA_3	-4	70	120	362
261_SA_3	3	71	90	5894
87_SA_1	-2	87	60	3394
262_SA_3	-4	72	120	3394
88_LC_1	1	88	120	50000
328_LC_4	4	58	120	50000
329_LC_4	4	59	90	50000
182_LC_2	2	82	60	50000
183_NU_2	2	83	20	438
263_SA_3	3	73	60	50000
184_SA_2	2	84	15	50000
185_SA_2	2	85	35	50000
331_SA_4	4	60	160	50000
330_SA_4	4	61	120	50000
264_SA_3	3	74	65	50000
186_PR_2	-3	86	120	330
187_SA_2	2	87	210	50000
89_PR_1	1	89	70	50000
90_SA_1	-2	90	90	140
391_LC_5	5	51	75	50000
393_PR_5	5	52	150	50000
91_PR_1	1	91	120	50000
392_PR_5	5	53	35	50000
188_VI_2	-3	88	100	144
332_PR_4	4	62	120	1484
265_PR_3	3	75	100	50000
92_SA_1	1	92	60	50000
333_VI_4	4	63	90	50000
394_PR_5	5	54	75	50000
93_SA_1	-2	93	90	4642
94_NU_1	1	94	160	50000
95_SA_1	-2	95	140	782
334_SA_4	-5	64	30	1446
96_VI_1	1	96	50	50000
98_PR_1	1	97	10	50000
97_PR_1	1	98	20	50000
335_SA_4	4	65	30	13926
266_SA_3	3	76	80	4673
99_SA_1	-2	99	75	150
267_NU_3	3	77	50	7858
336_VI_4	-5	66	240	842
337_PR_4	4	67	1	2736
395_SA_5	-6	55	90	284
338_SA_4	-5	68	60	284
396_SA_5	5	56	60	50000
397_SA_5	5	57	10	50000
268_SA_3	-4	78	90	1946
398_NU_5	5	58	150	6799
340_SA_4	4	69	60	6799
339_SA_4	4	70	140	6799
189_PR_2	2	89	80	6799
399_SA_5	5	59	60	50000
190_SA_2	2	90	30	50000
100_PR_1	1	100	60	4868
269_SA_3	3	79	40	296667
400_PR_5	5	60	45	50000
270_PR_3	3	80	75	14089
