#Nombre	DiaAten	ModelId		T.Servicio	Penalty
191_PR_3	3	1	60	3385
101_PR_2	2	1	60	2329
1_PR_1	1	1	90	548
341_SA_5	5	1	70	1465
102_SA_2	-3	2	120	4886
2_SA_1	1	2	90	56399
103_SA_2	2	3	120	51926
104_LC_2	-3	4	120	814
271_PR_4	4	1	60	20242
105_LC_2	2	5	200	58352
342_PR_5	-6	2	60	1058
192_PR_3	3	2	130	2479
193_LC_3	3	3	70	2523
272_LC_4	4	2	130	66534
273_LC_4	4	3	90	2381
343_LC_5	5	3	45	50060
274_SA_4	4	4	60	50028
3_SA_1	1	3	75	61348
106_NU_2	2	6	75	51120
107_PR_2	2	7	30	59374
344_LC_5	5	4	120	38116
108_LC_2	2	8	10	32876
345_SA_5	-6	5	150	682
194_PR_3	3	4	20	53584
4_LC_1	-2	4	120	2104
195_SA_3	3	5	150	4430
5_SA_1	1	5	90	77089
197_SA_3	3	6	120	54911
346_LC_5	5	6	70	59276
199_SA_3	3	7	80	50317
196_PR_3	3	8	45	12360
198_SA_3	3	9	60	44200
6_SA_1	-2	6	30	8110
200_SA_3	3	10	60	5620
201_LC_3	3	11	270	7397
347_SA_5	5	7	20	56927
7_SA_1	1	7	290	59345
202_SA_3	3	12	180	50392
8_SA_1	1	8	60	73243
110_SA_2	2	9	120	52599
111_SA_2	2	10	120	67637
112_SA_2	2	11	60	51921
109_SA_2	2	12	110	48508
114_SA_2	2	13	60	38723
113_SA_2	2	14	60	26233
203_SA_3	3	13	45	49704
115_PR_2	2	15	90	33576
348_SA_5	5	8	60	8769
349_SA_5	5	9	15	6828
9_SA_1	-2	9	360	852
10_SA_1	-2	10	60	1294
13_SA_1	1	11	60	743
14_SA_1	-2	12	90	1506
350_SA_5	-6	10	180	1666
12_SA_1	1	13	75	569
204_SA_3	3	14	80	661
205_SA_3	-4	15	60	1094
352_PR_5	-6	11	70	754
11_SA_1	-2	14	120	2062
275_SA_4	-5	5	90	1368
276_SA_4	-5	6	60	1226
277_SA_4	-5	7	120	1400
120_SA_2	-3	16	55	628
279_SA_4	-5	8	300	1188
280_NU_4	4	9	60	894
119_SA_2	-3	17	60	1250
124_SA_2	2	18	30	386
121_LC_2	-3	19	45	1508
122_SA_2	-3	20	50	1354
351_SA_5	5	12	60	1012
118_SA_2	-3	21	120	1626
278_PR_4	-5	10	150	1018
116_SA_2	-3	22	60	1184
117_SA_2	-3	23	140	1472
123_SA_2	2	24	50	385
15_SA_1	1	15	240	68038
125_SA_2	2	25	60	49407
281_PR_4	4	11	70	49022
282_LC_4	4	12	90	49467
127_PR_2	2	26	80	27544
206_PR_3	3	16	35	102396
126_PR_2	2	27	180	111886
353_SA_5	-6	13	5	270
354_PR_5	5	14	30	60461
16_SA_1	-2	16	110	864
207_SA_3	-4	17	50	756
128_SA_2	-3	28	120	288
17_NU_1	1	17	180	693
129_NU_2	-3	29	120	2710
283_SA_4	4	13	180	1952
355_LC_5	5	15	150	1364
130_SA_2	-3	30	90	2344
356_SA_5	5	16	150	170
131_PR_2	2	31	215	49448
18_SA_1	-2	18	90	2298
208_SA_3	-4	18	90	1346
209_SA_3	3	19	45	1726
132_SA_2	2	32	20	677
19_SA_1	1	19	180	125916
210_SA_3	3	20	180	124090
284_SA_4	4	14	240	76800
134_SA_2	2	33	60	35415
133_SA_2	2	34	90	46674
357_SA_5	-6	17	60	-830
285_SA_4	4	15	60	54076
135_SA_2	2	35	60	62444
20_SA_1	1	20	60	81351
136_LC_2	-3	36	30	364
286_PR_4	4	16	60	45137
360_LC_5	5	18	10	45106
358_PR_5	5	19	70	39219
137_PR_2	2	37	150	52051
359_LC_5	5	20	10	64043
361_SA_5	5	21	10	50026
21_NU_1	1	21	90	25229
211_NU_3	3	21	40	17147
362_PR_5	5	22	240	46681
22_PR_1	1	22	60	50258
213_LC_3	3	22	90	40504
139_PR_2	2	38	60	28231
140_SA_2	2	39	50	45847
288_SA_4	4	17	60	32840
287_PR_4	4	18	90	36277
212_SA_3	3	23	40	61702
138_VI_2	2	40	90	49546
363_VI_5	5	23	10	3438
214_VI_3	3	24	25	3003
215_PR_3	3	25	45	48597
23_SA_1	1	23	90	61067
24_PR_1	1	24	100	4325
289_LC_4	4	19	110	33035
25_PR_1	1	25	90	5912
141_NU_2	-3	41	150	790
26_NU_1	-2	26	420	626
27_LC_1	1	27	180	3338
216_SA_3	3	26	80	13839
28_SA_1	-2	28	30	824
29_SA_1	1	29	60	31993
364_PR_5	5	24	1	2387
217_SA_3	3	27	150	910
365_SA_5	-6	25	120	1042
290_SA_4	4	20	60	1021
291_SA_4	4	21	150	3443
292_PR_4	-5	22	50	2774
293_PR_4	4	23	165	2440
294_SA_4	4	24	90	22318
142_LC_2	2	42	50	5369
218_SA_3	3	28	120	4076
219_SA_3	3	29	90	3942
143_SA_2	2	43	180	3353
144_SA_2	-3	44	90	848
145_LC_2	-3	45	60	558
146_SA_2	-3	46	165	486
147_LC_2	-3	47	30	460
220_PR_3	-4	30	60	316
30_PR_1	1	30	60	9772
295_LC_4	-5	25	60	274
366_SA_5	5	26	20	7582
32_SA_1	1	31	90	11440
31_SA_1	1	32	90	16915
367_PR_5	5	27	15	70398
33_LC_1	1	33	150	4539
221_PR_3	3	31	35	57276
296_SA_4	4	26	90	36338
222_PR_3	3	32	60	44661
223_PR_3	3	33	40	64732
224_PR_3	3	34	50	1689
34_LC_1	1	34	80	49776
148_SA_2	2	48	90	12685
368_PR_5	5	28	5	25217
369_SA_5	5	29	120	45913
370_SA_5	5	30	140	28154
225_SA_3	-4	35	80	774
35_SA_1	-2	35	105	1042
297_SA_4	4	27	100	1237
36_LC_1	1	36	60	35999
298_PR_4	-5	28	120	590
150_SA_2	2	49	120	1899
149_SA_2	-3	50	235	4052
151_SA_2	2	51	120	144230
38_PR_1	1	37	80	61321
371_PR_5	5	31	30	41634
37_PR_1	1	38	60	37856
39_LC_1	1	39	90	4544
226_PR_3	3	36	65	71477
372_LC_5	5	32	60	43293
227_LC_3	3	37	120	2915
40_SA_1	1	40	60	1929
228_SA_3	3	38	100	71709
152_LC_2	2	52	1	1877
41_LC_1	1	41	120	3257
42_PR_1	1	42	60	4154
299_LC_4	-5	29	60	644
43_SA_1	-2	43	207	7512
300_SA_4	4	30	105	33596
301_SA_4	-5	31	75	1056
44_PR_1	-2	44	25	2504
153_PR_2	2	53	230	43606
302_SA_4	4	32	90	66113
373_SA_5	-6	33	60	2328
154_PR_2	2	54	170	55500
374_PR_5	5	34	105	49786
155_SA_2	2	55	240	62581
375_PR_5	5	35	170	48583
229_SA_3	-4	39	60	766
156_PR_2	2	56	80	39318
45_VI_1	1	45	75	8332
46_SA_1	-2	46	90	116
47_SA_1	1	47	90	103
230_PR_3	3	40	30	25824
303_LC_4	4	33	60	55050
376_PR_5	5	36	75	39149
304_VI_4	4	34	120	1719
231_SA_3	-4	41	80	3268
49_SA_1	-2	48	60	1960
306_SA_4	4	35	270	1625
305_PR_4	4	36	25	1670
377_PR_5	5	37	30	1205
157_SA_2	2	57	150	1883
48_SA_1	-2	49	60	2706
232_PR_3	3	42	120	2143
307_SA_4	4	37	120	58421
233_SA_3	3	43	40	33736
378_PR_5	5	38	30	60840
234_LC_3	-4	44	60	4740
235_LC_3	-4	45	120	702
379_LC_5	5	39	60	65334
50_LC_1	1	50	80	90851
158_PR_2	2	58	85	1639
236_VI_3	-4	46	90	226
308_PR_4	4	38	30	41747
237_PR_3	3	47	70	59431
159_SA_2	-3	59	55	5496
51_SA_1	1	51	90	1713
160_PR_2	2	60	60	53407
309_PR_4	4	39	60	35996
310_PR_4	4	40	120	33127
161_LC_2	2	61	180	30825
238_SA_3	3	48	60	6142
162_SA_2	2	62	1	7041
239_SA_3	3	49	180	33152
52_PR_1	1	52	30	3858
240_PR_3	3	50	60	3848
53_NU_1	1	53	90	47645
311_PR_4	4	41	60	19974
241_SA_3	3	51	20	35813
55_LC_1	-2	54	60	400
54_LC_1	1	55	60	1150
312_PR_4	4	42	50	224132
56_LC_1	-2	56	150	228
313_PR_4	-5	43	50	2466
163_PR_2	-3	63	120	1270
164_NU_2	2	64	90	1861
314_SA_4	4	44	20	1932
380_LC_5	5	40	234	5261
59_SA_1	1	57	60	6743
57_SA_1	1	58	60	4174
58_SA_1	1	59	60	4605
165_SA_2	2	65	120	59828
60_LC_1	-2	60	90	9568
167_SA_2	2	66	60	56666
64_SA_1	1	61	10	56836
62_SA_1	1	62	150	43489
61_SA_1	1	63	30	71664
166_SA_2	2	67	40	51694
65_SA_1	1	64	30	34862
63_SA_1	1	65	75	43451
381_SA_5	5	41	60	30435
242_LC_3	3	52	40	16874
315_SA_4	4	45	180	2679
316_NU_4	4	46	60	6615
66_PR_1	-2	66	75	736
168_SA_2	-3	68	60	2446
67_SA_1	-2	67	60	402
317_LC_4	4	47	45	68983
243_SA_3	-4	53	120	1168
318_SA_4	4	48	240	1164
68_SA_1	-2	68	120	416
69_VI_1	1	69	60	21636
382_PR_5	5	42	30	1645
319_PR_4	4	49	90	1611
71_PR_1	1	70	520	22132
70_SA_1	1	71	180	20508
170_SA_2	2	69	120	15764
244_SA_3	3	54	80	19363
169_LC_2	2	70	135	18287
171_PR_2	2	71	65	11758
172_NU_2	2	72	60	57251
321_SA_4	4	50	240	45994
383_SA_5	5	43	240	22926
73_PR_1	1	72	120	72178
72_SA_1	1	73	195	51627
320_SA_4	4	51	120	48902
322_SA_4	4	52	90	55391
245_SA_3	-4	55	160	878
384_SA_5	-6	44	240	734
323_SA_4	-5	53	120	808
246_LC_3	3	56	100	3168
247_SA_3	3	57	90	52962
74_SA_1	-2	74	60	612
75_SA_1	1	75	75	55453
174_SA_2	2	73	360	59796
173_SA_2	2	74	55	81149
175_SA_2	2	75	90	47870
385_SA_5	5	45	60	43367
248_SA_3	3	58	60	942
176_SA_2	-3	76	90	1368
177_PR_2	-3	77	50	238
249_SA_3	3	59	75	48357
76_SA_1	1	76	100	181
250_SA_3	3	60	60	50488
77_SA_1	1	77	120	59031
178_NU_2	2	78	20	296
324_SA_4	4	54	130	68916
325_PR_4	4	55	180	5154
386_SA_5	5	46	90	56668
179_PR_2	2	79	100	74529
251_PR_3	3	61	60	3724
180_LC_2	2	80	60	42667
326_SA_4	-5	56	1	1362
78_SA_1	-2	78	60	2318
79_SA_1	-2	79	100	2110
181_LC_2	-3	81	120	1434
252_SA_3	-4	62	55	1670
387_SA_5	5	47	90	71100
80_SA_1	1	80	90	36279
81_SA_1	1	81	60	12928
388_SA_5	5	48	60	1813
389_SA_5	5	49	90	45597
253_SA_3	3	63	60	30611
82_VI_1	1	82	30	8165
390_LC_5	5	50	180	3918
255_PR_3	3	64	150	76801
254_PR_3	3	65	60	80237
256_PR_3	-4	66	90	1148
257_SA_3	-4	67	5	3306
258_SA_3	3	68	120	2557
83_SA_1	1	83	240	2920
327_SA_4	4	57	120	17594
84_LC_1	1	84	15	39988
85_PR_1	-2	85	70	184
86_PR_1	1	86	90	48978
259_SA_3	-4	69	110	352
260_SA_3	-4	70	120	500
261_SA_3	3	71	90	7065
87_SA_1	-2	87	60	3672
262_SA_3	-4	72	120	2784
88_LC_1	1	88	120	55113
328_LC_4	4	58	120	59670
329_LC_4	4	59	90	36669
182_LC_2	2	82	60	42197
183_NU_2	2	83	20	464
263_SA_3	3	73	60	37145
184_SA_2	2	84	15	59459
185_SA_2	2	85	35	77266
331_SA_4	4	60	160	58907
330_SA_4	4	61	120	47386
264_SA_3	3	74	65	76476
186_PR_2	-3	86	120	526
187_SA_2	2	87	210	54113
89_PR_1	1	89	70	67622
90_SA_1	-2	90	90	174
391_LC_5	5	51	75	62833
393_PR_5	5	52	150	89696
91_PR_1	1	91	120	38815
392_PR_5	5	53	35	55279
188_VI_2	-3	88	100	188
332_PR_4	-5	62	120	2660
265_PR_3	3	75	100	67063
92_SA_1	1	92	60	44842
333_VI_4	4	63	90	79645
394_PR_5	5	54	75	53658
93_SA_1	1	93	90	2138
94_NU_1	1	94	160	37535
95_SA_1	1	95	140	358
334_SA_4	4	64	30	614
96_VI_1	1	96	50	52640
98_PR_1	1	97	10	38993
97_PR_1	1	98	20	57623
335_SA_4	4	65	30	8436
266_SA_3	3	76	80	6733
99_SA_1	-2	99	75	108
267_NU_3	3	77	50	9762
336_VI_4	-5	66	240	496
337_PR_4	4	67	1	834
395_SA_5	-6	55	90	348
338_SA_4	-5	68	60	256
396_SA_5	5	56	60	68064
397_SA_5	5	57	10	35255
268_SA_3	3	78	90	1287
398_NU_5	5	58	150	8073
340_SA_4	4	69	60	8822
339_SA_4	4	70	140	8686
189_PR_2	2	89	80	9489
399_SA_5	5	59	60	12113
190_SA_2	2	90	30	51646
100_PR_1	1	100	60	3751
269_SA_3	3	79	40	139610
400_PR_5	5	60	45	54467
270_PR_3	3	80	75	17928
