#Nombre	DiaAten	ModelId		T.Servicio	Penalty
191_PR_3	-4	1	1	2682
101_PR_2	-3	1	1	2682
1_PR_1	-2	1	1	3432
341_SA_5	5	1	1	1927
102_SA_2	-3	2	1	4092
2_SA_1	-2	2	5	4282
103_SA_2	2	3	5	2506
104_LC_2	2	4	5	3018
271_PR_4	4	1	15	4201
105_LC_2	-3	5	15	8768
342_PR_5	5	2	15	4959
192_PR_3	3	2	18	5036
193_LC_3	-4	3	20	10380
272_LC_4	4	2	20	5531
273_LC_4	-5	3	20	11292
343_LC_5	5	3	20	5764
274_SA_4	4	4	20	6125
3_SA_1	-2	3	20	13200
106_NU_2	2	6	20	6920
107_PR_2	2	7	25	7746
344_LC_5	5	4	30	7830
108_LC_2	2	8	30	7830
345_SA_5	5	5	30	8000
194_PR_3	3	4	30	8103
4_LC_1	-2	4	30	16320
195_SA_3	3	5	30	8574
5_SA_1	-2	5	30	17168
197_SA_3	3	6	30	8584
346_LC_5	5	6	30	8584
199_SA_3	-4	7	30	17168
196_PR_3	3	8	30	8584
198_SA_3	-4	9	30	17168
6_SA_1	1	6	30	8893
200_SA_3	3	10	30	8893
201_LC_3	3	11	30	8893
347_SA_5	5	7	30	9045
7_SA_1	1	7	30	9984
202_SA_3	3	12	30	9984
8_SA_1	1	8	30	9984
110_SA_2	2	9	30	9984
111_SA_2	2	10	30	9984
112_SA_2	2	11	30	9984
109_SA_2	-3	12	30	19968
114_SA_2	2	13	30	9984
113_SA_2	2	14	30	9984
203_SA_3	3	13	30	9984
115_PR_2	-3	15	30	20494
348_SA_5	5	8	35	10370
349_SA_5	5	9	35	10370
9_SA_1	1	9	35	10450
10_SA_1	1	10	35	10450
13_SA_1	1	11	35	10450
14_SA_1	-2	12	35	20900
350_SA_5	5	10	35	10450
12_SA_1	-2	13	35	20900
204_SA_3	3	14	35	10450
205_SA_3	3	15	35	10450
352_PR_5	5	11	35	10450
11_SA_1	-2	14	35	20900
275_SA_4	4	5	35	10450
276_SA_4	4	6	35	10450
277_SA_4	4	7	35	10450
120_SA_2	2	16	35	10450
279_SA_4	4	8	35	10450
280_NU_4	4	9	35	10450
119_SA_2	2	17	35	10450
124_SA_2	2	18	35	10450
121_LC_2	-3	19	35	20900
122_SA_2	2	20	35	10450
351_SA_5	5	12	35	10450
118_SA_2	2	21	35	10450
278_PR_4	4	10	35	10450
116_SA_2	2	22	35	10450
117_SA_2	2	23	35	10450
123_SA_2	2	24	35	10450
15_SA_1	1	15	38	10554
125_SA_2	2	25	38	10608
281_PR_4	4	11	38	10608
282_LC_4	-5	12	40	21230
127_PR_2	-3	26	40	22522
206_PR_3	3	16	40	11261
126_PR_2	-3	27	40	22522
353_SA_5	5	13	40	11295
354_PR_5	5	14	40	11304
16_SA_1	-2	16	45	22760
207_SA_3	-4	17	45	22760
128_SA_2	2	28	45	11537
17_NU_1	1	17	45	11614
129_NU_2	2	29	45	11614
283_SA_4	4	13	45	11627
355_LC_5	5	15	45	11863
130_SA_2	2	30	45	11863
356_SA_5	5	16	45	11906
131_PR_2	2	31	50	12122
18_SA_1	1	18	50	12179
208_SA_3	3	18	50	12179
209_SA_3	3	19	50	12179
132_SA_2	2	32	50	12179
19_SA_1	1	19	50	12209
210_SA_3	3	20	50	12209
284_SA_4	4	14	50	12209
134_SA_2	-3	33	50	25274
133_SA_2	-3	34	50	25274
357_SA_5	5	17	50	12637
285_SA_4	4	15	50	12719
135_SA_2	-3	35	50	25558
20_SA_1	-2	20	50	25558
136_LC_2	2	36	50	12835
286_PR_4	4	16	52	12853
360_LC_5	5	18	52	12853
358_PR_5	5	19	52	12853
137_PR_2	2	37	52	12853
359_LC_5	5	20	52	12853
361_SA_5	5	21	52	12853
21_NU_1	1	21	57	12874
211_NU_3	3	21	57	12874
362_PR_5	5	22	57	13350
22_PR_1	1	22	60	13389
213_LC_3	-4	22	60	26778
139_PR_2	2	38	60	13389
140_SA_2	2	39	60	13389
288_SA_4	4	17	60	13389
287_PR_4	4	18	60	13389
212_SA_3	3	23	60	13389
138_VI_2	2	40	60	13389
363_VI_5	5	23	60	13687
214_VI_3	3	24	60	13687
215_PR_3	3	25	60	13726
23_SA_1	1	23	60	13937
24_PR_1	1	24	60	13979
289_LC_4	4	19	60	14004
25_PR_1	1	25	60	14041
141_NU_2	2	41	60	14105
26_NU_1	1	26	60	14105
27_LC_1	1	27	60	14110
216_SA_3	-4	26	60	28754
28_SA_1	1	28	60	14419
29_SA_1	1	29	60	14520
364_PR_5	5	24	60	14582
217_SA_3	3	27	60	14690
365_SA_5	5	25	60	14690
290_SA_4	4	20	60	14690
291_SA_4	4	21	60	14819
292_PR_4	4	22	60	14899
293_PR_4	4	23	60	14899
294_SA_4	4	24	60	14918
142_LC_2	2	42	60	15033
218_SA_3	3	28	60	15111
219_SA_3	3	29	60	15111
143_SA_2	2	43	60	15111
144_SA_2	2	44	60	15293
145_LC_2	2	45	60	15302
146_SA_2	2	46	60	15302
147_LC_2	2	47	60	15302
220_PR_3	3	30	60	15302
30_PR_1	1	30	60	15464
295_LC_4	4	25	60	15522
366_SA_5	5	26	60	15914
32_SA_1	-2	31	60	32228
31_SA_1	1	32	60	16114
367_PR_5	5	27	60	16127
33_LC_1	1	33	60	16131
221_PR_3	3	31	60	16323
296_SA_4	4	26	60	16417
222_PR_3	3	32	60	16461
223_PR_3	3	33	60	16559
224_PR_3	3	34	60	16575
34_LC_1	1	34	60	16598
148_SA_2	2	48	60	16945
368_PR_5	5	28	60	17199
369_SA_5	5	29	60	17292
370_SA_5	5	30	60	17292
225_SA_3	3	35	60	17552
35_SA_1	1	35	60	17552
297_SA_4	4	27	60	17670
36_LC_1	1	36	61	17702
298_PR_4	4	28	65	17755
150_SA_2	2	49	65	17900
149_SA_2	2	50	65	17900
151_SA_2	2	51	65	17945
38_PR_1	1	37	65	18142
371_PR_5	5	31	65	18142
37_PR_1	1	38	65	18142
39_LC_1	1	39	65	18177
226_PR_3	3	36	65	18203
372_LC_5	5	32	67	18357
227_LC_3	3	37	68	18558
40_SA_1	1	40	70	18760
228_SA_3	3	38	70	18835
152_LC_2	2	52	70	18840
41_LC_1	1	41	70	18844
42_PR_1	1	42	70	18844
299_LC_4	4	29	70	19013
43_SA_1	1	43	73	19134
300_SA_4	4	30	75	19163
301_SA_4	4	31	75	19419
44_PR_1	1	44	75	19548
153_PR_2	2	53	75	19775
302_SA_4	4	32	75	19778
373_SA_5	5	33	75	19903
154_PR_2	2	54	75	19929
374_PR_5	5	34	75	19929
155_SA_2	2	55	75	20071
375_PR_5	5	35	75	20198
229_SA_3	3	39	75	20257
156_PR_2	2	56	75	20315
45_VI_1	1	45	75	20430
46_SA_1	1	46	75	20619
47_SA_1	1	47	75	20619
230_PR_3	3	40	78	20747
303_LC_4	4	33	79	20844
376_PR_5	5	36	80	20880
304_VI_4	4	34	80	20967
231_SA_3	3	41	80	20967
49_SA_1	1	48	80	20967
306_SA_4	4	35	80	20967
305_PR_4	4	36	80	20967
377_PR_5	5	37	80	20967
157_SA_2	2	57	80	20967
48_SA_1	1	49	80	20967
232_PR_3	3	42	80	20967
307_SA_4	4	37	80	21302
233_SA_3	3	43	80	21443
378_PR_5	5	38	80	21479
234_LC_3	3	44	80	21482
235_LC_3	3	45	85	21501
379_LC_5	5	39	85	21522
50_LC_1	1	50	90	22040
158_PR_2	2	58	90	22048
236_VI_3	3	46	90	22148
308_PR_4	4	38	90	22152
237_PR_3	3	47	90	22152
159_SA_2	2	59	90	22370
51_SA_1	1	51	90	22370
160_PR_2	2	60	90	22585
309_PR_4	4	39	90	22676
310_PR_4	4	40	90	22676
161_LC_2	2	61	90	22919
238_SA_3	3	48	90	23022
162_SA_2	2	62	90	23225
239_SA_3	3	49	90	23296
52_PR_1	-2	52	90	46654
240_PR_3	3	50	90	23327
53_NU_1	1	53	90	23372
311_PR_4	4	41	90	23739
241_SA_3	3	51	90	23980
55_LC_1	1	54	90	24013
54_LC_1	1	55	90	24013
312_PR_4	4	42	90	24093
56_LC_1	1	56	90	24473
313_PR_4	4	43	90	24603
163_PR_2	2	63	90	24603
164_NU_2	2	64	90	24835
314_SA_4	4	44	90	24916
380_LC_5	5	40	90	24924
59_SA_1	1	57	90	24953
57_SA_1	1	58	90	24953
58_SA_1	1	59	90	24953
165_SA_2	2	65	90	25056
60_LC_1	1	60	90	25102
167_SA_2	2	66	90	25399
64_SA_1	1	61	90	25399
62_SA_1	1	62	90	25399
61_SA_1	-2	63	90	50798
166_SA_2	2	67	90	25399
65_SA_1	1	64	90	25399
63_SA_1	1	65	90	25399
381_SA_5	5	41	90	25399
242_LC_3	3	52	90	25468
315_SA_4	4	45	90	25497
316_NU_4	4	46	90	25643
66_PR_1	1	66	90	25758
168_SA_2	2	68	90	25772
67_SA_1	1	67	90	26048
317_LC_4	4	47	90	26060
243_SA_3	3	53	90	26213
318_SA_4	4	48	90	26213
68_SA_1	1	68	90	26333
69_VI_1	1	69	90	26375
382_PR_5	5	42	93	26422
319_PR_4	4	49	98	26471
71_PR_1	1	70	100	26476
70_SA_1	1	71	100	26476
170_SA_2	2	69	100	26476
244_SA_3	3	54	100	26476
169_LC_2	2	70	100	26476
171_PR_2	2	71	100	26515
172_NU_2	2	72	100	26758
321_SA_4	4	50	100	26790
383_SA_5	5	43	100	26790
73_PR_1	1	72	100	26790
72_SA_1	1	73	100	26790
320_SA_4	4	51	100	26790
322_SA_4	4	52	100	26790
245_SA_3	3	55	100	26839
384_SA_5	5	44	100	26839
323_SA_4	4	53	100	26839
246_LC_3	3	56	100	26985
247_SA_3	3	57	100	27176
74_SA_1	1	74	100	27357
75_SA_1	1	75	100	27428
174_SA_2	2	73	100	27428
173_SA_2	2	74	100	27428
175_SA_2	2	75	100	27428
385_SA_5	5	45	100	27428
248_SA_3	3	58	102	27557
176_SA_2	2	76	102	27771
177_PR_2	2	77	105	27771
249_SA_3	3	59	105	27903
76_SA_1	1	76	105	27963
250_SA_3	3	60	105	28091
77_SA_1	1	77	105	28091
178_NU_2	2	78	108	28224
324_SA_4	4	54	108	28388
325_PR_4	4	55	110	28646
386_SA_5	5	46	110	28650
179_PR_2	2	79	110	28688
251_PR_3	3	61	111	28697
180_LC_2	2	80	120	28833
326_SA_4	4	56	120	29063
78_SA_1	1	78	120	29063
79_SA_1	1	79	120	29063
181_LC_2	2	81	120	29063
252_SA_3	3	62	120	29063
387_SA_5	5	47	120	29066
80_SA_1	1	80	120	29112
81_SA_1	1	81	120	29135
388_SA_5	5	48	120	29139
389_SA_5	5	49	120	29196
253_SA_3	3	63	120	29196
82_VI_1	1	82	120	29348
390_LC_5	5	50	120	29380
255_PR_3	3	64	120	29444
254_PR_3	3	65	120	29444
256_PR_3	3	66	120	29528
257_SA_3	3	67	120	29629
258_SA_3	3	68	120	29716
83_SA_1	1	83	120	29716
327_SA_4	4	57	120	29733
84_LC_1	1	84	120	29835
85_PR_1	1	85	120	29844
86_PR_1	1	86	120	29878
259_SA_3	3	69	120	30121
260_SA_3	3	70	120	30201
261_SA_3	3	71	128	30406
87_SA_1	1	87	130	30640
262_SA_3	3	72	130	30640
88_LC_1	1	88	130	30850
328_LC_4	4	58	130	30937
329_LC_4	4	59	130	30937
182_LC_2	2	82	130	31032
183_NU_2	2	83	130	31033
263_SA_3	3	73	138	31253
184_SA_2	2	84	138	31253
185_SA_2	2	85	140	31525
331_SA_4	4	60	140	31525
330_SA_4	4	61	140	31525
264_SA_3	3	74	150	31560
186_PR_2	2	86	150	31680
187_SA_2	2	87	150	31701
89_PR_1	1	89	150	31937
90_SA_1	1	90	150	31957
391_LC_5	5	51	150	32034
393_PR_5	5	52	150	32245
91_PR_1	1	91	150	32245
392_PR_5	5	53	150	32245
188_VI_2	2	88	160	32256
332_PR_4	4	62	168	32416
265_PR_3	3	75	170	32685
92_SA_1	1	92	173	32887
333_VI_4	4	63	178	33683
394_PR_5	5	54	180	33839
93_SA_1	1	93	180	34805
94_NU_1	1	94	180	35005
95_SA_1	1	95	180	35284
334_SA_4	4	64	180	35438
96_VI_1	1	96	180	35652
98_PR_1	1	97	180	35879
97_PR_1	1	98	180	35879
335_SA_4	4	65	180	35983
266_SA_3	3	76	180	36712
99_SA_1	1	99	200	37192
267_NU_3	3	77	200	37365
336_VI_4	4	66	207	37594
337_PR_4	4	67	207	37888
395_SA_5	5	55	210	37957
338_SA_4	4	68	210	37957
396_SA_5	5	56	215	39017
397_SA_5	5	57	215	39017
268_SA_3	3	78	230	40173
398_NU_5	5	58	234	40421
340_SA_4	4	69	234	40421
339_SA_4	4	70	234	40421
189_PR_2	2	89	234	40421
399_SA_5	5	59	240	41395
190_SA_2	2	90	240	41395
100_PR_1	1	100	240	41668
269_SA_3	3	79	240	43607
400_PR_5	5	60	240	44744
270_PR_3	3	80	285	45078
