#Nombre	DiaAten	ModelId		T.Servicio	Penalty
191_PR_3	3	1	60	2709
101_PR_2	-3	1	60	3138
1_PR_1	-2	1	90	938
341_SA_5	5	1	70	1935
102_SA_2	2	2	120	2593
2_SA_1	1	2	90	22596
103_SA_2	2	3	120	50503
104_LC_2	2	4	120	323
271_PR_4	4	1	60	27237
105_LC_2	2	5	200	49150
342_PR_5	-6	2	60	1230
192_PR_3	3	2	130	3418
193_LC_3	3	3	70	1307
272_LC_4	4	2	130	39067
273_LC_4	4	3	90	1809
343_LC_5	5	3	45	61254
274_SA_4	4	4	60	44802
3_SA_1	1	3	75	51941
106_NU_2	2	6	75	56913
107_PR_2	2	7	30	68738
344_LC_5	5	4	120	39025
108_LC_2	2	8	10	63985
345_SA_5	-6	5	150	526
194_PR_3	3	4	20	75112
4_LC_1	-2	4	120	4908
195_SA_3	3	5	150	3635
5_SA_1	1	5	90	44495
197_SA_3	3	6	120	45343
346_LC_5	5	6	70	67896
199_SA_3	3	7	80	38129
196_PR_3	3	8	45	54551
198_SA_3	3	9	60	55468
6_SA_1	-2	6	30	5202
200_SA_3	3	10	60	4425
201_LC_3	3	11	270	2814
347_SA_5	5	7	20	46480
7_SA_1	1	7	290	45729
202_SA_3	3	12	180	50820
8_SA_1	1	8	60	45639
110_SA_2	2	9	120	51389
111_SA_2	2	10	120	56534
112_SA_2	2	11	60	57658
109_SA_2	2	12	110	47202
114_SA_2	2	13	60	46780
113_SA_2	2	14	60	57740
203_SA_3	3	13	45	29738
115_PR_2	2	15	90	44269
348_SA_5	5	8	60	6159
349_SA_5	5	9	15	6843
9_SA_1	-2	9	360	1550
10_SA_1	-2	10	60	1442
13_SA_1	-2	11	60	1406
14_SA_1	-2	12	90	1414
350_SA_5	-6	10	180	1268
12_SA_1	-2	13	75	1320
204_SA_3	-4	14	80	1642
205_SA_3	-4	15	60	1250
352_PR_5	-6	11	70	1218
11_SA_1	-2	14	120	1188
275_SA_4	-5	5	90	812
276_SA_4	-5	6	60	1320
277_SA_4	-5	7	120	848
120_SA_2	2	16	55	602
279_SA_4	-5	8	300	1426
280_NU_4	-5	9	60	1488
119_SA_2	2	17	60	871
124_SA_2	-3	18	30	1018
121_LC_2	2	19	45	967
122_SA_2	2	20	50	504
351_SA_5	-6	12	60	1356
118_SA_2	-3	21	120	1526
278_PR_4	-5	10	150	1200
116_SA_2	-3	22	60	1910
117_SA_2	-3	23	140	1422
123_SA_2	-3	24	50	1330
15_SA_1	1	15	240	43737
125_SA_2	2	25	60	53237
281_PR_4	4	11	70	47010
282_LC_4	4	12	90	30251
127_PR_2	2	26	80	126218
206_PR_3	3	16	35	140421
126_PR_2	2	27	180	94346
353_SA_5	-6	13	5	264
354_PR_5	5	14	30	48757
16_SA_1	-2	16	110	686
207_SA_3	-4	17	50	480
128_SA_2	-3	28	120	430
17_NU_1	-2	17	180	2058
129_NU_2	-3	29	120	1956
283_SA_4	4	13	180	2065
355_LC_5	5	15	150	1556
130_SA_2	2	30	90	1403
356_SA_5	-6	16	150	692
131_PR_2	2	31	215	56487
18_SA_1	1	18	90	1204
208_SA_3	-4	18	90	2902
209_SA_3	-4	19	45	2952
132_SA_2	2	32	20	1107
19_SA_1	1	19	180	91028
210_SA_3	3	20	180	91115
284_SA_4	4	14	240	59731
134_SA_2	2	33	60	58446
133_SA_2	2	34	90	43221
357_SA_5	5	17	60	57209
285_SA_4	4	15	60	59580
135_SA_2	2	35	60	68035
20_SA_1	1	20	60	39474
136_LC_2	-3	36	30	894
286_PR_4	4	16	60	41224
360_LC_5	5	18	10	45313
358_PR_5	5	19	70	51595
137_PR_2	2	37	150	54672
359_LC_5	5	20	10	54045
361_SA_5	5	21	10	64907
21_NU_1	1	21	90	21218
211_NU_3	3	21	40	24137
362_PR_5	5	22	240	39326
22_PR_1	1	22	60	24890
213_LC_3	3	22	90	46486
139_PR_2	2	38	60	62930
140_SA_2	2	39	50	49195
288_SA_4	4	17	60	46780
287_PR_4	4	18	90	49808
212_SA_3	3	23	40	48793
138_VI_2	2	40	90	36165
363_VI_5	5	23	10	1999
214_VI_3	3	24	25	3234
215_PR_3	3	25	45	36843
23_SA_1	1	23	90	58812
24_PR_1	1	24	100	4547
289_LC_4	4	19	110	36132
25_PR_1	1	25	90	7783
141_NU_2	2	41	150	444
26_NU_1	-2	26	420	828
27_LC_1	1	27	180	3020
216_SA_3	3	26	80	20491
28_SA_1	-2	28	30	566
29_SA_1	1	29	60	65116
364_PR_5	5	24	1	1955
217_SA_3	-4	27	150	1474
365_SA_5	-6	25	120	1310
290_SA_4	4	20	60	978
291_SA_4	4	21	150	2290
292_PR_4	4	22	50	2048
293_PR_4	4	23	165	2134
294_SA_4	4	24	90	33555
142_LC_2	2	42	50	4872
218_SA_3	3	28	120	3012
219_SA_3	3	29	90	5087
143_SA_2	2	43	180	3564
144_SA_2	-3	44	90	964
145_LC_2	-3	45	60	500
146_SA_2	-3	46	165	340
147_LC_2	-3	47	30	434
220_PR_3	-4	30	60	418
30_PR_1	1	30	60	8087
295_LC_4	-5	25	60	164
366_SA_5	5	26	20	8449
32_SA_1	1	31	90	20624
31_SA_1	1	32	90	15189
367_PR_5	5	27	15	50473
33_LC_1	1	33	150	5379
221_PR_3	3	31	35	53071
296_SA_4	4	26	90	45300
222_PR_3	3	32	60	29016
223_PR_3	3	33	40	50627
224_PR_3	3	34	50	2097
34_LC_1	1	34	80	40204
148_SA_2	2	48	90	13666
368_PR_5	5	28	5	16146
369_SA_5	5	29	120	36753
370_SA_5	5	30	140	45022
225_SA_3	-4	35	80	908
35_SA_1	-2	35	105	772
297_SA_4	4	27	100	1843
36_LC_1	1	36	60	58400
298_PR_4	-5	28	120	464
150_SA_2	-3	49	120	3560
149_SA_2	-3	50	235	3690
151_SA_2	2	51	120	97487
38_PR_1	1	37	80	56821
371_PR_5	5	31	30	45311
37_PR_1	1	38	60	52440
39_LC_1	1	39	90	3321
226_PR_3	3	36	65	54347
372_LC_5	5	32	60	29158
227_LC_3	-4	37	120	4752
40_SA_1	1	40	60	2707
228_SA_3	3	38	100	60663
152_LC_2	-3	52	1	3138
41_LC_1	-2	41	120	5798
42_PR_1	1	42	60	2538
299_LC_4	-5	29	60	590
43_SA_1	1	43	207	4032
300_SA_4	4	30	105	46538
301_SA_4	-5	31	75	1230
44_PR_1	-2	44	25	2652
153_PR_2	2	53	230	59486
302_SA_4	4	32	90	38165
373_SA_5	5	33	60	1480
154_PR_2	2	54	170	44597
374_PR_5	5	34	105	51888
155_SA_2	2	55	240	54556
375_PR_5	5	35	170	47367
229_SA_3	3	39	60	528
156_PR_2	2	56	80	36124
45_VI_1	1	45	75	10101
46_SA_1	1	46	90	73
47_SA_1	-2	47	90	224
230_PR_3	3	40	30	32206
303_LC_4	4	33	60	48770
376_PR_5	5	36	75	43820
304_VI_4	-5	34	120	2644
231_SA_3	-4	41	80	2278
49_SA_1	1	48	60	2098
306_SA_4	4	35	270	1193
305_PR_4	4	36	25	1907
377_PR_5	5	37	30	1773
157_SA_2	-3	57	150	3564
48_SA_1	1	49	60	1870
232_PR_3	3	42	120	1116
307_SA_4	4	37	120	47480
233_SA_3	3	43	40	54691
378_PR_5	5	38	30	55056
234_LC_3	-4	44	60	5222
235_LC_3	-4	45	120	840
379_LC_5	5	39	60	41882
50_LC_1	1	50	80	38013
158_PR_2	2	58	85	2242
236_VI_3	-4	46	90	228
308_PR_4	4	38	30	37731
237_PR_3	3	47	70	56895
159_SA_2	2	59	55	2814
51_SA_1	1	51	90	2660
160_PR_2	2	60	60	41086
309_PR_4	4	39	60	44866
310_PR_4	4	40	120	56307
161_LC_2	2	61	180	63737
238_SA_3	3	48	60	7413
162_SA_2	2	62	1	4857
239_SA_3	3	49	180	54288
52_PR_1	1	52	30	3396
240_PR_3	3	50	60	4729
53_NU_1	1	53	90	43396
311_PR_4	4	41	60	75561
241_SA_3	3	51	20	51988
55_LC_1	1	54	60	1307
54_LC_1	-2	55	60	1922
312_PR_4	4	42	50	202418
56_LC_1	-2	56	150	156
313_PR_4	4	43	50	1787
163_PR_2	2	63	120	1365
164_NU_2	2	64	90	2319
314_SA_4	4	44	20	2127
380_LC_5	5	40	234	3343
59_SA_1	1	57	60	5995
57_SA_1	1	58	60	5786
58_SA_1	1	59	60	5020
165_SA_2	2	65	120	60117
60_LC_1	1	60	90	5974
167_SA_2	2	66	60	35922
64_SA_1	1	61	10	65693
62_SA_1	1	62	150	51244
61_SA_1	1	63	30	33577
166_SA_2	2	67	40	43106
65_SA_1	1	64	30	58302
63_SA_1	1	65	75	50605
381_SA_5	5	41	60	68960
242_LC_3	3	52	40	47758
315_SA_4	4	45	180	2087
316_NU_4	4	46	60	12626
66_PR_1	-2	66	75	706
168_SA_2	2	68	60	1019
67_SA_1	-2	67	60	364
317_LC_4	4	47	45	38377
243_SA_3	3	53	120	1329
318_SA_4	-5	48	240	1766
68_SA_1	-2	68	120	382
69_VI_1	1	69	60	58441
382_PR_5	5	42	30	2334
319_PR_4	-5	49	90	4006
71_PR_1	1	70	520	21458
70_SA_1	1	71	180	13631
170_SA_2	2	69	120	19710
244_SA_3	3	54	80	21826
169_LC_2	2	70	135	16758
171_PR_2	2	71	65	9378
172_NU_2	2	72	60	66108
321_SA_4	4	50	240	36349
383_SA_5	5	43	240	53834
73_PR_1	1	72	120	41197
72_SA_1	1	73	195	51098
320_SA_4	4	51	120	47300
322_SA_4	4	52	90	56901
245_SA_3	-4	55	160	500
384_SA_5	-6	44	240	692
323_SA_4	4	53	120	333
246_LC_3	3	56	100	5770
247_SA_3	3	57	90	46566
74_SA_1	-2	74	60	560
75_SA_1	1	75	75	47929
174_SA_2	2	73	360	44318
173_SA_2	2	74	55	53502
175_SA_2	2	75	90	52194
385_SA_5	5	45	60	57490
248_SA_3	-4	58	60	3254
176_SA_2	2	76	90	1231
177_PR_2	-3	77	50	290
249_SA_3	3	59	75	44827
76_SA_1	-2	76	100	420
250_SA_3	3	60	60	44999
77_SA_1	1	77	120	56284
178_NU_2	2	78	20	235
324_SA_4	4	54	130	62217
325_PR_4	4	55	180	3553
386_SA_5	5	46	90	39709
179_PR_2	2	79	100	38452
251_PR_3	3	61	60	4139
180_LC_2	2	80	60	44717
326_SA_4	4	56	1	1226
78_SA_1	-2	78	60	1914
79_SA_1	-2	79	100	2220
181_LC_2	-3	81	120	1874
252_SA_3	-4	62	55	2240
387_SA_5	5	47	90	43745
80_SA_1	1	80	90	55617
81_SA_1	1	81	60	13015
388_SA_5	-6	48	60	4082
389_SA_5	5	49	90	56106
253_SA_3	3	63	60	48361
82_VI_1	1	82	30	12137
390_LC_5	5	50	180	4674
255_PR_3	3	64	150	58126
254_PR_3	3	65	60	48961
256_PR_3	3	66	90	998
257_SA_3	3	67	5	1974
258_SA_3	3	68	120	2092
83_SA_1	-2	83	240	3910
327_SA_4	4	57	120	19174
84_LC_1	1	84	15	35867
85_PR_1	-2	85	70	218
86_PR_1	1	86	90	59793
259_SA_3	3	69	110	157
260_SA_3	-4	70	120	406
261_SA_3	3	71	90	5993
87_SA_1	-2	87	60	2556
262_SA_3	3	72	120	2131
88_LC_1	1	88	120	60119
328_LC_4	4	58	120	44571
329_LC_4	4	59	90	49591
182_LC_2	2	82	60	72377
183_NU_2	2	83	20	413
263_SA_3	3	73	60	29674
184_SA_2	2	84	15	48959
185_SA_2	2	85	35	56534
331_SA_4	4	60	160	56694
330_SA_4	4	61	120	45896
264_SA_3	3	74	65	57232
186_PR_2	-3	86	120	214
187_SA_2	2	87	210	44748
89_PR_1	1	89	70	44854
90_SA_1	-2	90	90	150
391_LC_5	5	51	75	62565
393_PR_5	5	52	150	43834
91_PR_1	1	91	120	61676
392_PR_5	5	53	35	58117
188_VI_2	-3	88	100	194
332_PR_4	4	62	120	1875
265_PR_3	3	75	100	56126
92_SA_1	1	92	60	62810
333_VI_4	4	63	90	51179
394_PR_5	5	54	75	55509
93_SA_1	1	93	90	2282
94_NU_1	1	94	160	51181
95_SA_1	-2	95	140	918
334_SA_4	-5	64	30	1140
96_VI_1	1	96	50	57015
98_PR_1	1	97	10	49135
97_PR_1	1	98	20	59468
335_SA_4	4	65	30	11609
266_SA_3	3	76	80	4863
99_SA_1	-2	99	75	92
267_NU_3	3	77	50	5253
336_VI_4	-5	66	240	1090
337_PR_4	4	67	1	2755
395_SA_5	-6	55	90	270
338_SA_4	-5	68	60	210
396_SA_5	5	56	60	32762
397_SA_5	5	57	10	59984
268_SA_3	3	78	90	1091
398_NU_5	5	58	150	6340
340_SA_4	4	69	60	7819
339_SA_4	4	70	140	2854
189_PR_2	2	89	80	6400
399_SA_5	5	59	60	46283
190_SA_2	2	90	30	35112
100_PR_1	-2	100	60	11766
269_SA_3	3	79	40	263490
400_PR_5	5	60	45	56243
270_PR_3	3	80	75	17655
