Iter 101
MasterProb = 28689000

s [*] :=
1  100
2   75
3   98
4   99
5   83
;

SubProb = -2776820
d = 69

distanceCost*(sum{l in 1 .. Lcap - 1} t[l]) = 4345

Iter 102
MasterProb = 26704600

s [*] :=
1  97
2  96
3  94
4  95
5  93
;

SubProb = -2826400
d = 49

distanceCost*(sum{l in 1 .. Lcap - 1} t[l]) = 4345

Iter 103
MasterProb = 24771400

s [*] :=
1  91
2  92
3  90
4  87
5  89
;

SubProb = -2568830
d = 0

distanceCost*(sum{l in 1 .. Lcap - 1} t[l]) = 4070

Iter 104
MasterProb = 22912900

s [*] :=
1  51
2  93
3  88
4  86
5  33
;

SubProb = -1905480
d = 139

distanceCost*(sum{l in 1 .. Lcap - 1} t[l]) = 4345

Iter 105
MasterProb = 22912900

s [*] :=
1  86
2  98
3  84
4  85
5  53
;

SubProb = -2107220
d = 0

distanceCost*(sum{l in 1 .. Lcap - 1} t[l]) = 3135

Iter 106
MasterProb = 22912900

s [*] :=
1  88
2  33
3  82
4  80
5  81
;

SubProb = -2095580
d = 39

distanceCost*(sum{l in 1 .. Lcap - 1} t[l]) = 3795

Iter 107
MasterProb = 21168600

s [*] :=
1  92
2  46
3   4
4  96
5  16
;

SubProb = -1444740
d = 37

distanceCost*(sum{l in 1 .. Lcap - 1} t[l]) = 4785

Iter 108
MasterProb = 21168600

s [*] :=
1  34
2  95
3  47
4  84
5  79
;

SubProb = -1789090
d = 48

distanceCost*(sum{l in 1 .. Lcap - 1} t[l]) = 5665

Iter 109
MasterProb = 21168600

s [*] :=
1   13
2   84
3   47
4   34
5  100
;

SubProb = -1534920
d = 0

distanceCost*(sum{l in 1 .. Lcap - 1} t[l]) = 5720

Iter 110
MasterProb = 20407100

s [*] :=
1  20
2  67
3  62
4  30
5  96
;

SubProb = -1612360
d = 0

distanceCost*(sum{l in 1 .. Lcap - 1} t[l]) = 3795

Iter 111
MasterProb = 19703000

s [*] :=
1  52
2  82
3  55
4  30
5  75
;

SubProb = -1706740
d = 0

distanceCost*(sum{l in 1 .. Lcap - 1} t[l]) = 3795

Iter 112
MasterProb = 19609300

s [*] :=
1  72
2  39
3  42
4  78
5  25
;

SubProb = -1688220
d = 16

distanceCost*(sum{l in 1 .. Lcap - 1} t[l]) = 4180

Iter 113
MasterProb = 18034100

s [*] :=
1  61
2  14
3  71
4  32
5  55
;

SubProb = -1587310
d = 57

distanceCost*(sum{l in 1 .. Lcap - 1} t[l]) = 4235

Iter 114
MasterProb = 16573900

s [*] :=
1   27
2   29
3  101
4  102
5  103
;

SubProb = -233212
d = 0

distanceCost*(sum{l in 1 .. Lcap - 1} t[l]) = 1595

Iter 115
MasterProb = 16340700

s [*] :=
1   27
2   29
3  101
4  102
5  103
;

SubProb = -229485
d = 0

distanceCost*(sum{l in 1 .. Lcap - 1} t[l]) = 1595

Iter 116
MasterProb = 16340700

s [*] :=
1   27
2   29
3  101
4  102
5  103
;

SubProb = 0
d = 0

distanceCost*(sum{l in 1 .. Lcap - 1} t[l]) = 1595

Problema Entero
MasterProb = 16340700

fo1 = 50000
fo2 = 16290700

x[j] [*] :=
 60  1
 63  1
 64  1
 65  1
 66  1
 68  1
 69  1
 70  1
 73  1
 74  1
 76  1
 77  1
 85  1
 86  1
 93  1
 94  1
 97  1
101  1
103  1
106  1
108  1
110  1
112  1
113  1
114  1
;

aa[i,j] [*,*]
:    60  63  64  65  66  68  69  70  73  74  76  77  85  86  93  94  97 101 103 :=
1     0   0   0   0   0   0   0   0   0   0   0   0   0   0   0   0   0   0   0
2     0   0   0   0   0   0   0   0   0   0   0   0   0   0   0   0   0   0   0
3     0   0   0   0   0   0   0   0   0   0   0   0   0   0   0   0   0   0   0
4     0   0   0   0   0   0   0   0   0   0   0   0   0   0   0   0   0   0   0
5     0   0   0   0   0   0   0   0   0   0   0   0   0   0   0   0   0   0   0
6     0   0   0   0   0   0   0   0   0   0   0   0   0   0   0   0   0   0   0
7     0   0   0   0   0   0   0   0   0   0   0   0   0   0   0   0   0   0   0
8     0   0   0   0   0   0   0   0   0   0   0   0   0   0   0   0   0   0   0
9     0   0   0   0   0   0   0   0   0   0   0   0   0   0   0   0   0   0   0
10    0   0   0   0   0   0   0   0   0   0   0   0   0   0   0   0   0   0   0
11    0   0   0   0   0   0   0   0   0   0   0   0   0   0   0   0   0   0   0
12    0   0   0   0   0   0   0   0   0   0   0   0   0   0   0   0   0   0   0
13    0   0   0   0   0   0   0   0   0   0   0   0   0   0   0   0   0   0   0
14    0   0   0   0   0   0   0   0   0   0   0   0   0   0   0   0   0   0   0
15    0   0   0   0   0   0   0   0   0   0   0   0   0   0   0   0   0   0   0
16    0   0   0   0   0   0   0   0   0   0   0   0   0   0   0   0   0   0   0
17    0   0   0   0   0   0   0   0   0   0   0   0   0   0   0   0   0   0   0
18    0   0   0   0   0   0   0   0   0   0   0   0   0   0   0   0   0   0   0
19    0   0   0   0   0   0   0   0   0   0   0   0   0   0   0   0   0   0   0
20    0   0   0   0   0   0   0   0   0   0   0   0   0   0   0   0   0   0   0
21    0   0   0   0   0   0   0   0   0   0   0   0   0   0   0   0   0   0   0
22    0   0   0   0   0   0   0   0   0   0   0   0   0   0   0   0   0   0   0
23    0   0   0   0   0   0   0   0   0   0   0   0   0   0   0   0   0   0   0
24    0   0   0   0   0   0   0   0   0   0   0   0   0   0   0   0   0   0   0
25    0   0   0   0   0   0   0   0   0   0   0   0   0   0   0   0   0   0   0
26    0   0   0   0   0   0   0   0   0   0   0   0   0   0   0   0   0   0   0
27    0   0   0   0   0   0   0   0   0   0   0   0   0   0   0   0   0   0   0
28    0   0   0   0   0   0   0   0   0   0   0   0   0   0   0   0   0   0   0
29    0   0   0   0   0   0   0   0   0   0   0   0   0   0   0   0   0   0   0
30    0   0   0   0   0   0   0   0   0   0   0   0   0   0   0   0   0   0   0
31    0   0   0   0   0   0   0   0   0   0   0   0   0   0   0   0   0   0   0
32    0   0   0   0   0   0   0   0   0   0   0   0   0   0   0   0   0   0   0
33    0   0   0   0   0   0   0   0   0   0   0   0   0   0   0   0   0   0   0
34    0   0   0   0   0   0   0   0   0   0   0   0   0   0   0   0   0   0   0
35    0   0   0   0   0   0   0   0   0   0   0   0   0   0   0   0   0   0   0
36    0   0   0   0   0   0   0   0   0   0   0   0   0   0   0   0   0   0   0
37    0   0   0   0   0   0   0   0   0   0   0   0   0   0   0   0   0   0   0
38    0   0   0   0   0   0   0   0   0   0   0   0   0   0   0   0   0   0   0
39    0   0   0   0   0   0   0   0   0   0   0   0   0   0   0   0   0   0   0
40    0   0   0   0   0   0   0   0   0   0   0   0   0   0   0   0   0   0   0
41    0   0   0   0   0   0   0   0   0   0   0   0   0   0   0   0   0   0   0
42    0   0   0   0   0   0   0   0   0   0   0   0   0   0   0   0   0   0   0
43    0   0   0   0   0   0   0   0   0   0   0   0   0   0   0   0   0   0   0
44    0   0   0   0   0   0   0   0   0   0   0   0   0   0   0   0   0   0   0
45    0   0   0   0   0   0   0   0   0   0   0   0   0   0   0   0   0   0   0
46    0   0   0   0   0   0   0   0   0   0   0   0   0   0   0   0   0   0   0
47    0   0   0   0   0   0   0   0   0   0   0   0   0   0   0   0   0   0   0
48    0   0   0   0   0   0   0   0   0   0   0   0   0   0   0   0   0   0   0
49    0   0   0   0   0   0   0   0   0   0   0   0   0   0   0   0   0   0   0
50    0   0   0   0   0   0   0   0   0   0   0   0   0   0   0   0   0   0   0
51    0   0   0   0   0   0   0   0   0   0   0   0   0   0   0   0   0   0   0
52    0   0   0   0   0   0   0   0   0   0   0   0   0   0   0   0   0   0   0
53    0   0   0   0   0   0   0   0   0   0   0   0   0   0   0   0   0   0   0
54    0   0   0   0   0   0   0   0   0   0   0   0   0   0   0   0   0   0   0
55    0   0   0   0   0   0   0   0   0   0   0   0   0   0   0   0   0   0   0
56    0   0   0   0   0   0   0   0   0   0   0   0   0   0   0   0   0   0   0
57    0   0   0   0   0   0   0   0   0   0   0   0   0   0   0   0   0   0   0
58    0   0   0   0   0   0   0   0   0   0   0   0   0   0   0   0   0   0   0
59    0   0   0   0   0   0   0   0   0   0   0   0   0   0   0   0   0   0   0
60    1   0   0   0   0   0   0   0   0   0   0   0   0   0   0   0   0   0   0
61    0   0   0   0   0   0   0   0   0   0   0   0   0   0   0   0   0   0   0
62    0   0   0   0   0   0   0   0   0   0   0   0   0   0   0   0   0   0   0
63    0   1   0   0   0   0   0   0   0   0   0   0   0   0   0   0   0   0   0
64    0   0   1   0   0   0   0   0   0   0   0   0   0   0   0   0   0   0   0
65    0   0   0   1   0   0   0   0   0   0   0   0   0   0   0   0   0   0   0
66    0   0   0   0   1   0   0   0   0   0   0   0   0   0   0   0   0   0   0
67    0   0   0   0   0   0   0   0   0   0   0   0   0   0   0   0   0   0   0
68    0   0   0   0   0   1   0   0   0   0   0   0   0   0   0   0   0   0   0
69    0   0   0   0   0   0   1   0   0   0   0   0   0   0   0   0   0   0   0
70    0   0   0   0   0   0   0   1   0   0   0   0   0   0   0   0   0   0   0
71    0   0   0   0   0   0   0   0   0   0   0   0   0   0   0   0   0   0   0
72    0   0   0   0   0   0   0   0   0   0   0   0   0   0   0   0   0   0   0
73    0   0   0   0   0   0   0   0   1   0   0   0   0   0   0   0   0   0   0
74    0   0   0   0   0   0   0   0   0   1   0   0   0   0   0   0   0   0   0
75    0   0   0   0   0   0   0   0   0   0   0   0   0   0   0   0   0   1   0
76    0   0   0   0   0   0   0   0   0   0   1   0   0   0   0   0   0   0   0
77    0   0   0   0   0   0   0   0   0   0   0   1   0   0   0   0   0   0   0
78    0   0   0   0   0   0   0   0   0   0   0   0   0   0   0   0   0   0   0
79    0   0   0   0   0   0   0   0   0   0   0   0   0   0   0   0   0   0   0
80    0   0   0   0   0   0   0   0   0   0   0   0   0   0   0   0   0   0   0
81    0   0   0   0   0   0   0   0   0   0   0   0   0   0   0   0   0   0   0
82    0   0   0   0   0   0   0   0   0   0   0   0   0   0   0   0   0   0   0
83    0   0   0   0   0   0   0   0   0   0   0   0   0   0   0   0   0   1   0
84    0   0   0   0   0   0   0   0   0   0   0   0   0   0   0   0   0   0   0
85    0   0   0   0   0   0   0   0   0   0   0   0   1   0   0   0   0   0   0
86    0   0   0   0   0   0   0   0   0   0   0   0   0   1   0   0   0   0   0
87    0   0   0   0   0   0   0   0   0   0   0   0   0   0   0   0   0   0   1
88    0   0   0   0   0   0   0   0   0   0   0   0   0   0   0   0   0   0   0
89    0   0   0   0   0   0   0   0   0   0   0   0   0   0   0   0   0   0   1
90    0   0   0   0   0   0   0   0   0   0   0   0   0   0   0   0   0   0   1
91    0   0   0   0   0   0   0   0   0   0   0   0   0   0   0   0   0   0   1
92    0   0   0   0   0   0   0   0   0   0   0   0   0   0   0   0   0   0   1
93    0   0   0   0   0   0   0   0   0   0   0   0   0   0   1   0   0   0   0
94    0   0   0   0   0   0   0   0   0   0   0   0   0   0   0   1   0   0   0
95    0   0   0   0   0   0   0   0   0   0   0   0   0   0   0   0   0   0   0
96    0   0   0   0   0   0   0   0   0   0   0   0   0   0   0   0   0   0   0
97    0   0   0   0   0   0   0   0   0   0   0   0   0   0   0   0   1   0   0
98    0   0   0   0   0   0   0   0   0   0   0   0   0   0   0   0   0   1   0
99    0   0   0   0   0   0   0   0   0   0   0   0   0   0   0   0   0   1   0
100   0   0   0   0   0   0   0   0   0   0   0   0   0   0   0   0   0   1   0

:   106 108 110 112 113 114    :=
1     0   0   0   0   0   0
2     0   0   0   0   0   0
3     0   0   0   0   0   0
4     0   0   0   0   0   0
5     0   0   0   0   0   0
6     0   0   0   0   0   0
7     0   0   0   0   0   0
8     0   0   0   0   0   0
9     0   0   0   0   0   0
10    0   0   0   0   0   0
11    0   0   0   0   0   0
12    0   0   0   0   0   0
13    0   0   0   0   0   0
14    0   0   0   0   1   0
15    0   0   0   0   0   0
16    0   0   0   0   0   0
17    0   0   0   0   0   0
18    0   0   0   0   0   0
19    0   0   0   0   0   0
20    0   0   1   0   0   0
21    0   0   0   0   0   0
22    0   0   0   0   0   0
23    0   0   0   0   0   0
24    0   0   0   0   0   0
25    0   0   0   1   0   0
26    0   0   0   0   0   0
27    0   0   0   0   0   1
28    0   0   0   0   0   0
29    0   0   0   0   0   1
30    0   0   1   0   0   0
31    0   0   0   0   0   0
32    0   0   0   0   1   0
33    1   0   0   0   0   0
34    0   1   0   0   0   0
35    0   0   0   0   0   0
36    0   0   0   0   0   0
37    0   0   0   0   0   0
38    0   0   0   0   0   0
39    0   0   0   1   0   0
40    0   0   0   0   0   0
41    0   0   0   0   0   0
42    0   0   0   1   0   0
43    0   0   0   0   0   0
44    0   0   0   0   0   0
45    0   0   0   0   0   0
46    0   0   0   0   0   0
47    0   1   0   0   0   0
48    0   0   0   0   0   0
49    0   0   0   0   0   0
50    0   0   0   0   0   0
51    0   0   0   0   0   0
52    0   0   0   0   0   0
53    0   0   0   0   0   0
54    0   0   0   0   0   0
55    0   0   0   0   1   0
56    0   0   0   0   0   0
57    0   0   0   0   0   0
58    0   0   0   0   0   0
59    0   0   0   0   0   0
60    0   0   0   0   0   0
61    0   0   0   0   1   0
62    0   0   1   0   0   0
63    0   0   0   0   0   0
64    0   0   0   0   0   0
65    0   0   0   0   0   0
66    0   0   0   0   0   0
67    0   0   1   0   0   0
68    0   0   0   0   0   0
69    0   0   0   0   0   0
70    0   0   0   0   0   0
71    0   0   0   0   1   0
72    0   0   0   1   0   0
73    0   0   0   0   0   0
74    0   0   0   0   0   0
75    0   0   0   0   0   0
76    0   0   0   0   0   0
77    0   0   0   0   0   0
78    0   0   0   1   0   0
79    0   1   0   0   0   0
80    1   0   0   0   0   0
81    1   0   0   0   0   0
82    1   0   0   0   0   0
83    0   0   0   0   0   0
84    0   1   0   0   0   0
85    0   0   0   0   0   0
86    0   0   0   0   0   0
87    0   0   0   0   0   0
88    1   0   0   0   0   0
89    0   0   0   0   0   0
90    0   0   0   0   0   0
91    0   0   0   0   0   0
92    0   0   0   0   0   0
93    0   0   0   0   0   0
94    0   0   0   0   0   0
95    0   1   0   0   0   0
96    0   0   1   0   0   0
97    0   0   0   0   0   0
98    0   0   0   0   0   0
99    0   0   0   0   0   0
100   0   0   0   0   0   0
;

vi[i] [*] :=
 1  1
 2  1
 3  1
 4  1
 5  1
 6  1
 7  1
 8  1
 9  1
10  1
11  1
12  1
13  1
15  1
16  1
17  1
18  1
19  1
21  1
22  1
23  1
24  1
26  1
28  1
31  1
35  1
36  1
37  1
38  1
40  1
41  1
43  1
44  1
45  1
46  1
48  1
49  1
50  1
51  1
52  1
53  1
54  1
56  1
57  1
58  1
59  1
;

:   x[i]   c[i] travel[i] delay[i]    :=
60    1       0       0         0
63    1       0       0         0
64    1       0       0         0
65    1       0       0         0
66    1       0       0         0
68    1       0       0         0
69    1       0       0         0
70    1       0       0         0
73    1       0       0         0
74    1       0       0         0
76    1       0       0         0
77    1       0       0         0
85    1       0       0         0
86    1       0       0         0
93    1       0       0         0
94    1       0       0         0
97    1       0       0         0
101   1    9865    4345      5520
103   1    4070    4070         0
106   1    6915    3795      3120
108   1    9505    5665      3840
110   1    3795    3795         0
112   1    5460    4180      1280
113   1    8795    4235      4560
114   1    1595    1595         0
;

