#Nombre	DiaAten	ModelId		T.Servicio	Penalty
191_PR_3	3	1	60	10352
101_PR_2	2	1	60	10352
1_PR_1	1	1	90	10699
341_SA_5	5	1	70	10723
102_SA_2	2	2	120	10838
2_SA_1	1	2	90	11344
103_SA_2	2	3	120	12568
104_LC_2	-3	4	120	27018
271_PR_4	4	1	60	14013
105_LC_2	-3	5	200	28142
342_PR_5	5	2	60	14276
192_PR_3	-4	2	130	28678
193_LC_3	-4	3	70	28708
272_LC_4	4	2	130	14458
273_LC_4	4	3	90	14461
343_LC_5	5	3	45	14465
274_SA_4	4	4	60	15024
3_SA_1	-2	3	75	30690
106_NU_2	2	6	75	15405
107_PR_2	-3	7	30	31104
344_LC_5	-6	4	120	31108
108_LC_2	2	8	10	15554
345_SA_5	5	5	150	15577
194_PR_3	3	4	20	15844
4_LC_1	-2	4	120	31982
195_SA_3	-4	5	150	32164
5_SA_1	1	5	90	16150
197_SA_3	3	6	120	16150
346_LC_5	5	6	70	16150
199_SA_3	3	7	80	16150
196_PR_3	3	8	45	16150
198_SA_3	3	9	60	16150
6_SA_1	1	6	30	16303
200_SA_3	3	10	60	16303
201_LC_3	3	11	270	16303
347_SA_5	5	7	20	16491
7_SA_1	-2	7	290	33018
202_SA_3	3	12	180	16509
8_SA_1	1	8	60	16509
110_SA_2	-3	9	120	33018
111_SA_2	2	10	120	16509
112_SA_2	2	11	60	16509
109_SA_2	2	12	110	16509
114_SA_2	2	13	60	16509
113_SA_2	2	14	60	16509
203_SA_3	3	13	45	16509
115_PR_2	2	15	90	16607
348_SA_5	5	8	60	16675
349_SA_5	5	9	15	16675
9_SA_1	-2	9	360	33356
10_SA_1	-2	10	60	33356
13_SA_1	-2	11	60	33356
14_SA_1	1	12	90	16678
350_SA_5	5	10	180	16678
12_SA_1	1	13	75	16678
204_SA_3	3	14	80	16678
205_SA_3	3	15	60	16678
352_PR_5	5	11	70	16678
11_SA_1	-2	14	120	33356
275_SA_4	4	5	90	16678
276_SA_4	4	6	60	16678
277_SA_4	4	7	120	16678
120_SA_2	2	16	55	16678
279_SA_4	4	8	300	16678
280_NU_4	4	9	60	16678
119_SA_2	2	17	60	16678
124_SA_2	2	18	30	16678
121_LC_2	2	19	45	16678
122_SA_2	2	20	50	16678
351_SA_5	5	12	60	16678
118_SA_2	2	21	120	16678
278_PR_4	-5	10	150	33356
116_SA_2	2	22	60	16678
117_SA_2	2	23	140	16678
123_SA_2	2	24	50	16678
15_SA_1	1	15	240	16885
125_SA_2	2	25	60	17001
281_PR_4	4	11	70	17001
282_LC_4	4	12	90	17024
127_PR_2	2	26	80	17281
206_PR_3	3	16	35	17281
126_PR_2	-3	27	180	34562
353_SA_5	5	13	5	17329
354_PR_5	5	14	30	17517
16_SA_1	1	16	110	17601
207_SA_3	3	17	50	17601
128_SA_2	-3	28	120	35334
17_NU_1	1	17	180	17721
129_NU_2	2	29	120	17721
283_SA_4	4	13	180	17736
355_LC_5	5	15	150	17741
130_SA_2	2	30	90	17741
356_SA_5	5	16	150	17772
131_PR_2	2	31	215	17838
18_SA_1	1	18	90	17892
208_SA_3	3	18	90	17892
209_SA_3	-4	19	45	35784
132_SA_2	2	32	20	17892
19_SA_1	1	19	180	18041
210_SA_3	3	20	180	18041
284_SA_4	4	14	240	18041
134_SA_2	2	33	60	18200
133_SA_2	2	34	90	18200
357_SA_5	5	17	60	18200
285_SA_4	4	15	60	18317
135_SA_2	-3	35	60	36680
20_SA_1	1	20	60	18340
136_LC_2	2	36	30	18408
286_PR_4	4	16	60	18437
360_LC_5	5	18	10	18437
358_PR_5	5	19	70	18437
137_PR_2	2	37	150	18437
359_LC_5	5	20	10	18437
361_SA_5	5	21	10	18437
21_NU_1	1	21	90	18493
211_NU_3	3	21	40	18493
362_PR_5	5	22	240	18547
22_PR_1	1	22	60	18572
213_LC_3	3	22	90	18572
139_PR_2	2	38	60	18572
140_SA_2	2	39	50	18572
288_SA_4	4	17	60	18572
287_PR_4	4	18	90	18572
212_SA_3	3	23	40	18572
138_VI_2	2	40	90	18572
363_VI_5	5	23	10	18590
214_VI_3	-4	24	25	37180
215_PR_3	-4	25	45	37218
23_SA_1	1	23	90	18653
24_PR_1	1	24	100	18673
289_LC_4	-5	19	110	37408
25_PR_1	1	25	90	18798
141_NU_2	2	41	150	18813
26_NU_1	-2	26	420	37626
27_LC_1	1	27	180	19046
216_SA_3	-4	26	80	38122
28_SA_1	1	28	30	19128
29_SA_1	1	29	60	19151
364_PR_5	5	24	1	19323
217_SA_3	3	27	150	19345
365_SA_5	5	25	120	19345
290_SA_4	4	20	60	19345
291_SA_4	4	21	150	19366
292_PR_4	4	22	50	19511
293_PR_4	4	23	165	19511
294_SA_4	4	24	90	19533
142_LC_2	2	42	50	19582
218_SA_3	3	28	120	19593
219_SA_3	3	29	90	19593
143_SA_2	2	43	180	19593
144_SA_2	2	44	90	19643
145_LC_2	2	45	60	19739
146_SA_2	-3	46	165	39478
147_LC_2	2	47	30	19739
220_PR_3	3	30	60	19739
30_PR_1	1	30	60	19765
295_LC_4	4	25	60	19808
366_SA_5	5	26	20	19910
32_SA_1	1	31	90	19951
31_SA_1	1	32	90	19951
367_PR_5	5	27	15	20042
33_LC_1	1	33	150	20106
221_PR_3	3	31	35	20262
296_SA_4	4	26	90	20277
222_PR_3	3	32	60	20392
223_PR_3	3	33	40	20392
224_PR_3	3	34	50	20421
34_LC_1	1	34	80	20432
148_SA_2	2	48	90	20459
368_PR_5	5	28	5	20459
369_SA_5	5	29	120	20493
370_SA_5	5	30	140	20493
225_SA_3	3	35	80	20512
35_SA_1	1	35	105	20512
297_SA_4	4	27	100	20654
36_LC_1	-2	36	60	41326
298_PR_4	4	28	120	20801
150_SA_2	2	49	120	20817
149_SA_2	2	50	235	20817
151_SA_2	-3	51	120	41700
38_PR_1	1	37	80	20893
371_PR_5	5	31	30	20893
37_PR_1	1	38	60	20893
39_LC_1	1	39	90	20962
226_PR_3	3	36	65	21061
372_LC_5	5	32	60	21061
227_LC_3	3	37	120	21072
40_SA_1	1	40	60	21096
228_SA_3	3	38	100	21135
152_LC_2	2	52	1	21146
41_LC_1	1	41	120	21156
42_PR_1	1	42	60	21156
299_LC_4	4	29	60	21178
43_SA_1	1	43	207	21221
300_SA_4	4	30	105	21228
301_SA_4	4	31	75	21323
44_PR_1	1	44	25	21417
153_PR_2	2	53	230	21497
302_SA_4	4	32	90	21607
373_SA_5	5	33	60	21681
154_PR_2	2	54	170	21704
374_PR_5	5	34	105	21704
155_SA_2	2	55	240	21752
375_PR_5	5	35	170	21798
229_SA_3	3	39	60	21865
156_PR_2	2	56	80	21952
45_VI_1	1	45	75	21969
46_SA_1	1	46	90	21987
47_SA_1	1	47	90	21987
230_PR_3	3	40	30	22024
303_LC_4	4	33	60	22084
376_PR_5	5	36	75	22196
304_VI_4	4	34	120	22197
231_SA_3	3	41	80	22197
49_SA_1	1	48	60	22197
306_SA_4	4	35	270	22197
305_PR_4	4	36	25	22197
377_PR_5	5	37	30	22197
157_SA_2	2	57	150	22197
48_SA_1	1	49	60	22197
232_PR_3	3	42	120	22197
307_SA_4	4	37	120	22219
233_SA_3	3	43	40	22237
378_PR_5	5	38	30	22243
234_LC_3	3	44	60	22249
235_LC_3	3	45	120	22337
379_LC_5	5	39	60	22387
50_LC_1	1	50	80	22417
158_PR_2	2	58	85	22419
236_VI_3	3	46	90	22429
308_PR_4	4	38	30	22431
237_PR_3	3	47	70	22431
159_SA_2	2	59	55	22503
51_SA_1	1	51	90	22503
160_PR_2	2	60	60	22536
309_PR_4	4	39	60	22557
310_PR_4	4	40	120	22557
161_LC_2	2	61	180	22563
238_SA_3	3	48	60	22586
162_SA_2	2	62	1	22803
239_SA_3	3	49	180	22882
52_PR_1	1	52	30	22909
240_PR_3	3	50	60	22909
53_NU_1	1	53	90	22991
311_PR_4	4	41	60	22998
241_SA_3	3	51	20	23032
55_LC_1	1	54	60	23074
54_LC_1	1	55	60	23074
312_PR_4	4	42	50	23216
56_LC_1	1	56	150	23231
313_PR_4	4	43	50	23346
163_PR_2	2	63	120	23346
164_NU_2	2	64	90	23425
314_SA_4	4	44	20	23443
380_LC_5	5	40	234	23451
59_SA_1	1	57	60	23457
57_SA_1	1	58	60	23457
58_SA_1	1	59	60	23457
165_SA_2	2	65	120	23460
60_LC_1	1	60	90	23467
167_SA_2	2	66	60	23535
64_SA_1	1	61	10	23535
62_SA_1	1	62	150	23535
61_SA_1	-2	63	30	47070
166_SA_2	-3	67	40	47070
65_SA_1	1	64	30	23535
63_SA_1	1	65	75	23535
381_SA_5	5	41	60	23535
242_LC_3	3	52	40	23566
315_SA_4	4	45	180	23582
316_NU_4	4	46	60	23607
66_PR_1	1	66	75	23629
168_SA_2	-3	68	60	47434
67_SA_1	1	67	60	23744
317_LC_4	4	47	45	23744
243_SA_3	3	53	120	23744
318_SA_4	4	48	240	23744
68_SA_1	1	68	120	23752
69_VI_1	1	69	60	23755
382_PR_5	5	42	30	23755
319_PR_4	4	49	90	23759
71_PR_1	-2	70	520	47644
70_SA_1	1	71	180	23822
170_SA_2	2	69	120	23822
244_SA_3	3	54	80	23822
169_LC_2	-3	70	135	47644
171_PR_2	2	71	65	23911
172_NU_2	2	72	60	23919
321_SA_4	4	50	240	23925
383_SA_5	5	43	240	23925
73_PR_1	1	72	120	23925
72_SA_1	1	73	195	23925
320_SA_4	4	51	120	23925
322_SA_4	4	52	90	23925
245_SA_3	3	55	160	23959
384_SA_5	5	44	240	23959
323_SA_4	4	53	120	23959
246_LC_3	3	56	100	23960
247_SA_3	3	57	90	24034
74_SA_1	1	74	60	24252
75_SA_1	1	75	75	24265
174_SA_2	-3	73	360	48530
173_SA_2	2	74	55	24265
175_SA_2	2	75	90	24265
385_SA_5	5	45	60	24265
248_SA_3	3	58	60	24306
176_SA_2	2	76	90	24429
177_PR_2	2	77	50	24451
249_SA_3	3	59	75	24453
76_SA_1	-2	76	100	49152
250_SA_3	3	60	60	24602
77_SA_1	1	77	120	24602
178_NU_2	2	78	20	24620
324_SA_4	4	54	130	24644
325_PR_4	-5	55	180	49368
386_SA_5	5	46	90	24700
179_PR_2	2	79	100	24705
251_PR_3	3	61	60	24735
180_LC_2	2	80	60	24742
326_SA_4	4	56	1	24802
78_SA_1	1	78	60	24802
79_SA_1	1	79	100	24802
181_LC_2	2	81	120	24802
252_SA_3	3	62	55	24802
387_SA_5	5	47	90	24845
80_SA_1	1	80	90	24859
81_SA_1	1	81	60	24896
388_SA_5	5	48	60	24898
389_SA_5	5	49	90	24954
253_SA_3	3	63	60	24954
82_VI_1	1	82	30	24963
390_LC_5	5	50	180	25102
255_PR_3	3	64	150	25205
254_PR_3	3	65	60	25205
256_PR_3	3	66	90	25217
257_SA_3	3	67	5	25270
258_SA_3	3	68	120	25282
83_SA_1	1	83	240	25282
327_SA_4	4	57	120	25331
84_LC_1	1	84	15	25408
85_PR_1	1	85	70	25408
86_PR_1	1	86	90	25442
259_SA_3	3	69	110	25626
260_SA_3	3	70	120	25653
261_SA_3	3	71	90	25925
87_SA_1	1	87	60	26076
262_SA_3	3	72	120	26076
88_LC_1	1	88	120	26116
328_LC_4	4	58	120	26332
329_LC_4	4	59	90	26332
182_LC_2	2	82	60	26359
183_NU_2	2	83	20	26433
263_SA_3	3	73	60	26454
184_SA_2	2	84	15	26454
185_SA_2	2	85	35	26482
331_SA_4	4	60	160	26482
330_SA_4	4	61	120	26482
264_SA_3	3	74	65	26546
186_PR_2	2	86	120	26788
187_SA_2	2	87	210	26797
89_PR_1	1	89	70	26840
90_SA_1	1	90	90	26861
391_LC_5	5	51	75	26961
393_PR_5	5	52	150	27041
91_PR_1	1	91	120	27041
392_PR_5	5	53	35	27041
188_VI_2	2	88	100	27079
332_PR_4	4	62	120	27086
265_PR_3	-4	75	100	54188
92_SA_1	1	92	60	27136
333_VI_4	4	63	90	27148
394_PR_5	5	54	75	27153
93_SA_1	1	93	90	27539
94_NU_1	1	94	160	27883
95_SA_1	1	95	140	28035
334_SA_4	4	64	30	28149
96_VI_1	1	96	50	28379
98_PR_1	1	97	10	28489
97_PR_1	1	98	20	28489
335_SA_4	4	65	30	28601
266_SA_3	3	76	80	28633
99_SA_1	1	99	75	28727
267_NU_3	3	77	50	28787
336_VI_4	4	66	240	28859
337_PR_4	4	67	1	29316
395_SA_5	5	55	90	29569
338_SA_4	4	68	60	29569
396_SA_5	5	56	60	29695
397_SA_5	5	57	10	29695
268_SA_3	3	78	90	29783
398_NU_5	5	58	150	29811
340_SA_4	4	69	60	29811
339_SA_4	4	70	140	29811
189_PR_2	2	89	80	29811
399_SA_5	5	59	60	29935
190_SA_2	2	90	30	29935
100_PR_1	1	100	60	30511
269_SA_3	3	79	40	30851
400_PR_5	5	60	45	30860
270_PR_3	3	80	75	30860
