#Nombre	DiaAten	ModelId		T.Servicio	Penalty
191_PR_3	3	1	60	16180
101_PR_2	2	1	60	16180
1_PR_1	-2	1	90	34374
341_SA_5	5	1	70	17309
102_SA_2	2	2	120	17684
2_SA_1	1	2	90	17703
103_SA_2	2	3	120	17837
104_LC_2	2	4	120	18033
271_PR_4	4	1	60	18163
105_LC_2	2	5	200	18287
342_PR_5	-6	2	60	36664
192_PR_3	-4	2	130	36792
193_LC_3	3	3	70	18524
272_LC_4	4	2	130	18548
273_LC_4	4	3	90	18557
343_LC_5	-6	3	45	37230
274_SA_4	4	4	60	18646
3_SA_1	1	3	75	18652
106_NU_2	2	6	75	18732
107_PR_2	2	7	30	18807
344_LC_5	5	4	120	18821
108_LC_2	2	8	10	18821
345_SA_5	-6	5	150	37668
194_PR_3	3	4	20	18993
4_LC_1	1	4	120	19011
195_SA_3	-4	5	150	38110
5_SA_1	1	5	90	19056
197_SA_3	3	6	120	19056
346_LC_5	5	6	70	19056
199_SA_3	3	7	80	19056
196_PR_3	3	8	45	19056
198_SA_3	3	9	60	19056
6_SA_1	1	6	30	19098
200_SA_3	3	10	60	19098
201_LC_3	-4	11	270	38196
347_SA_5	5	7	20	19110
7_SA_1	1	7	290	19142
202_SA_3	3	12	180	19142
8_SA_1	1	8	60	19142
110_SA_2	2	9	120	19142
111_SA_2	2	10	120	19142
112_SA_2	2	11	60	19142
109_SA_2	2	12	110	19142
114_SA_2	2	13	60	19142
113_SA_2	2	14	60	19142
203_SA_3	3	13	45	19142
115_PR_2	2	15	90	19183
348_SA_5	5	8	60	19241
349_SA_5	5	9	15	19241
9_SA_1	1	9	360	19293
10_SA_1	1	10	60	19293
13_SA_1	1	11	60	19293
14_SA_1	1	12	90	19293
350_SA_5	5	10	180	19293
12_SA_1	1	13	75	19293
204_SA_3	3	14	80	19293
205_SA_3	3	15	60	19293
352_PR_5	5	11	70	19293
11_SA_1	1	14	120	19293
275_SA_4	4	5	90	19293
276_SA_4	4	6	60	19293
277_SA_4	-5	7	120	38586
120_SA_2	-3	16	55	38586
279_SA_4	4	8	300	19293
280_NU_4	4	9	60	19293
119_SA_2	2	17	60	19293
124_SA_2	2	18	30	19293
121_LC_2	2	19	45	19293
122_SA_2	2	20	50	19293
351_SA_5	5	12	60	19293
118_SA_2	2	21	120	19293
278_PR_4	4	10	150	19293
116_SA_2	2	22	60	19293
117_SA_2	2	23	140	19293
123_SA_2	2	24	50	19293
15_SA_1	1	15	240	19319
125_SA_2	2	25	60	19398
281_PR_4	4	11	70	19398
282_LC_4	4	12	90	19451
127_PR_2	2	26	80	19458
206_PR_3	3	16	35	19458
126_PR_2	2	27	180	19458
353_SA_5	5	13	5	19514
354_PR_5	5	14	30	19572
16_SA_1	1	16	110	19674
207_SA_3	3	17	50	19674
128_SA_2	2	28	120	19683
17_NU_1	1	17	180	19689
129_NU_2	2	29	120	19689
283_SA_4	4	13	180	19719
355_LC_5	5	15	150	19783
130_SA_2	2	30	90	19783
356_SA_5	-6	16	150	39736
131_PR_2	2	31	215	19899
18_SA_1	1	18	90	20007
208_SA_3	3	18	90	20007
209_SA_3	3	19	45	20007
132_SA_2	2	32	20	20007
19_SA_1	1	19	180	20038
210_SA_3	3	20	180	20038
284_SA_4	4	14	240	20038
134_SA_2	2	33	60	20053
133_SA_2	2	34	90	20053
357_SA_5	5	17	60	20053
285_SA_4	4	15	60	20076
135_SA_2	2	35	60	20120
20_SA_1	1	20	60	20120
136_LC_2	2	36	30	20125
286_PR_4	4	16	60	20162
360_LC_5	5	18	10	20162
358_PR_5	5	19	70	20162
137_PR_2	2	37	150	20162
359_LC_5	5	20	10	20162
361_SA_5	5	21	10	20162
21_NU_1	-2	21	90	40354
211_NU_3	3	21	40	20177
362_PR_5	5	22	240	20231
22_PR_1	1	22	60	20236
213_LC_3	3	22	90	20236
139_PR_2	2	38	60	20236
140_SA_2	2	39	50	20236
288_SA_4	4	17	60	20236
287_PR_4	4	18	90	20236
212_SA_3	3	23	40	20236
138_VI_2	2	40	90	20236
363_VI_5	5	23	10	20239
214_VI_3	3	24	25	20239
215_PR_3	3	25	45	20260
23_SA_1	-2	23	90	40540
24_PR_1	1	24	100	20281
289_LC_4	4	19	110	20288
25_PR_1	1	25	90	20299
141_NU_2	2	41	150	20299
26_NU_1	-2	26	420	40598
27_LC_1	1	27	180	20301
216_SA_3	3	26	80	20303
28_SA_1	1	28	30	20318
29_SA_1	1	29	60	20363
364_PR_5	5	24	1	20365
217_SA_3	3	27	150	20397
365_SA_5	5	25	120	20397
290_SA_4	4	20	60	20397
291_SA_4	4	21	150	20406
292_PR_4	4	22	50	20455
293_PR_4	4	23	165	20455
294_SA_4	4	24	90	20459
142_LC_2	2	42	50	20489
218_SA_3	3	28	120	20534
219_SA_3	-4	29	90	41068
143_SA_2	2	43	180	20534
144_SA_2	2	44	90	20591
145_LC_2	2	45	60	20601
146_SA_2	2	46	165	20601
147_LC_2	2	47	30	20601
220_PR_3	3	30	60	20601
30_PR_1	1	30	60	20622
295_LC_4	4	25	60	20626
366_SA_5	5	26	20	20663
32_SA_1	1	31	90	20690
31_SA_1	1	32	90	20690
367_PR_5	5	27	15	20722
33_LC_1	-2	33	150	41506
221_PR_3	3	31	35	20765
296_SA_4	4	26	90	20768
222_PR_3	3	32	60	20792
223_PR_3	3	33	40	20821
224_PR_3	3	34	50	20876
34_LC_1	1	34	80	20890
148_SA_2	-3	48	90	41792
368_PR_5	5	28	5	20897
369_SA_5	5	29	120	20911
370_SA_5	5	30	140	20911
225_SA_3	3	35	80	20920
35_SA_1	1	35	105	20920
297_SA_4	4	27	100	20924
36_LC_1	1	36	60	20943
298_PR_4	4	28	120	20950
150_SA_2	2	49	120	20953
149_SA_2	2	50	235	20953
151_SA_2	2	51	120	20960
38_PR_1	1	37	80	21005
371_PR_5	5	31	30	21005
37_PR_1	1	38	60	21005
39_LC_1	1	39	90	21055
226_PR_3	3	36	65	21056
372_LC_5	5	32	60	21060
227_LC_3	3	37	120	21091
40_SA_1	1	40	60	21141
228_SA_3	3	38	100	21157
152_LC_2	2	52	1	21216
41_LC_1	1	41	120	21220
42_PR_1	1	42	60	21220
299_LC_4	4	29	60	21221
43_SA_1	1	43	207	21244
300_SA_4	4	30	105	21248
301_SA_4	4	31	75	21248
44_PR_1	1	44	25	21260
153_PR_2	2	53	230	21266
302_SA_4	4	32	90	21290
373_SA_5	5	33	60	21310
154_PR_2	2	54	170	21310
374_PR_5	5	34	105	21310
155_SA_2	2	55	240	21359
375_PR_5	5	35	170	21379
229_SA_3	3	39	60	21385
156_PR_2	2	56	80	21389
45_VI_1	1	45	75	21434
46_SA_1	1	46	90	21442
47_SA_1	1	47	90	21442
230_PR_3	3	40	30	21471
303_LC_4	4	33	60	21472
376_PR_5	5	36	75	21477
304_VI_4	-5	34	120	42958
231_SA_3	3	41	80	21479
49_SA_1	1	48	60	21479
306_SA_4	4	35	270	21479
305_PR_4	4	36	25	21479
377_PR_5	5	37	30	21479
157_SA_2	2	57	150	21479
48_SA_1	1	49	60	21479
232_PR_3	3	42	120	21479
307_SA_4	4	37	120	21484
233_SA_3	3	43	40	21503
378_PR_5	5	38	30	21504
234_LC_3	3	44	60	21515
235_LC_3	3	45	120	21519
379_LC_5	5	39	60	21525
50_LC_1	1	50	80	21560
158_PR_2	2	58	85	21565
236_VI_3	3	46	90	21571
308_PR_4	4	38	30	21588
237_PR_3	3	47	70	21588
159_SA_2	2	59	55	21602
51_SA_1	1	51	90	21602
160_PR_2	2	60	60	21605
309_PR_4	4	39	60	21638
310_PR_4	4	40	120	21638
161_LC_2	2	61	180	21661
238_SA_3	3	48	60	21691
162_SA_2	2	62	1	21730
239_SA_3	3	49	180	21761
52_PR_1	1	52	30	21762
240_PR_3	3	50	60	21762
53_NU_1	1	53	90	21830
311_PR_4	4	41	60	21934
241_SA_3	3	51	20	21944
55_LC_1	1	54	60	22000
54_LC_1	1	55	60	22000
312_PR_4	4	42	50	22012
56_LC_1	1	56	150	22030
313_PR_4	4	43	50	22053
163_PR_2	2	63	120	22053
164_NU_2	2	64	90	22080
314_SA_4	4	44	20	22088
380_LC_5	5	40	234	22176
59_SA_1	1	57	60	22185
57_SA_1	1	58	60	22185
58_SA_1	1	59	60	22185
165_SA_2	2	65	120	22239
60_LC_1	1	60	90	22272
167_SA_2	2	66	60	22324
64_SA_1	1	61	10	22324
62_SA_1	1	62	150	22324
61_SA_1	1	63	30	22324
166_SA_2	2	67	40	22324
65_SA_1	1	64	30	22324
63_SA_1	1	65	75	22324
381_SA_5	5	41	60	22324
242_LC_3	3	52	40	22331
315_SA_4	4	45	180	22350
316_NU_4	4	46	60	22402
66_PR_1	1	66	75	22414
168_SA_2	2	68	60	22446
67_SA_1	1	67	60	22454
317_LC_4	4	47	45	22459
243_SA_3	3	53	120	22477
318_SA_4	4	48	240	22477
68_SA_1	1	68	120	22486
69_VI_1	1	69	60	22503
382_PR_5	5	42	30	22508
319_PR_4	4	49	90	22522
71_PR_1	1	70	520	22528
70_SA_1	1	71	180	22528
170_SA_2	2	69	120	22528
244_SA_3	3	54	80	22528
169_LC_2	2	70	135	22528
171_PR_2	2	71	65	22538
172_NU_2	2	72	60	22595
321_SA_4	4	50	240	22610
383_SA_5	5	43	240	22610
73_PR_1	1	72	120	22610
72_SA_1	1	73	195	22610
320_SA_4	4	51	120	22610
322_SA_4	4	52	90	22610
245_SA_3	3	55	160	22652
384_SA_5	5	44	240	22652
323_SA_4	4	53	120	22652
246_LC_3	3	56	100	22679
247_SA_3	3	57	90	22694
74_SA_1	1	74	60	22730
75_SA_1	1	75	75	22755
174_SA_2	-3	73	360	45510
173_SA_2	2	74	55	22755
175_SA_2	2	75	90	22755
385_SA_5	5	45	60	22755
248_SA_3	3	58	60	22779
176_SA_2	2	76	90	22801
177_PR_2	2	77	50	22836
249_SA_3	3	59	75	22841
76_SA_1	1	76	100	22846
250_SA_3	3	60	60	22866
77_SA_1	1	77	120	22866
178_NU_2	2	78	20	22868
324_SA_4	4	54	130	22880
325_PR_4	4	55	180	22922
386_SA_5	5	46	90	22922
179_PR_2	2	79	100	22960
251_PR_3	3	61	60	22981
180_LC_2	2	80	60	23033
326_SA_4	4	56	1	23090
78_SA_1	1	78	60	23090
79_SA_1	1	79	100	23090
181_LC_2	-3	81	120	46180
252_SA_3	3	62	55	23090
387_SA_5	5	47	90	23142
80_SA_1	1	80	90	23159
81_SA_1	1	81	60	23167
388_SA_5	5	48	60	23183
389_SA_5	5	49	90	23196
253_SA_3	3	63	60	23196
82_VI_1	1	82	30	23205
390_LC_5	5	50	180	23255
255_PR_3	3	64	150	23313
254_PR_3	3	65	60	23313
256_PR_3	3	66	90	23325
257_SA_3	3	67	5	23357
258_SA_3	3	68	120	23370
83_SA_1	1	83	240	23370
327_SA_4	4	57	120	23449
84_LC_1	1	84	15	23470
85_PR_1	1	85	70	23590
86_PR_1	1	86	90	23602
259_SA_3	3	69	110	23658
260_SA_3	3	70	120	23679
261_SA_3	3	71	90	23738
87_SA_1	1	87	60	23833
262_SA_3	3	72	120	23833
88_LC_1	1	88	120	23843
328_LC_4	4	58	120	23872
329_LC_4	4	59	90	23872
182_LC_2	2	82	60	23937
183_NU_2	2	83	20	23953
263_SA_3	3	73	60	24012
184_SA_2	2	84	15	24012
185_SA_2	2	85	35	24023
331_SA_4	4	60	160	24023
330_SA_4	4	61	120	24023
264_SA_3	3	74	65	24104
186_PR_2	-3	86	120	48224
187_SA_2	2	87	210	24172
89_PR_1	1	89	70	24258
90_SA_1	1	90	90	24264
391_LC_5	5	51	75	24297
393_PR_5	5	52	150	24301
91_PR_1	1	91	120	24301
392_PR_5	5	53	35	24301
188_VI_2	2	88	100	24373
332_PR_4	4	62	120	24373
265_PR_3	3	75	100	24705
92_SA_1	1	92	60	24743
333_VI_4	4	63	90	24926
394_PR_5	5	54	75	24928
93_SA_1	1	93	90	24948
94_NU_1	1	94	160	25007
95_SA_1	1	95	140	25009
334_SA_4	4	64	30	25125
96_VI_1	1	96	50	25145
98_PR_1	1	97	10	25314
97_PR_1	1	98	20	25314
335_SA_4	4	65	30	25314
266_SA_3	3	76	80	25336
99_SA_1	1	99	75	25557
267_NU_3	3	77	50	25574
336_VI_4	4	66	240	25775
337_PR_4	4	67	1	25868
395_SA_5	5	55	90	26040
338_SA_4	4	68	60	26040
396_SA_5	5	56	60	26331
397_SA_5	5	57	10	26331
268_SA_3	3	78	90	26582
398_NU_5	5	58	150	26613
340_SA_4	4	69	60	26613
339_SA_4	4	70	140	26613
189_PR_2	2	89	80	26613
399_SA_5	5	59	60	26842
190_SA_2	2	90	30	26842
100_PR_1	1	100	60	26932
269_SA_3	3	79	40	27207
400_PR_5	5	60	45	27463
270_PR_3	3	80	75	27728
