Iter 88
MasterProb = 177256

s [*] :=
1  21
2   3
3  87
4   1
5  84
;

SubProb = -67308.3
d = 33

distanceCost*(sum{l in 1 .. Lcap - 1} t[l]) = 4565

Iter 89
MasterProb = 125013

s [*] :=
1  63
2  83
3  43
4  15
5  87
;

SubProb = -58786.6
d = 0

distanceCost*(sum{l in 1 .. Lcap - 1} t[l]) = 3520

Iter 90
MasterProb = 119579

s [*] :=
1  13
2  21
3  78
4  86
5  83
;

SubProb = -54812.4
d = 123

distanceCost*(sum{l in 1 .. Lcap - 1} t[l]) = 4290

Iter 91
MasterProb = 98247.2

s [*] :=
1  86
2  85
3  88
4  89
5  90
;

SubProb = -42348
d = 0

distanceCost*(sum{l in 1 .. Lcap - 1} t[l]) = 880

Iter 92
MasterProb = 79051.2

s [*] :=
1   3
2   1
3   2
4  81
5  85
;

SubProb = -41631.5
d = 215

distanceCost*(sum{l in 1 .. Lcap - 1} t[l]) = 4125

Iter 93
MasterProb = 72022.1

s [*] :=
1   1
2  82
3   3
4  21
5   4
;

SubProb = -27828.8
d = 0

distanceCost*(sum{l in 1 .. Lcap - 1} t[l]) = 3300

Iter 94
MasterProb = 68795.1

s [*] :=
1  81
2  82
3  88
4  89
5  90
;

SubProb = -20319.7
d = 0

distanceCost*(sum{l in 1 .. Lcap - 1} t[l]) = 605

Iter 95
MasterProb = 58888.4

s [*] :=
1  84
2  83
3  88
4  89
5  90
;

SubProb = -5081.19
d = 0

distanceCost*(sum{l in 1 .. Lcap - 1} t[l]) = 1155

Iter 96
MasterProb = 58367.2

s [*] :=
1  11
2  81
3  88
4  89
5  90
;

SubProb = -4410.95
d = 0

distanceCost*(sum{l in 1 .. Lcap - 1} t[l]) = 605

Iter 97
MasterProb = 57781.3

s [*] :=
1  84
2  82
3  88
4  89
5  90
;

SubProb = -4109.11
d = 0

distanceCost*(sum{l in 1 .. Lcap - 1} t[l]) = 935

Iter 98
MasterProb = 55273.7

s [*] :=
1  87
2  85
3  88
4  89
5  90
;

SubProb = -2897.97
d = 0

distanceCost*(sum{l in 1 .. Lcap - 1} t[l]) = 880

Iter 99
MasterProb = 55273.7

s [*] :=
1  62
2  13
3  49
4  87
5  41
;

SubProb = -2950
d = 0

distanceCost*(sum{l in 1 .. Lcap - 1} t[l]) = 3520

Iter 100
MasterProb = 54645.5

s [*] :=
1  85
2  83
3  88
4  89
5  90
;

SubProb = -1964.35
d = 0

distanceCost*(sum{l in 1 .. Lcap - 1} t[l]) = 880

Iter 101
MasterProb = 54645.5

s [*] :=
1  82
2  83
3  71
4  88
5  89
;

SubProb = -2197.82
d = 0

distanceCost*(sum{l in 1 .. Lcap - 1} t[l]) = 2475

Iter 102
MasterProb = 54488.7

s [*] :=
1  37
2  11
3  88
4  89
5  90
;

SubProb = -198.875
d = 0

distanceCost*(sum{l in 1 .. Lcap - 1} t[l]) = 605

Iter 103
MasterProb = 54488.7

s [*] :=
1   2
2  73
3   6
4   1
5  31
;

SubProb = 138.053
d = 0

distanceCost*(sum{l in 1 .. Lcap - 1} t[l]) = 3850

Problema Entero
MasterProb = 108198

fo1 = 66905
fo2 = 41293

x[j] [*] :=
 69  1
114  1
190  1
210  1
235  1
248  1
267  1
285  1
295  1
318  1
386  1
421  1
430  1
478  1
518  1
542  1
551  1
554  1
559  1
564  1
;

aa[i,j] [*,*]
:   69 114 190 210 235 248 267 285 295 318 386 421 430 478 518 542 551 554 559 :=
1    0   0   0   0   0   0   0   0   0   0   0   0   0   0   0   0   1   0   0
2    0   0   1   0   0   0   0   0   0   0   0   0   0   0   0   0   0   0   0
3    0   0   0   0   0   0   0   0   0   0   0   0   0   0   0   0   1   0   0
4    0   0   1   0   0   0   0   0   0   0   0   0   0   0   0   0   0   0   0
5    0   0   0   0   0   0   0   0   0   0   0   0   0   1   0   0   0   0   0
6    0   0   0   0   0   0   0   0   0   0   1   0   0   0   0   0   0   0   0
7    0   0   0   0   0   0   0   0   0   1   0   0   0   0   0   0   0   0   0
8    0   0   0   0   0   0   0   1   0   0   0   0   0   0   0   0   0   0   0
9    0   0   0   0   0   0   0   0   0   0   0   0   0   0   0   0   0   0   0
10   0   0   0   0   0   0   0   0   0   0   0   0   0   0   1   0   0   0   0
11   0   0   0   0   0   0   0   0   0   0   0   0   0   0   0   0   0   0   1
12   0   0   0   0   0   0   0   0   0   1   0   0   0   0   0   0   0   0   0
13   0   0   0   0   0   1   0   0   0   0   0   0   0   0   0   0   0   0   0
14   0   0   0   0   0   0   0   0   0   0   0   0   0   0   1   0   0   0   0
15   0   0   1   0   0   0   0   0   0   0   0   0   0   0   0   0   0   0   0
16   0   0   0   0   0   0   0   0   0   0   0   0   0   0   1   0   0   0   0
17   0   0   0   0   0   0   0   0   0   0   0   0   0   1   0   0   0   0   0
18   0   1   0   0   0   0   0   0   0   0   0   0   0   0   0   0   0   0   0
19   0   0   0   0   0   0   0   0   0   0   0   0   1   0   0   0   0   0   0
20   0   1   0   0   0   0   0   0   0   0   0   0   0   0   0   0   0   0   0
21   0   0   0   0   0   0   0   0   0   0   0   0   0   0   0   0   1   0   0
22   0   0   0   0   0   0   0   0   0   0   0   0   1   0   0   0   0   0   0
23   0   0   0   0   0   0   0   1   0   0   0   0   0   0   0   0   0   0   0
24   0   0   0   0   0   0   0   0   0   0   0   0   1   0   0   0   0   0   0
25   0   0   0   0   1   0   0   0   0   0   0   0   0   0   0   0   0   0   0
26   0   0   0   0   0   0   1   0   0   0   0   0   0   0   0   0   0   0   0
27   0   0   0   0   0   0   0   0   0   0   0   0   0   0   1   0   0   0   0
28   0   0   0   0   1   0   0   0   0   0   0   0   0   0   0   0   0   0   0
29   0   0   0   0   0   0   0   0   0   0   1   0   0   0   0   0   0   0   0
30   0   0   0   1   0   0   0   0   0   0   0   0   0   0   0   0   0   0   0
31   0   0   0   0   0   0   0   0   0   1   0   0   0   0   0   0   0   0   0
32   0   0   0   0   0   0   0   0   1   0   0   0   0   0   0   0   0   0   0
33   0   0   0   0   0   0   0   0   0   0   0   0   0   0   0   0   0   0   0
34   0   0   0   1   0   0   0   0   0   0   0   0   0   0   0   0   0   0   0
35   0   1   0   0   0   0   0   0   0   0   0   0   0   0   0   0   0   0   0
36   0   0   1   0   0   0   0   0   0   0   0   0   0   0   0   0   0   0   0
37   0   0   0   0   1   0   0   0   0   0   0   0   0   0   0   0   0   0   0
38   0   0   0   0   0   0   0   0   0   0   0   1   0   0   0   0   0   0   0
39   0   0   0   0   0   0   1   0   0   0   0   0   0   0   0   0   0   0   0
40   0   0   0   0   0   0   0   0   0   0   0   1   0   0   0   0   0   0   0
41   0   0   0   0   0   1   0   0   0   0   0   0   0   0   0   0   0   0   0
42   0   0   1   0   0   0   0   0   0   0   0   0   0   0   0   0   0   0   0
43   0   0   0   0   0   0   0   0   0   0   0   0   0   1   0   0   0   0   0
44   0   0   0   0   1   0   0   0   0   0   0   0   0   0   0   0   0   0   0
45   0   0   0   0   0   0   0   0   0   0   0   0   1   0   0   0   0   0   0
46   0   0   0   0   0   0   0   0   0   0   0   0   1   0   0   0   0   0   0
47   0   0   0   0   0   0   0   0   0   1   0   0   0   0   0   0   0   0   0
48   0   1   0   0   0   0   0   0   0   0   0   0   0   0   0   0   0   0   0
49   0   0   0   1   0   0   0   0   0   0   0   0   0   0   0   0   0   0   0
50   0   0   0   0   0   0   0   0   1   0   0   0   0   0   0   0   0   0   0
51   0   0   0   1   0   0   0   0   0   0   0   0   0   0   0   0   0   0   0
52   0   0   0   0   0   0   0   0   0   1   0   0   0   0   0   0   0   0   0
53   0   0   0   0   0   1   0   0   0   0   0   0   0   0   0   0   0   0   0
54   0   0   0   0   0   0   0   0   0   0   1   0   0   0   0   0   0   0   0
55   0   0   0   0   0   0   0   1   0   0   0   0   0   0   0   0   0   0   0
56   0   0   0   0   0   0   0   0   1   0   0   0   0   0   0   0   0   0   0
57   0   0   0   0   0   0   1   0   0   0   0   0   0   0   0   0   0   0   0
58   0   0   0   0   1   0   0   0   0   0   0   0   0   0   0   0   0   0   0
59   0   0   0   0   0   1   0   0   0   0   0   0   0   0   0   0   0   0   0
60   0   0   0   0   0   0   0   1   0   0   0   0   0   0   0   0   0   0   0
61   0   0   0   0   0   0   0   0   1   0   0   0   0   0   0   0   0   0   0
62   0   0   0   0   0   0   0   0   0   0   0   0   0   1   0   0   0   0   0
63   0   0   0   0   0   0   1   0   0   0   0   0   0   0   0   0   0   0   0
64   0   0   0   0   0   0   0   0   1   0   0   0   0   0   0   0   0   0   0
65   0   0   0   0   0   0   0   0   0   0   0   0   0   0   0   1   0   0   0
66   0   0   0   0   0   0   0   0   0   0   0   0   0   0   0   1   0   0   0
67   0   0   0   0   0   0   0   0   0   0   1   0   0   0   0   0   0   0   0
68   0   0   0   0   0   0   1   0   0   0   0   0   0   0   0   0   0   0   0
69   1   0   0   0   0   0   0   0   0   0   0   0   0   0   0   0   0   0   0
70   0   0   0   0   0   0   0   0   0   0   0   0   0   1   0   0   0   0   0
71   0   0   0   0   0   0   0   0   0   0   0   0   0   0   0   0   0   0   0
72   0   0   0   0   0   0   0   1   0   0   0   0   0   0   0   0   0   0   0
73   0   0   0   1   0   0   0   0   0   0   0   0   0   0   0   0   0   0   0
74   0   0   0   0   0   0   0   0   0   0   0   1   0   0   0   0   0   0   0
75   0   0   0   0   0   0   0   0   0   0   0   1   0   0   0   0   0   0   0
76   0   0   0   0   0   1   0   0   0   0   0   0   0   0   0   0   0   0   0
77   0   0   0   0   0   0   0   0   0   0   0   0   0   0   1   0   0   0   0
78   0   0   0   0   0   0   0   0   0   0   1   0   0   0   0   0   0   0   0
79   0   1   0   0   0   0   0   0   0   0   0   0   0   0   0   0   0   0   0
80   0   0   0   0   0   0   0   0   0   0   0   1   0   0   0   0   0   0   0
81   0   0   0   0   0   0   0   0   0   0   0   0   0   0   0   0   0   0   1
82   0   0   0   0   0   0   0   0   0   0   0   0   0   0   0   0   0   0   0
83   0   0   0   0   0   0   0   0   0   0   0   0   0   0   0   0   0   0   0
84   0   0   0   0   0   0   0   0   0   0   0   0   0   0   0   0   1   0   0
85   0   0   0   0   0   0   0   0   0   0   0   0   0   0   0   0   0   1   0
86   0   0   0   0   0   0   0   0   0   0   0   0   0   0   0   0   0   1   0
87   0   0   0   0   0   0   0   0   0   0   0   0   0   0   0   0   1   0   0

:  564    :=
1    0
2    0
3    0
4    0
5    0
6    0
7    0
8    0
9    0
10   0
11   0
12   0
13   0
14   0
15   0
16   0
17   0
18   0
19   0
20   0
21   0
22   0
23   0
24   0
25   0
26   0
27   0
28   0
29   0
30   0
31   0
32   0
33   0
34   0
35   0
36   0
37   0
38   0
39   0
40   0
41   0
42   0
43   0
44   0
45   0
46   0
47   0
48   0
49   0
50   0
51   0
52   0
53   0
54   0
55   0
56   0
57   0
58   0
59   0
60   0
61   0
62   0
63   0
64   0
65   0
66   0
67   0
68   0
69   0
70   0
71   1
72   0
73   0
74   0
75   0
76   0
77   0
78   0
79   0
80   0
81   0
82   1
83   1
84   0
85   0
86   0
87   0
;

vi[i] [*] :=
 9  1
33  1
;

:   x[i]   c[i] travel[i] delay[i]    :=
69    1       0       0         0
114   1    6240    3520      2720
190   1    3135    3135         0
210   1    4070    4070         0
235   1    3575    3575         0
248   1    3520    3520         0
267   1    3520    3520         0
285   1    5590    4070      1520
295   1    3155    2915       240
318   1    3630    3630         0
386   1    3520    3520         0
421   1    3355    3355         0
430   1    4730    4730         0
478   1    3520    3520         0
518   1    3520    3520         0
542   1     660     660         0
551   1    7205    4565      2640
554   1     880     880         0
559   1     605     605         0
564   1    2475    2475         0
;

