#Nombre	DiaAten	ModelId		T.Servicio	Penalty
191_PR_3	3	1	60	18214
101_PR_2	2	1	60	18214
1_PR_1	-2	1	90	37284
341_SA_5	5	1	70	18822
102_SA_2	2	2	120	18838
2_SA_1	-2	2	90	38066
103_SA_2	2	3	120	19262
104_LC_2	-3	4	120	38550
271_PR_4	4	1	60	19338
105_LC_2	-3	5	200	38738
342_PR_5	5	2	60	19438
192_PR_3	3	2	130	19459
193_LC_3	3	3	70	19508
272_LC_4	4	2	130	19517
273_LC_4	4	3	90	19649
343_LC_5	5	3	45	19721
274_SA_4	4	4	60	19878
3_SA_1	1	3	75	19990
106_NU_2	2	6	75	20002
107_PR_2	2	7	30	20064
344_LC_5	5	4	120	20074
108_LC_2	2	8	10	20074
345_SA_5	5	5	150	20094
194_PR_3	3	4	20	20098
4_LC_1	1	4	120	20100
195_SA_3	3	5	150	20123
5_SA_1	1	5	90	20124
197_SA_3	3	6	120	20124
346_LC_5	5	6	70	20124
199_SA_3	3	7	80	20124
196_PR_3	3	8	45	20124
198_SA_3	-4	9	60	40248
6_SA_1	1	6	30	20130
200_SA_3	3	10	60	20130
201_LC_3	3	11	270	20130
347_SA_5	5	7	20	20143
7_SA_1	1	7	290	20166
202_SA_3	3	12	180	20166
8_SA_1	1	8	60	20166
110_SA_2	2	9	120	20166
111_SA_2	2	10	120	20166
112_SA_2	2	11	60	20166
109_SA_2	2	12	110	20166
114_SA_2	2	13	60	20166
113_SA_2	2	14	60	20166
203_SA_3	3	13	45	20166
115_PR_2	2	15	90	20193
348_SA_5	5	8	60	20217
349_SA_5	5	9	15	20217
9_SA_1	1	9	360	20244
10_SA_1	1	10	60	20244
13_SA_1	1	11	60	20244
14_SA_1	1	12	90	20244
350_SA_5	5	10	180	20244
12_SA_1	1	13	75	20244
204_SA_3	3	14	80	20244
205_SA_3	3	15	60	20244
352_PR_5	5	11	70	20244
11_SA_1	-2	14	120	40488
275_SA_4	4	5	90	20244
276_SA_4	4	6	60	20244
277_SA_4	4	7	120	20244
120_SA_2	2	16	55	20244
279_SA_4	4	8	300	20244
280_NU_4	4	9	60	20244
119_SA_2	2	17	60	20244
124_SA_2	2	18	30	20244
121_LC_2	2	19	45	20244
122_SA_2	2	20	50	20244
351_SA_5	5	12	60	20244
118_SA_2	2	21	120	20244
278_PR_4	4	10	150	20244
116_SA_2	2	22	60	20244
117_SA_2	-3	23	140	40488
123_SA_2	2	24	50	20244
15_SA_1	-2	15	240	40604
125_SA_2	2	25	60	20306
281_PR_4	4	11	70	20306
282_LC_4	4	12	90	20377
127_PR_2	2	26	80	20454
206_PR_3	3	16	35	20454
126_PR_2	2	27	180	20454
353_SA_5	5	13	5	20466
354_PR_5	5	14	30	20472
16_SA_1	1	16	110	20496
207_SA_3	3	17	50	20496
128_SA_2	2	28	120	20536
17_NU_1	1	17	180	20545
129_NU_2	2	29	120	20545
283_SA_4	4	13	180	20561
355_LC_5	5	15	150	20598
130_SA_2	2	30	90	20598
356_SA_5	5	16	150	20608
131_PR_2	2	31	215	20613
18_SA_1	1	18	90	20645
208_SA_3	3	18	90	20645
209_SA_3	3	19	45	20645
132_SA_2	2	32	20	20645
19_SA_1	1	19	180	20692
210_SA_3	3	20	180	20692
284_SA_4	4	14	240	20692
134_SA_2	2	33	60	20721
133_SA_2	2	34	90	20721
357_SA_5	5	17	60	20721
285_SA_4	4	15	60	20731
135_SA_2	2	35	60	20733
20_SA_1	1	20	60	20733
136_LC_2	2	36	30	20742
286_PR_4	4	16	60	20762
360_LC_5	5	18	10	20762
358_PR_5	5	19	70	20762
137_PR_2	2	37	150	20762
359_LC_5	5	20	10	20762
361_SA_5	5	21	10	20762
21_NU_1	1	21	90	20769
211_NU_3	3	21	40	20769
362_PR_5	5	22	240	20770
22_PR_1	1	22	60	20776
213_LC_3	3	22	90	20776
139_PR_2	2	38	60	20776
140_SA_2	2	39	50	20776
288_SA_4	4	17	60	20776
287_PR_4	4	18	90	20776
212_SA_3	3	23	40	20776
138_VI_2	2	40	90	20776
363_VI_5	5	23	10	20788
214_VI_3	3	24	25	20788
215_PR_3	3	25	45	20790
23_SA_1	1	23	90	20791
24_PR_1	1	24	100	20799
289_LC_4	4	19	110	20805
25_PR_1	-2	25	90	41612
141_NU_2	2	41	150	20826
26_NU_1	-2	26	420	41652
27_LC_1	1	27	180	20852
216_SA_3	3	26	80	20914
28_SA_1	1	28	30	20917
29_SA_1	1	29	60	20918
364_PR_5	5	24	1	20922
217_SA_3	3	27	150	20924
365_SA_5	5	25	120	20924
290_SA_4	4	20	60	20924
291_SA_4	4	21	150	20955
292_PR_4	4	22	50	20959
293_PR_4	4	23	165	20959
294_SA_4	4	24	90	20960
142_LC_2	2	42	50	20966
218_SA_3	3	28	120	20986
219_SA_3	3	29	90	20986
143_SA_2	2	43	180	20986
144_SA_2	2	44	90	20991
145_LC_2	2	45	60	21022
146_SA_2	2	46	165	21022
147_LC_2	2	47	30	21022
220_PR_3	3	30	60	21022
30_PR_1	1	30	60	21043
295_LC_4	4	25	60	21058
366_SA_5	5	26	20	21069
32_SA_1	1	31	90	21087
31_SA_1	1	32	90	21087
367_PR_5	5	27	15	21140
33_LC_1	1	33	150	21150
221_PR_3	3	31	35	21159
296_SA_4	4	26	90	21163
222_PR_3	3	32	60	21169
223_PR_3	-4	33	40	42338
224_PR_3	3	34	50	21191
34_LC_1	1	34	80	21283
148_SA_2	2	48	90	21303
368_PR_5	5	28	5	21308
369_SA_5	5	29	120	21321
370_SA_5	5	30	140	21321
225_SA_3	3	35	80	21324
35_SA_1	1	35	105	21324
297_SA_4	4	27	100	21349
36_LC_1	-2	36	60	42722
298_PR_4	4	28	120	21368
150_SA_2	2	49	120	21370
149_SA_2	2	50	235	21370
151_SA_2	2	51	120	21382
38_PR_1	1	37	80	21384
371_PR_5	5	31	30	21384
37_PR_1	1	38	60	21384
39_LC_1	1	39	90	21404
226_PR_3	3	36	65	21405
372_LC_5	5	32	60	21416
227_LC_3	3	37	120	21427
40_SA_1	1	40	60	21441
228_SA_3	3	38	100	21509
152_LC_2	2	52	1	21520
41_LC_1	1	41	120	21529
42_PR_1	1	42	60	21529
299_LC_4	4	29	60	21535
43_SA_1	1	43	207	21541
300_SA_4	4	30	105	21564
301_SA_4	4	31	75	21572
44_PR_1	1	44	25	21575
153_PR_2	-3	53	230	43150
302_SA_4	4	32	90	21580
373_SA_5	5	33	60	21582
154_PR_2	2	54	170	21594
374_PR_5	5	34	105	21594
155_SA_2	-3	55	240	43228
375_PR_5	5	35	170	21616
229_SA_3	3	39	60	21623
156_PR_2	2	56	80	21635
45_VI_1	1	45	75	21639
46_SA_1	1	46	90	21641
47_SA_1	1	47	90	21641
230_PR_3	3	40	30	21667
303_LC_4	4	33	60	21667
376_PR_5	5	36	75	21668
304_VI_4	4	34	120	21696
231_SA_3	3	41	80	21696
49_SA_1	1	48	60	21696
306_SA_4	4	35	270	21696
305_PR_4	4	36	25	21696
377_PR_5	5	37	30	21696
157_SA_2	2	57	150	21696
48_SA_1	1	49	60	21696
232_PR_3	3	42	120	21696
307_SA_4	4	37	120	21721
233_SA_3	3	43	40	21727
378_PR_5	5	38	30	21730
234_LC_3	3	44	60	21732
235_LC_3	3	45	120	21736
379_LC_5	5	39	60	21790
50_LC_1	1	50	80	21809
158_PR_2	2	58	85	21809
236_VI_3	3	46	90	21818
308_PR_4	4	38	30	21821
237_PR_3	3	47	70	21821
159_SA_2	2	59	55	21822
51_SA_1	1	51	90	21822
160_PR_2	2	60	60	21823
309_PR_4	4	39	60	21825
310_PR_4	4	40	120	21825
161_LC_2	2	61	180	21827
238_SA_3	3	48	60	21830
162_SA_2	2	62	1	21832
239_SA_3	3	49	180	21835
52_PR_1	1	52	30	21842
240_PR_3	3	50	60	21842
53_NU_1	1	53	90	21843
311_PR_4	4	41	60	21869
241_SA_3	3	51	20	21877
55_LC_1	1	54	60	21889
54_LC_1	1	55	60	21889
312_PR_4	4	42	50	21897
56_LC_1	1	56	150	21898
313_PR_4	4	43	50	21901
163_PR_2	2	63	120	21901
164_NU_2	2	64	90	21902
314_SA_4	4	44	20	21903
380_LC_5	5	40	234	21904
59_SA_1	1	57	60	21909
57_SA_1	1	58	60	21909
58_SA_1	1	59	60	21909
165_SA_2	2	65	120	21933
60_LC_1	1	60	90	21937
167_SA_2	2	66	60	21951
64_SA_1	1	61	10	21951
62_SA_1	1	62	150	21951
61_SA_1	1	63	30	21951
166_SA_2	2	67	40	21951
65_SA_1	1	64	30	21951
63_SA_1	1	65	75	21951
381_SA_5	5	41	60	21951
242_LC_3	3	52	40	21966
315_SA_4	4	45	180	21995
316_NU_4	4	46	60	22006
66_PR_1	1	66	75	22040
168_SA_2	2	68	60	22046
67_SA_1	1	67	60	22053
317_LC_4	4	47	45	22055
243_SA_3	3	53	120	22082
318_SA_4	4	48	240	22082
68_SA_1	1	68	120	22093
69_VI_1	1	69	60	22094
382_PR_5	5	42	30	22143
319_PR_4	4	49	90	22152
71_PR_1	-2	70	520	44328
70_SA_1	1	71	180	22164
170_SA_2	2	69	120	22164
244_SA_3	3	54	80	22164
169_LC_2	2	70	135	22164
171_PR_2	2	71	65	22165
172_NU_2	2	72	60	22204
321_SA_4	4	50	240	22232
383_SA_5	5	43	240	22232
73_PR_1	1	72	120	22232
72_SA_1	1	73	195	22232
320_SA_4	4	51	120	22232
322_SA_4	4	52	90	22232
245_SA_3	3	55	160	22254
384_SA_5	5	44	240	22254
323_SA_4	4	53	120	22254
246_LC_3	3	56	100	22286
247_SA_3	3	57	90	22290
74_SA_1	1	74	60	22292
75_SA_1	1	75	75	22297
174_SA_2	2	73	360	22297
173_SA_2	2	74	55	22297
175_SA_2	2	75	90	22297
385_SA_5	5	45	60	22297
248_SA_3	3	58	60	22312
176_SA_2	2	76	90	22315
177_PR_2	2	77	50	22315
249_SA_3	3	59	75	22342
76_SA_1	1	76	100	22346
250_SA_3	3	60	60	22354
77_SA_1	1	77	120	22354
178_NU_2	2	78	20	22356
324_SA_4	4	54	130	22369
325_PR_4	4	55	180	22395
386_SA_5	5	46	90	22418
179_PR_2	2	79	100	22460
251_PR_3	3	61	60	22466
180_LC_2	2	80	60	22507
326_SA_4	4	56	1	22515
78_SA_1	1	78	60	22515
79_SA_1	1	79	100	22515
181_LC_2	2	81	120	22515
252_SA_3	3	62	55	22515
387_SA_5	5	47	90	22523
80_SA_1	1	80	90	22543
81_SA_1	1	81	60	22557
388_SA_5	5	48	60	22563
389_SA_5	5	49	90	22576
253_SA_3	3	63	60	22576
82_VI_1	1	82	30	22577
390_LC_5	5	50	180	22607
255_PR_3	3	64	150	22614
254_PR_3	3	65	60	22614
256_PR_3	3	66	90	22622
257_SA_3	3	67	5	22628
258_SA_3	3	68	120	22638
83_SA_1	1	83	240	22638
327_SA_4	4	57	120	22666
84_LC_1	1	84	15	22672
85_PR_1	1	85	70	22673
86_PR_1	1	86	90	22679
259_SA_3	3	69	110	22703
260_SA_3	3	70	120	22744
261_SA_3	3	71	90	22758
87_SA_1	1	87	60	22779
262_SA_3	3	72	120	22779
88_LC_1	1	88	120	22799
328_LC_4	4	58	120	22803
329_LC_4	4	59	90	22803
182_LC_2	2	82	60	22813
183_NU_2	2	83	20	22822
263_SA_3	3	73	60	22829
184_SA_2	2	84	15	22829
185_SA_2	2	85	35	22899
331_SA_4	4	60	160	22899
330_SA_4	4	61	120	22899
264_SA_3	3	74	65	22907
186_PR_2	2	86	120	22926
187_SA_2	-3	87	210	45892
89_PR_1	1	89	70	22984
90_SA_1	1	90	90	22996
391_LC_5	5	51	75	23100
393_PR_5	5	52	150	23128
91_PR_1	1	91	120	23128
392_PR_5	5	53	35	23128
188_VI_2	2	88	100	23129
332_PR_4	4	62	120	23221
265_PR_3	3	75	100	23261
92_SA_1	1	92	60	23359
333_VI_4	4	63	90	23373
394_PR_5	5	54	75	23402
93_SA_1	1	93	90	23416
94_NU_1	1	94	160	23432
95_SA_1	1	95	140	23484
334_SA_4	4	64	30	23501
96_VI_1	1	96	50	23543
98_PR_1	1	97	10	23548
97_PR_1	1	98	20	23548
335_SA_4	4	65	30	23566
266_SA_3	3	76	80	23587
99_SA_1	1	99	75	23596
267_NU_3	3	77	50	23645
336_VI_4	4	66	240	23694
337_PR_4	4	67	1	23760
395_SA_5	5	55	90	23823
338_SA_4	4	68	60	23823
396_SA_5	5	56	60	23838
397_SA_5	5	57	10	23838
268_SA_3	3	78	90	23886
398_NU_5	5	58	150	23887
340_SA_4	4	69	60	23887
339_SA_4	4	70	140	23887
189_PR_2	2	89	80	23887
399_SA_5	5	59	60	23893
190_SA_2	-3	90	30	47786
100_PR_1	1	100	60	23904
269_SA_3	3	79	40	23943
400_PR_5	5	60	45	23959
270_PR_3	3	80	75	24093
