Iter 61
MasterProb = 26771.3

s [*] :=
1   1
2   5
3   7
4   9
5  30
;

SubProb = -610.322
d = 0

distanceCost*(sum{l in 1 .. Lcap - 1} t[l]) = 3520

Iter 62
MasterProb = 26663.2

s [*] :=
1  50
2  39
3  61
4  62
5  63
;

SubProb = -537.571
d = 0

distanceCost*(sum{l in 1 .. Lcap - 1} t[l]) = 605

Iter 63
MasterProb = 26336.2

s [*] :=
1  22
2  35
3  61
4  62
5  63
;

SubProb = -429.218
d = 0

distanceCost*(sum{l in 1 .. Lcap - 1} t[l]) = 660

Iter 64
MasterProb = 26206.5

s [*] :=
1  46
2  55
3   5
4  61
5  62
;

SubProb = -485.074
d = 0

distanceCost*(sum{l in 1 .. Lcap - 1} t[l]) = 1760

Iter 65
MasterProb = 26048.5

s [*] :=
1  58
2  35
3  23
4  42
5  60
;

SubProb = -269.5
d = 0

distanceCost*(sum{l in 1 .. Lcap - 1} t[l]) = 3025

Iter 66
MasterProb = 26034.1

s [*] :=
1  46
2  47
3  10
4  61
5  62
;

SubProb = -372.794
d = 0

distanceCost*(sum{l in 1 .. Lcap - 1} t[l]) = 1760

Iter 67
MasterProb = 25953.1

s [*] :=
1   6
2  40
3  61
4  62
5  63
;

SubProb = -400.122
d = 0

distanceCost*(sum{l in 1 .. Lcap - 1} t[l]) = 605

Iter 68
MasterProb = 25839.2

s [*] :=
1  29
2   9
3  47
4  57
5   7
;

SubProb = -511.896
d = 0

distanceCost*(sum{l in 1 .. Lcap - 1} t[l]) = 3520

Iter 69
MasterProb = 25686.1

s [*] :=
1  32
2  60
3  31
4   3
5  20
;

SubProb = -431.617
d = 0

distanceCost*(sum{l in 1 .. Lcap - 1} t[l]) = 3135

Iter 70
MasterProb = 25647.6

s [*] :=
1  40
2  20
3  61
4  62
5  63
;

SubProb = -423.408
d = 0

distanceCost*(sum{l in 1 .. Lcap - 1} t[l]) = 605

Iter 71
MasterProb = 25457.2

s [*] :=
1  55
2   7
3   1
4  61
5  62
;

SubProb = -202.745
d = 0

distanceCost*(sum{l in 1 .. Lcap - 1} t[l]) = 1760

Iter 72
MasterProb = 25446.4

s [*] :=
1   3
2  18
3  61
4  62
5  63
;

SubProb = -342.388
d = 0

distanceCost*(sum{l in 1 .. Lcap - 1} t[l]) = 605

Iter 73
MasterProb = 25432.3

s [*] :=
1  32
2  50
3   3
4  18
5  23
;

SubProb = -782.845
d = 0

distanceCost*(sum{l in 1 .. Lcap - 1} t[l]) = 2640

Iter 74
MasterProb = 25315.7

s [*] :=
1  55
2  44
3  57
4  61
5  62
;

SubProb = -286.093
d = 0

distanceCost*(sum{l in 1 .. Lcap - 1} t[l]) = 1760

Iter 75
MasterProb = 25287.5

s [*] :=
1  13
2   9
3   1
4   5
5  59
;

SubProb = -574.361
d = 0

distanceCost*(sum{l in 1 .. Lcap - 1} t[l]) = 3520

Iter 76
MasterProb = 25201.6

s [*] :=
1   3
2  39
3  61
4  62
5  63
;

SubProb = -326.591
d = 0

distanceCost*(sum{l in 1 .. Lcap - 1} t[l]) = 605

Iter 77
MasterProb = 25189.9

s [*] :=
1  29
2   9
3  61
4  62
5  63
;

SubProb = -120.903
d = 0

distanceCost*(sum{l in 1 .. Lcap - 1} t[l]) = 880

Iter 78
MasterProb = 25179.6

s [*] :=
1  34
2  31
3  61
4  62
5  63
;

SubProb = -244.651
d = 0

distanceCost*(sum{l in 1 .. Lcap - 1} t[l]) = 660

Iter 79
MasterProb = 25100.5

s [*] :=
1  25
2  55
3  61
4  62
5  63
;

SubProb = 6.75768
d = 0

distanceCost*(sum{l in 1 .. Lcap - 1} t[l]) = 880

Problema Entero
MasterProb = 27335

fo1 = 27335
fo2 = 0

x[j] [*] :=
 15  1
 29  1
 31  1
 37  1
 61  1
105  1
128  1
165  1
174  1
213  1
233  1
236  1
237  1
259  1
265  1
283  1
341  1
342  1
349  1
353  1
;

aa[i,j] [*,*]
:   15  29  31  37  61 105 128 165 174 213 233 236 237 259 265 283 341 342 349 :=
1    0   0   0   0   0   0   0   0   1   0   0   0   0   0   0   0   0   0   0
2    0   0   0   0   0   0   0   0   0   0   1   0   0   0   0   0   0   0   0
3    0   0   0   0   0   0   0   0   0   0   0   0   0   1   0   0   0   0   0
4    0   0   0   0   0   0   0   0   0   0   0   0   0   1   0   0   0   0   0
5    0   0   0   0   0   0   0   0   0   0   0   0   0   0   0   1   0   0   0
6    0   0   0   0   0   0   0   0   0   0   0   0   0   1   0   0   0   0   0
7    0   0   0   0   0   0   0   0   1   0   0   0   0   0   0   0   0   0   0
8    0   0   0   0   1   0   0   0   0   0   0   0   0   0   0   0   0   0   0
9    0   0   0   0   0   0   0   0   0   0   0   0   0   0   0   1   0   0   0
10   0   0   0   0   0   0   0   0   1   0   0   0   0   0   0   0   0   0   0
11   0   0   0   0   0   0   0   0   0   1   0   0   0   0   0   0   0   0   0
12   0   0   0   0   0   1   0   0   0   0   0   0   0   0   0   0   0   0   0
13   0   0   0   0   0   0   0   0   0   0   0   0   0   0   0   1   0   0   0
14   0   0   0   0   0   0   0   0   0   0   0   0   0   0   1   0   0   0   0
15   1   0   0   0   0   0   0   0   0   0   0   0   0   0   0   0   0   0   0
16   0   0   0   0   0   0   0   0   0   0   0   1   0   0   0   0   0   0   0
17   0   0   0   0   0   0   1   0   0   0   0   0   0   0   0   0   0   0   0
18   0   0   0   0   0   0   0   0   0   0   0   0   0   1   0   0   0   0   0
19   0   0   0   0   0   0   0   0   0   1   0   0   0   0   0   0   0   0   0
20   0   0   0   0   0   0   0   0   0   0   0   0   0   0   0   0   0   0   1
21   0   0   0   0   0   0   1   0   0   0   0   0   0   0   0   0   0   0   0
22   0   0   0   0   0   0   0   0   0   0   0   0   0   0   0   0   0   1   0
23   0   0   0   0   0   0   0   1   0   0   0   0   0   0   0   0   0   0   0
24   0   0   0   0   0   0   0   0   0   0   1   0   0   0   0   0   0   0   0
25   0   0   0   0   0   0   0   0   0   1   0   0   0   0   0   0   0   0   0
26   0   0   0   0   0   0   0   1   0   0   0   0   0   0   0   0   0   0   0
27   0   0   0   0   0   0   0   0   0   0   0   0   0   1   0   0   0   0   0
28   0   0   0   0   0   0   0   0   0   0   1   0   0   0   0   0   0   0   0
29   0   1   0   0   0   0   0   0   0   0   0   0   0   0   0   0   0   0   0
30   0   0   0   0   0   0   1   0   0   0   0   0   0   0   0   0   0   0   0
31   0   0   1   0   0   0   0   0   0   0   0   0   0   0   0   0   0   0   0
32   0   0   0   0   0   0   0   1   0   0   0   0   0   0   0   0   0   0   0
33   0   0   0   0   0   1   0   0   0   0   0   0   0   0   0   0   0   0   0
34   0   0   0   0   0   0   0   0   0   0   0   0   1   0   0   0   0   0   0
35   0   0   0   0   0   0   0   0   0   0   0   0   0   0   0   0   0   1   0
36   0   0   0   0   0   0   0   1   0   0   0   0   0   0   0   0   0   0   0
37   0   0   0   1   0   0   0   0   0   0   0   0   0   0   0   0   0   0   0
38   0   0   0   0   0   0   0   0   0   0   0   0   1   0   0   0   0   0   0
39   0   0   0   0   0   0   0   0   0   0   0   0   0   0   0   0   1   0   0
40   0   0   0   0   0   0   0   0   0   0   0   0   0   0   0   0   0   0   1
41   0   0   0   0   0   0   0   0   0   0   0   0   0   0   0   1   0   0   0
42   0   0   0   0   0   0   0   0   0   0   0   0   0   0   1   0   0   0   0
43   0   0   0   0   0   1   0   0   0   0   0   0   0   0   0   0   0   0   0
44   0   0   0   0   0   0   0   0   0   0   0   0   0   0   0   0   0   0   0
45   0   0   0   0   1   0   0   0   0   0   0   0   0   0   0   0   0   0   0
46   0   0   0   0   0   0   0   0   0   0   0   0   0   0   0   1   0   0   0
47   0   0   0   0   0   0   0   0   0   1   0   0   0   0   0   0   0   0   0
48   0   0   0   0   0   0   1   0   0   0   0   0   0   0   0   0   0   0   0
49   0   0   0   0   0   0   0   1   0   0   0   0   0   0   0   0   0   0   0
50   0   0   0   0   0   0   0   0   0   0   0   0   0   0   0   0   1   0   0
51   0   0   0   0   0   0   0   0   0   0   0   0   1   0   0   0   0   0   0
52   0   0   0   0   0   0   0   0   0   0   0   1   0   0   0   0   0   0   0
53   0   0   0   0   0   0   0   0   0   0   0   0   1   0   0   0   0   0   0
54   0   0   0   0   0   0   0   0   0   0   0   0   0   0   1   0   0   0   0
55   0   0   0   0   0   0   0   0   0   0   0   0   0   0   0   0   0   0   0
56   0   0   0   0   0   0   0   0   1   0   0   0   0   0   0   0   0   0   0
57   0   0   0   0   0   0   0   0   0   0   0   0   0   0   0   0   0   0   0
58   0   0   0   0   0   0   0   0   0   0   0   0   0   0   1   0   0   0   0
59   0   0   0   0   0   0   0   0   1   0   0   0   0   0   0   0   0   0   0
60   0   0   0   0   0   0   0   0   0   0   1   0   0   0   0   0   0   0   0

:  353    :=
1    0
2    0
3    0
4    0
5    0
6    0
7    0
8    0
9    0
10   0
11   0
12   0
13   0
14   0
15   0
16   0
17   0
18   0
19   0
20   0
21   0
22   0
23   0
24   0
25   0
26   0
27   0
28   0
29   0
30   0
31   0
32   0
33   0
34   0
35   0
36   0
37   0
38   0
39   0
40   0
41   0
42   0
43   0
44   1
45   0
46   0
47   0
48   0
49   0
50   0
51   0
52   0
53   0
54   0
55   1
56   0
57   1
58   0
59   0
60   0
;

vi[i] [*] :=
;

:   x[i]   c[i] travel[i] delay[i]    :=
15    1       0       0       0
29    1       0       0       0
31    1       0       0       0
37    1       0       0       0
61    1       0       0       0
105   1    1760    1760       0
128   1    1760    1760       0
165   1    3740    3740       0
174   1    3520    3520       0
213   1    1815    1815       0
233   1    1320    1320       0
236   1       0       0       0
237   1    1595    1595       0
259   1    2750    2750       0
265   1    1925    1925       0
283   1    3520    3520       0
341   1     605     605       0
342   1     660     660       0
349   1     605     605       0
353   1    1760    1760       0
;

