Iter 98
MasterProb = 344534

s [*] :=
1  11
2   2
3  93
4   7
5  97
;

SubProb = -58830
d = 97

distanceCost*(sum{l in 1 .. Lcap - 1} t[l]) = 3685

Iter 99
MasterProb = 294599

s [*] :=
1  49
2   1
3  21
4  91
5  93
;

SubProb = -52164
d = 141

distanceCost*(sum{l in 1 .. Lcap - 1} t[l]) = 4455

Iter 100
MasterProb = 293032

s [*] :=
1  95
2  54
3  15
4  91
5   2
;

SubProb = -61779.3
d = 116

distanceCost*(sum{l in 1 .. Lcap - 1} t[l]) = 3630

Iter 101
MasterProb = 262968

s [*] :=
1   95
2   97
3   98
4   99
5  100
;

SubProb = -41433
d = 0

distanceCost*(sum{l in 1 .. Lcap - 1} t[l]) = 605

Iter 102
MasterProb = 242251

s [*] :=
1  33
2  93
3   7
4  14
5  95
;

SubProb = -50880.7
d = 24

distanceCost*(sum{l in 1 .. Lcap - 1} t[l]) = 4620

Iter 103
MasterProb = 242251

s [*] :=
1  11
2  15
3  35
4  63
5  97
;

SubProb = -10118.3
d = 50

distanceCost*(sum{l in 1 .. Lcap - 1} t[l]) = 4400

Iter 104
MasterProb = 239864

s [*] :=
1  57
2  91
3  69
4  14
5  97
;

SubProb = -17343.6
d = 107

distanceCost*(sum{l in 1 .. Lcap - 1} t[l]) = 4235

Iter 105
MasterProb = 234324

s [*] :=
1  97
2  79
3  25
4  81
5  95
;

SubProb = -9451.01
d = 88

distanceCost*(sum{l in 1 .. Lcap - 1} t[l]) = 4290

Iter 106
MasterProb = 232328

s [*] :=
1   16
2   92
3   98
4   99
5  100
;

SubProb = -5299.51
d = 0

distanceCost*(sum{l in 1 .. Lcap - 1} t[l]) = 880

Iter 107
MasterProb = 229761

s [*] :=
1   92
2   89
3   98
4   99
5  100
;

SubProb = -2910.01
d = 0

distanceCost*(sum{l in 1 .. Lcap - 1} t[l]) = 1155

Iter 108
MasterProb = 228934

s [*] :=
1   9
2  34
3  68
4  48
5  40
;

SubProb = -3307.59
d = 45

distanceCost*(sum{l in 1 .. Lcap - 1} t[l]) = 4125

Iter 109
MasterProb = 228573

s [*] :=
1  64
2  69
3  90
4  25
5  92
;

SubProb = -6669.76
d = 251

distanceCost*(sum{l in 1 .. Lcap - 1} t[l]) = 3905

Iter 110
MasterProb = 227637

s [*] :=
1  81
2  40
3  84
4  56
5  21
;

SubProb = -2427.74
d = 29

distanceCost*(sum{l in 1 .. Lcap - 1} t[l]) = 4620

Iter 111
MasterProb = 227285

s [*] :=
1  86
2  65
3  71
4  16
5  81
;

SubProb = -684
d = 92

distanceCost*(sum{l in 1 .. Lcap - 1} t[l]) = 5060

Iter 112
MasterProb = 227246

s [*] :=
1  17
2  85
3   1
4   9
5  94
;

SubProb = -4473.06
d = 296

distanceCost*(sum{l in 1 .. Lcap - 1} t[l]) = 4455

Iter 113
MasterProb = 225305

s [*] :=
1   6
2  95
3  44
4  11
5  92
;

SubProb = -7892.93
d = 277

distanceCost*(sum{l in 1 .. Lcap - 1} t[l]) = 4510

Iter 114
MasterProb = 223667

s [*] :=
1   94
2   36
3   98
4   99
5  100
;

SubProb = -4800.75
d = 0

distanceCost*(sum{l in 1 .. Lcap - 1} t[l]) = 1155

Iter 115
MasterProb = 222976

s [*] :=
1  88
2  74
3  24
4  79
5  95
;

SubProb = -1502.77
d = 0

distanceCost*(sum{l in 1 .. Lcap - 1} t[l]) = 4455

Iter 116
MasterProb = 222954

s [*] :=
1  45
2  59
3  97
4  81
5  68
;

SubProb = -2372.65
d = 33

distanceCost*(sum{l in 1 .. Lcap - 1} t[l]) = 5390

Iter 117
MasterProb = 222735

s [*] :=
1  88
2  74
3  24
4  79
5  95
;

SubProb = 1.81899e-12
d = 0

distanceCost*(sum{l in 1 .. Lcap - 1} t[l]) = 4455

Problema Entero
MasterProb = 297378

fo1 = 133640
fo2 = 163738

x[j] [*] :=
 96  1
105  1
169  1
173  1
186  1
216  1
260  1
279  1
288  1
294  1
300  1
301  1
312  1
316  1
488  1
521  1
529  1
535  1
536  1
544  1
;

aa[i,j] [*,*]
:   96 105 169 173 186 216 260 279 288 294 300 301 312 316 488 521 529 535 536 :=
1    0   0   0   0   0   0   0   0   0   0   0   0   0   0   0   0   1   0   0
2    0   0   0   0   0   0   0   0   0   0   0   0   0   0   0   1   0   0   0
3    0   0   0   0   0   0   0   0   0   0   0   0   0   1   0   0   0   0   0
4    0   0   0   0   0   0   0   0   0   0   0   0   0   0   1   0   0   0   0
5    0   0   0   0   0   0   0   0   0   0   0   0   0   0   0   0   0   0   0
6    0   0   0   0   0   0   0   0   0   0   0   1   0   0   0   0   0   0   0
7    0   0   0   0   0   1   0   0   0   0   0   0   0   0   0   0   0   0   0
8    0   0   0   0   0   0   0   0   0   0   0   0   1   0   0   0   0   0   0
9    0   1   0   0   0   0   0   0   0   0   0   0   0   0   0   0   0   0   0
10   0   0   0   0   0   0   0   0   0   0   0   0   0   0   0   0   0   0   0
11   0   0   0   0   0   1   0   0   0   0   0   0   0   0   0   0   0   0   0
12   0   0   0   0   0   1   0   0   0   0   0   0   0   0   0   0   0   0   0
13   0   0   0   0   0   0   0   0   0   0   0   0   0   0   0   1   0   0   0
14   0   0   0   0   0   0   1   0   0   0   0   0   0   0   0   0   0   0   0
15   0   0   0   0   0   0   0   0   0   0   0   0   1   0   0   0   0   0   0
16   0   0   0   0   0   0   0   0   0   0   0   0   0   0   0   0   0   0   1
17   0   0   0   0   0   0   0   0   0   0   0   0   0   0   0   1   0   0   0
18   0   0   0   0   0   0   0   0   0   1   0   0   0   0   0   0   0   0   0
19   0   0   0   0   0   1   0   0   0   0   0   0   0   0   0   0   0   0   0
20   0   0   0   0   0   0   0   0   0   0   0   0   0   0   0   0   0   0   0
21   0   0   0   0   0   0   0   0   0   0   0   0   0   0   0   0   1   0   0
22   0   0   0   0   0   0   0   1   0   0   0   0   0   0   0   0   0   0   0
23   0   0   0   0   0   0   0   0   0   0   0   0   0   1   0   0   0   0   0
24   0   0   0   0   0   0   0   0   0   0   0   0   1   0   0   0   0   0   0
25   0   0   0   0   0   0   0   0   0   0   0   0   0   0   0   0   0   1   0
26   0   0   0   0   0   0   0   0   0   0   1   0   0   0   0   0   0   0   0
27   0   0   1   0   0   0   0   0   0   0   0   0   0   0   0   0   0   0   0
28   0   0   0   0   0   0   0   1   0   0   0   0   0   0   0   0   0   0   0
29   0   0   0   1   0   0   0   0   0   0   0   0   0   0   0   0   0   0   0
30   0   1   0   0   0   0   0   0   0   0   0   0   0   0   0   0   0   0   0
31   0   0   0   0   0   0   0   0   0   0   0   0   0   0   0   0   0   0   0
32   0   0   0   0   0   0   0   0   0   0   0   0   0   0   0   1   0   0   0
33   0   0   0   1   0   0   0   0   0   0   0   0   0   0   0   0   0   0   0
34   0   0   0   0   0   0   0   0   0   1   0   0   0   0   0   0   0   0   0
35   0   0   0   0   0   0   0   0   0   0   0   0   0   0   1   0   0   0   0
36   0   0   0   0   0   0   0   0   0   0   0   0   0   0   0   0   0   0   0
37   0   0   0   0   0   0   0   0   1   0   0   0   0   0   0   0   0   0   0
38   0   0   1   0   0   0   0   0   0   0   0   0   0   0   0   0   0   0   0
39   0   0   0   1   0   0   0   0   0   0   0   0   0   0   0   0   0   0   0
40   0   0   0   0   0   0   0   0   1   0   0   0   0   0   0   0   0   0   0
41   0   0   0   1   0   0   0   0   0   0   0   0   0   0   0   0   0   0   0
42   0   1   0   0   0   0   0   0   0   0   0   0   0   0   0   0   0   0   0
43   0   0   0   0   0   0   0   0   0   0   1   0   0   0   0   0   0   0   0
44   0   0   0   0   0   0   0   0   0   0   0   0   0   0   0   0   0   0   0
45   0   0   1   0   0   0   0   0   0   0   0   0   0   0   0   0   0   0   0
46   0   0   0   0   0   0   0   0   0   0   0   1   0   0   0   0   0   0   0
47   0   0   0   0   0   0   0   0   0   0   0   0   0   0   1   0   0   0   0
48   0   0   0   0   0   0   1   0   0   0   0   0   0   0   0   0   0   0   0
49   0   0   0   0   0   0   0   0   0   0   0   0   0   0   0   0   1   0   0
50   0   0   0   0   0   0   0   0   0   0   0   0   0   0   1   0   0   0   0
51   0   0   0   0   0   0   0   0   0   0   0   1   0   0   0   0   0   0   0
52   0   0   1   0   0   0   0   0   0   0   0   0   0   0   0   0   0   0   0
53   0   0   0   0   0   0   0   0   0   0   0   0   1   0   0   0   0   0   0
54   0   0   0   0   0   1   0   0   0   0   0   0   0   0   0   0   0   0   0
55   0   0   0   0   1   0   0   0   0   0   0   0   0   0   0   0   0   0   0
56   0   0   0   0   0   0   0   0   1   0   0   0   0   0   0   0   0   0   0
57   0   0   0   0   0   0   0   0   0   0   0   0   0   0   0   0   0   0   0
58   0   0   0   0   1   0   0   0   0   0   0   0   0   0   0   0   0   0   0
59   0   0   0   0   0   0   0   0   0   0   0   0   0   1   0   0   0   0   0
60   0   0   0   0   0   0   0   1   0   0   0   0   0   0   0   0   0   0   0
61   0   0   1   0   0   0   0   0   0   0   0   0   0   0   0   0   0   0   0
62   0   0   0   0   0   0   0   0   0   0   1   0   0   0   0   0   0   0   0
63   0   0   0   0   0   0   0   1   0   0   0   0   0   0   0   0   0   0   0
64   0   0   0   0   0   0   0   0   0   0   0   0   0   1   0   0   0   0   0
65   0   0   0   0   0   0   1   0   0   0   0   0   0   0   0   0   0   0   0
66   0   0   0   0   0   0   1   0   0   0   0   0   0   0   0   0   0   0   0
67   0   0   0   0   0   0   0   0   0   0   0   0   0   0   0   1   0   0   0
68   0   0   0   0   0   0   0   0   0   0   0   1   0   0   0   0   0   0   0
69   0   0   0   0   0   0   0   0   0   1   0   0   0   0   0   0   0   0   0
70   0   0   0   0   0   0   0   0   0   0   0   0   1   0   0   0   0   0   0
71   0   0   0   0   1   0   0   0   0   0   0   0   0   0   0   0   0   0   0
72   0   0   0   0   0   0   0   1   0   0   0   0   0   0   0   0   0   0   0
73   0   0   0   0   0   0   0   0   0   0   0   0   0   0   0   0   0   0   0
74   0   1   0   0   0   0   0   0   0   0   0   0   0   0   0   0   0   0   0
75   0   0   0   0   1   0   0   0   0   0   0   0   0   0   0   0   0   0   0
76   0   0   0   0   0   0   0   0   0   0   1   0   0   0   0   0   0   0   0
77   0   0   0   0   0   0   0   0   1   0   0   0   0   0   0   0   0   0   0
78   0   0   0   0   0   0   0   0   0   0   0   0   0   1   0   0   0   0   0
79   0   0   0   0   0   0   0   0   0   0   0   0   0   0   0   0   0   1   0
80   0   0   0   0   0   0   0   0   0   0   0   0   0   0   1   0   0   0   0
81   0   0   0   0   0   0   0   0   0   0   0   0   0   0   0   0   0   1   0
82   0   0   0   0   0   0   0   0   0   0   0   0   0   0   0   0   0   0   0
83   0   0   0   0   0   0   1   0   0   0   0   0   0   0   0   0   0   0   0
84   0   0   0   0   0   0   0   0   0   0   0   1   0   0   0   0   0   0   0
85   0   0   0   1   0   0   0   0   0   0   0   0   0   0   0   0   0   0   0
86   0   0   0   0   0   0   0   0   0   1   0   0   0   0   0   0   0   0   0
87   0   1   0   0   0   0   0   0   0   0   0   0   0   0   0   0   0   0   0
88   0   0   0   0   0   0   0   0   0   1   0   0   0   0   0   0   0   0   0
89   0   0   0   0   0   0   0   0   0   0   1   0   0   0   0   0   0   0   0
90   0   0   0   0   0   0   0   0   1   0   0   0   0   0   0   0   0   0   0
91   0   0   0   0   0   0   0   0   0   0   0   0   0   0   0   0   1   0   0
92   0   0   0   0   0   0   0   0   0   0   0   0   0   0   0   0   0   0   1
93   0   0   0   0   0   0   0   0   0   0   0   0   0   0   0   0   1   0   0
94   0   0   0   0   0   0   0   0   0   0   0   0   0   0   0   0   0   0   0
95   0   0   0   0   0   0   0   0   0   0   0   0   0   0   0   0   0   1   0
96   1   0   0   0   0   0   0   0   0   0   0   0   0   0   0   0   0   0   0
97   0   0   0   0   0   0   0   0   0   0   0   0   0   0   0   0   0   1   0

:  544    :=
1    0
2    0
3    0
4    0
5    0
6    0
7    0
8    0
9    0
10   0
11   0
12   0
13   0
14   0
15   0
16   0
17   0
18   0
19   0
20   0
21   0
22   0
23   0
24   0
25   0
26   0
27   0
28   0
29   0
30   0
31   0
32   0
33   0
34   0
35   0
36   1
37   0
38   0
39   0
40   0
41   0
42   0
43   0
44   0
45   0
46   0
47   0
48   0
49   0
50   0
51   0
52   0
53   0
54   0
55   0
56   0
57   0
58   0
59   0
60   0
61   0
62   0
63   0
64   0
65   0
66   0
67   0
68   0
69   0
70   0
71   0
72   0
73   0
74   0
75   0
76   0
77   0
78   0
79   0
80   0
81   0
82   0
83   0
84   0
85   0
86   0
87   0
88   0
89   0
90   0
91   0
92   0
93   0
94   1
95   0
96   0
97   0
;

vi[i] [*] :=
 5  1
10  1
20  1
31  1
44  1
57  1
73  1
82  1
;

:   x[i]   c[i]  travel[i] delay[i]    :=
96    1        0       0         0
105   1    15750    4950     10800
169   1     7640    3080      4560
173   1     4790    4070       720
186   1     4455    1815      2640
216   1     5060    4180       880
260   1     3905    3905         0
279   1     3570    3410       160
288   1     3685    3685         0
294   1     9200    4400      4800
300   1     6070    4070      2000
301   1     5985    3905      2080
312   1    15220    5060     10160
316   1     4645    3685       960
488   1    11045    3685      7360
521   1     3520    3520         0
529   1    15735    4455     11280
535   1    11330    4290      7040
536   1      880     880         0
544   1     1155    1155         0
;

