Iter 101
MasterProb = 161988

s [*] :=
1   43
2   15
3  101
4  102
5  103
;

SubProb = -1996.42
d = 0

distanceCost*(sum{l in 1 .. Lcap - 1} t[l]) = 880

Iter 102
MasterProb = 161770

s [*] :=
1   76
2   62
3   80
4   18
5  101
;

SubProb = -1546.23
d = 0

distanceCost*(sum{l in 1 .. Lcap - 1} t[l]) = 2640

Iter 103
MasterProb = 161563

s [*] :=
1  19
2  61
3  87
4  40
5  94
;

SubProb = -1498.73
d = 61

distanceCost*(sum{l in 1 .. Lcap - 1} t[l]) = 3905

Iter 104
MasterProb = 161520

s [*] :=
1  100
2    7
3   80
4  101
5  102
;

SubProb = -2657.33
d = 0

distanceCost*(sum{l in 1 .. Lcap - 1} t[l]) = 2035

Iter 105
MasterProb = 160882

s [*] :=
1  42
2  56
3  54
4  45
5  72
;

SubProb = -1226.78
d = 44

distanceCost*(sum{l in 1 .. Lcap - 1} t[l]) = 3245

Iter 106
MasterProb = 160849

s [*] :=
1  31
2  25
3  33
4  36
5  82
;

SubProb = -3337.65
d = 4

distanceCost*(sum{l in 1 .. Lcap - 1} t[l]) = 3520

Iter 107
MasterProb = 160129

s [*] :=
1  93
2   2
3  97
4  94
5  45
;

SubProb = -283.237
d = 17

distanceCost*(sum{l in 1 .. Lcap - 1} t[l]) = 3960

Iter 108
MasterProb = 160125

s [*] :=
1  49
2  75
3  85
4  46
5  14
;

SubProb = -1564.01
d = 9

distanceCost*(sum{l in 1 .. Lcap - 1} t[l]) = 4070

Iter 109
MasterProb = 159961

s [*] :=
1   47
2  100
3   24
4    4
5   54
;

SubProb = -2093.41
d = 11

distanceCost*(sum{l in 1 .. Lcap - 1} t[l]) = 3355

Iter 110
MasterProb = 159613

s [*] :=
1   42
2   83
3   95
4  101
5  102
;

SubProb = 209.176
d = 0

distanceCost*(sum{l in 1 .. Lcap - 1} t[l]) = 2035

Problema Entero
MasterProb = 245888

fo1 = 101070
fo2 = 144818

x[j] [*] :=
117  1
138  1
142  1
198  1
215  1
240  1
260  1
319  1
366  1
378  1
416  1
421  1
455  1
492  1
506  1
555  1
565  1
580  1
583  1
585  1
;

aa[i,j] [*,*]
:   117 138 142 198 215 240 260 319 366 378 416 421 455 492 506 555 565 580 583 :=
1     0   0   1   0   0   0   0   0   0   0   0   0   0   0   0   0   0   0   0
2     0   0   0   0   0   0   0   0   0   0   0   0   0   0   1   0   0   0   0
3     0   0   0   0   1   0   0   0   0   0   0   0   0   0   0   0   0   0   0
4     0   0   0   0   0   0   1   0   0   0   0   0   0   0   0   0   0   0   0
5     0   0   0   1   0   0   0   0   0   0   0   0   0   0   0   0   0   0   0
6     0   0   0   0   0   0   0   0   0   0   0   0   0   0   0   0   1   0   0
7     0   0   0   0   0   0   0   0   0   0   0   0   0   0   0   0   0   0   1
8     0   0   0   0   0   0   0   0   0   0   0   0   0   0   0   0   0   0   0
9     0   0   0   0   0   0   0   0   0   0   0   0   0   0   0   0   0   0   0
10    0   0   0   0   0   0   0   0   1   0   0   0   0   0   0   0   0   0   0
11    0   0   0   0   0   1   0   0   0   0   0   0   0   0   0   0   0   0   0
12    0   0   0   0   0   0   0   0   0   1   0   0   0   0   0   0   0   0   0
13    1   0   0   0   0   0   0   0   0   0   0   0   0   0   0   0   0   0   0
14    0   0   0   0   0   0   0   0   0   0   0   0   1   0   0   0   0   0   0
15    0   0   0   0   0   0   0   0   0   0   0   0   0   0   0   0   0   1   0
16    0   0   0   0   0   0   0   0   0   0   0   0   0   1   0   0   0   0   0
17    0   0   0   0   0   0   0   0   0   0   0   0   0   0   0   0   0   0   0
18    0   0   0   0   0   0   0   0   0   0   0   1   0   0   0   0   0   0   0
19    0   0   1   0   0   0   0   0   0   0   0   0   0   0   0   0   0   0   0
20    0   0   0   0   0   0   0   0   0   0   0   0   1   0   0   0   0   0   0
21    0   0   0   0   1   0   0   0   0   0   0   0   0   0   0   0   0   0   0
22    0   0   0   0   0   0   0   0   0   0   1   0   0   0   0   0   0   0   0
23    0   0   0   0   1   0   0   0   0   0   0   0   0   0   0   0   0   0   0
24    0   0   0   0   0   0   0   0   0   0   1   0   0   0   0   0   0   0   0
25    0   0   0   0   0   0   0   0   0   0   0   0   0   0   0   0   0   0   0
26    0   0   0   0   0   0   0   0   0   0   0   0   0   0   0   0   0   0   0
27    0   0   0   0   0   0   0   0   1   0   0   0   0   0   0   0   0   0   0
28    0   0   0   0   0   0   0   0   0   0   0   0   0   0   1   0   0   0   0
29    0   0   1   0   0   0   0   0   0   0   0   0   0   0   0   0   0   0   0
30    0   0   0   0   0   0   1   0   0   0   0   0   0   0   0   0   0   0   0
31    0   0   0   0   0   0   0   0   0   0   0   0   0   0   0   0   0   0   0
32    0   0   0   0   0   0   1   0   0   0   0   0   0   0   0   0   0   0   0
33    0   0   0   0   0   0   0   0   0   0   0   0   0   0   0   0   0   0   0
34    0   0   0   0   0   1   0   0   0   0   0   0   0   0   0   0   0   0   0
35    1   0   0   0   0   0   0   0   0   0   0   0   0   0   0   0   0   0   0
36    0   0   0   0   0   0   0   0   0   0   0   0   0   0   0   0   0   0   0
37    0   0   0   0   0   0   1   0   0   0   0   0   0   0   0   0   0   0   0
38    0   0   0   0   0   0   0   0   0   0   0   0   0   0   1   0   0   0   0
39    0   0   0   0   0   0   0   0   0   0   0   0   0   0   0   0   0   0   0
40    0   1   0   0   0   0   0   0   0   0   0   0   0   0   0   0   0   0   0
41    0   0   0   0   0   0   0   0   1   0   0   0   0   0   0   0   0   0   0
42    0   0   0   0   0   0   0   0   0   0   0   1   0   0   0   0   0   0   0
43    0   0   0   0   0   0   0   0   0   0   0   0   0   0   0   0   0   1   0
44    0   0   0   0   0   0   0   0   0   0   0   0   0   0   0   1   0   0   0
45    0   0   0   0   0   0   0   1   0   0   0   0   0   0   0   0   0   0   0
46    0   0   0   0   0   0   0   0   0   0   0   0   0   1   0   0   0   0   0
47    0   0   0   0   0   0   0   1   0   0   0   0   0   0   0   0   0   0   0
48    0   0   0   0   1   0   0   0   0   0   0   0   0   0   0   0   0   0   0
49    0   0   0   0   0   0   0   1   0   0   0   0   0   0   0   0   0   0   0
50    0   0   0   0   0   0   0   0   0   1   0   0   0   0   0   0   0   0   0
51    0   0   0   0   0   1   0   0   0   0   0   0   0   0   0   0   0   0   0
52    0   0   0   0   0   0   0   0   1   0   0   0   0   0   0   0   0   0   0
53    1   0   0   0   0   0   0   0   0   0   0   0   0   0   0   0   0   0   0
54    0   0   0   0   0   0   1   0   0   0   0   0   0   0   0   0   0   0   0
55    0   0   0   0   0   0   0   0   0   0   0   0   0   1   0   0   0   0   0
56    0   0   0   0   0   0   0   0   0   0   0   0   1   0   0   0   0   0   0
57    0   0   0   0   0   0   0   0   0   0   0   0   0   0   0   0   1   0   0
58    0   0   1   0   0   0   0   0   0   0   0   0   0   0   0   0   0   0   0
59    0   0   0   0   0   0   0   0   0   0   0   1   0   0   0   0   0   0   0
60    0   0   0   0   0   0   0   0   0   0   0   0   0   1   0   0   0   0   0
61    0   0   0   0   0   0   0   0   0   0   0   0   0   0   1   0   0   0   0
62    0   0   0   0   0   0   0   0   0   0   0   1   0   0   0   0   0   0   0
63    0   0   1   0   0   0   0   0   0   0   0   0   0   0   0   0   0   0   0
64    0   0   0   0   0   0   0   0   0   0   0   0   1   0   0   0   0   0   0
65    0   0   0   0   0   1   0   0   0   0   0   0   0   0   0   0   0   0   0
66    1   0   0   0   0   0   0   0   0   0   0   0   0   0   0   0   0   0   0
67    0   0   0   0   0   0   0   0   0   0   0   0   0   0   0   1   0   0   0
68    0   0   0   0   0   0   0   0   0   0   0   0   0   0   0   1   0   0   0
69    0   0   0   0   0   0   0   0   0   1   0   0   0   0   0   0   0   0   0
70    0   0   0   0   0   0   0   0   0   0   0   0   0   0   0   0   0   0   0
71    0   0   0   1   0   0   0   0   0   0   0   0   0   0   0   0   0   0   0
72    0   0   0   1   0   0   0   0   0   0   0   0   0   0   0   0   0   0   0
73    0   0   0   0   0   0   0   0   0   0   0   0   0   0   0   0   1   0   0
74    0   1   0   0   0   0   0   0   0   0   0   0   0   0   0   0   0   0   0
75    0   0   0   0   0   0   0   0   0   1   0   0   0   0   0   0   0   0   0
76    0   0   0   0   0   0   0   1   0   0   0   0   0   0   0   0   0   0   0
77    0   0   0   0   1   0   0   0   0   0   0   0   0   0   0   0   0   0   0
78    0   0   0   0   0   0   0   0   0   0   0   0   0   0   0   0   1   0   0
79    0   1   0   0   0   0   0   0   0   0   0   0   0   0   0   0   0   0   0
80    0   0   0   0   0   0   0   0   0   0   0   0   0   0   0   0   0   0   1
81    0   0   0   0   0   0   0   0   0   0   0   1   0   0   0   0   0   0   0
82    0   0   0   0   0   0   0   0   0   0   0   0   0   0   0   0   0   0   0
83    0   0   0   0   0   0   0   0   1   0   0   0   0   0   0   0   0   0   0
84    0   0   0   1   0   0   0   0   0   0   0   0   0   0   0   0   0   0   0
85    0   0   0   0   0   0   0   0   0   0   0   0   0   0   0   1   0   0   0
86    0   0   0   0   0   0   0   0   0   1   0   0   0   0   0   0   0   0   0
87    0   0   0   0   0   0   0   0   0   0   0   0   0   1   0   0   0   0   0
88    0   0   0   0   0   0   0   0   0   0   0   0   0   0   0   0   0   0   0
89    0   0   0   0   0   0   0   0   0   0   0   0   1   0   0   0   0   0   0
90    0   0   0   0   0   1   0   0   0   0   0   0   0   0   0   0   0   0   0
91    0   0   0   0   0   0   0   0   0   0   1   0   0   0   0   0   0   0   0
92    0   0   0   0   0   0   0   0   0   0   0   0   0   0   1   0   0   0   0
93    0   0   0   0   0   0   0   1   0   0   0   0   0   0   0   0   0   0   0
94    0   0   0   0   0   0   0   0   0   0   1   0   0   0   0   0   0   0   0
95    0   1   0   0   0   0   0   0   0   0   0   0   0   0   0   0   0   0   0
96    0   1   0   0   0   0   0   0   0   0   0   0   0   0   0   0   0   0   0
97    0   0   0   0   0   0   0   0   0   0   0   0   0   0   0   0   1   0   0
98    1   0   0   0   0   0   0   0   0   0   0   0   0   0   0   0   0   0   0
99    0   0   0   0   0   0   0   0   0   0   0   0   0   0   0   1   0   0   0
100   0   0   0   0   0   0   0   0   0   0   0   0   0   0   0   0   0   0   1

:   585    :=
1     0
2     0
3     0
4     0
5     0
6     0
7     0
8     0
9     0
10    0
11    0
12    0
13    0
14    0
15    0
16    0
17    0
18    0
19    0
20    0
21    0
22    0
23    0
24    0
25    1
26    0
27    0
28    0
29    0
30    0
31    1
32    0
33    1
34    0
35    0
36    1
37    0
38    0
39    0
40    0
41    0
42    0
43    0
44    0
45    0
46    0
47    0
48    0
49    0
50    0
51    0
52    0
53    0
54    0
55    0
56    0
57    0
58    0
59    0
60    0
61    0
62    0
63    0
64    0
65    0
66    0
67    0
68    0
69    0
70    0
71    0
72    0
73    0
74    0
75    0
76    0
77    0
78    0
79    0
80    0
81    0
82    1
83    0
84    0
85    0
86    0
87    0
88    0
89    0
90    0
91    0
92    0
93    0
94    0
95    0
96    0
97    0
98    0
99    0
100   0
;

vi[i] [*] :=
 8  1
 9  1
17  1
26  1
39  1
70  1
88  1
;

:   x[i]   c[i]  travel[i] delay[i]    :=
117   1     3410    3410         0
138   1     4525    4125       400
142   1     5190    4070      1120
198   1     2970    2970         0
215   1     5985    3905      2080
240   1     5350    4950       400
260   1     4930    4290       640
319   1     4925    4125       800
366   1    22665    4345     18320
378   1     4400    4400         0
416   1     1925    1925         0
421   1     4515    3795       720
455   1     7745    4785      2960
492   1     4120    3960       160
506   1     3795    3795         0
555   1     4070    4070         0
565   1     3795    3795         0
580   1      880     880         0
583   1     2035    2035         0
585   1     3840    3520       320
;

