#Nombre	DiaAten	ModelId		T.Servicio	Penalty
191_PR_3	3	1	60	16140
101_PR_2	2	1	60	16140
1_PR_1	1	1	90	16545
341_SA_5	5	1	70	16561
102_SA_2	2	2	120	16568
2_SA_1	1	2	90	16852
103_SA_2	2	3	120	17188
104_LC_2	2	4	120	17549
271_PR_4	4	1	60	17589
105_LC_2	-3	5	200	35320
342_PR_5	5	2	60	17690
192_PR_3	3	2	130	17714
193_LC_3	3	3	70	17767
272_LC_4	4	2	130	18106
273_LC_4	4	3	90	18256
343_LC_5	5	3	45	18258
274_SA_4	4	4	60	18290
3_SA_1	1	3	75	18295
106_NU_2	2	6	75	18319
107_PR_2	2	7	30	18330
344_LC_5	5	4	120	18366
108_LC_2	2	8	10	18366
345_SA_5	5	5	150	18401
194_PR_3	3	4	20	18458
4_LC_1	1	4	120	18560
195_SA_3	3	5	150	18580
5_SA_1	1	5	90	18629
197_SA_3	-4	6	120	37258
346_LC_5	5	6	70	18629
199_SA_3	3	7	80	18629
196_PR_3	3	8	45	18629
198_SA_3	3	9	60	18629
6_SA_1	1	6	30	18639
200_SA_3	3	10	60	18639
201_LC_3	3	11	270	18639
347_SA_5	5	7	20	18670
7_SA_1	1	7	290	18741
202_SA_3	3	12	180	18741
8_SA_1	-2	8	60	37482
110_SA_2	2	9	120	18741
111_SA_2	-3	10	120	37482
112_SA_2	2	11	60	18741
109_SA_2	2	12	110	18741
114_SA_2	2	13	60	18741
113_SA_2	2	14	60	18741
203_SA_3	3	13	45	18741
115_PR_2	2	15	90	18962
348_SA_5	5	8	60	19000
349_SA_5	5	9	15	19000
9_SA_1	-2	9	360	38092
10_SA_1	1	10	60	19046
13_SA_1	1	11	60	19046
14_SA_1	1	12	90	19046
350_SA_5	5	10	180	19046
12_SA_1	1	13	75	19046
204_SA_3	3	14	80	19046
205_SA_3	3	15	60	19046
352_PR_5	5	11	70	19046
11_SA_1	1	14	120	19046
275_SA_4	4	5	90	19046
276_SA_4	4	6	60	19046
277_SA_4	4	7	120	19046
120_SA_2	2	16	55	19046
279_SA_4	4	8	300	19046
280_NU_4	4	9	60	19046
119_SA_2	2	17	60	19046
124_SA_2	2	18	30	19046
121_LC_2	2	19	45	19046
122_SA_2	-3	20	50	38092
351_SA_5	5	12	60	19046
118_SA_2	2	21	120	19046
278_PR_4	4	10	150	19046
116_SA_2	2	22	60	19046
117_SA_2	2	23	140	19046
123_SA_2	2	24	50	19046
15_SA_1	1	15	240	19119
125_SA_2	2	25	60	19244
281_PR_4	4	11	70	19244
282_LC_4	4	12	90	19261
127_PR_2	2	26	80	19359
206_PR_3	3	16	35	19359
126_PR_2	2	27	180	19359
353_SA_5	5	13	5	19375
354_PR_5	5	14	30	19388
16_SA_1	1	16	110	19423
207_SA_3	3	17	50	19423
128_SA_2	2	28	120	19459
17_NU_1	-2	17	180	38944
129_NU_2	2	29	120	19472
283_SA_4	4	13	180	19502
355_LC_5	5	15	150	19576
130_SA_2	2	30	90	19576
356_SA_5	5	16	150	19673
131_PR_2	-3	31	215	39422
18_SA_1	1	18	90	19730
208_SA_3	3	18	90	19730
209_SA_3	3	19	45	19730
132_SA_2	2	32	20	19730
19_SA_1	1	19	180	19772
210_SA_3	3	20	180	19772
284_SA_4	4	14	240	19772
134_SA_2	2	33	60	19774
133_SA_2	2	34	90	19774
357_SA_5	5	17	60	19774
285_SA_4	4	15	60	19781
135_SA_2	2	35	60	19898
20_SA_1	1	20	60	19898
136_LC_2	2	36	30	19948
286_PR_4	4	16	60	19979
360_LC_5	5	18	10	19979
358_PR_5	5	19	70	19979
137_PR_2	2	37	150	19979
359_LC_5	5	20	10	19979
361_SA_5	5	21	10	19979
21_NU_1	1	21	90	19986
211_NU_3	3	21	40	19986
362_PR_5	5	22	240	19991
22_PR_1	1	22	60	20016
213_LC_3	3	22	90	20016
139_PR_2	2	38	60	20016
140_SA_2	2	39	50	20016
288_SA_4	4	17	60	20016
287_PR_4	4	18	90	20016
212_SA_3	3	23	40	20016
138_VI_2	2	40	90	20016
363_VI_5	5	23	10	20033
214_VI_3	3	24	25	20033
215_PR_3	3	25	45	20044
23_SA_1	1	23	90	20111
24_PR_1	1	24	100	20135
289_LC_4	4	19	110	20197
25_PR_1	1	25	90	20220
141_NU_2	2	41	150	20235
26_NU_1	-2	26	420	40470
27_LC_1	1	27	180	20252
216_SA_3	3	26	80	20284
28_SA_1	1	28	30	20305
29_SA_1	1	29	60	20327
364_PR_5	5	24	1	20330
217_SA_3	3	27	150	20338
365_SA_5	5	25	120	20338
290_SA_4	4	20	60	20338
291_SA_4	4	21	150	20409
292_PR_4	4	22	50	20429
293_PR_4	4	23	165	20429
294_SA_4	4	24	90	20488
142_LC_2	2	42	50	20490
218_SA_3	3	28	120	20515
219_SA_3	3	29	90	20515
143_SA_2	2	43	180	20515
144_SA_2	-3	44	90	41138
145_LC_2	2	45	60	20608
146_SA_2	2	46	165	20608
147_LC_2	2	47	30	20608
220_PR_3	3	30	60	20608
30_PR_1	1	30	60	20620
295_LC_4	4	25	60	20652
366_SA_5	5	26	20	20685
32_SA_1	1	31	90	20700
31_SA_1	1	32	90	20700
367_PR_5	5	27	15	20720
33_LC_1	1	33	150	20721
221_PR_3	3	31	35	20732
296_SA_4	4	26	90	20756
222_PR_3	3	32	60	20757
223_PR_3	3	33	40	20826
224_PR_3	3	34	50	20854
34_LC_1	1	34	80	20864
148_SA_2	2	48	90	20878
368_PR_5	5	28	5	20896
369_SA_5	5	29	120	20899
370_SA_5	5	30	140	20899
225_SA_3	3	35	80	20929
35_SA_1	1	35	105	20929
297_SA_4	4	27	100	20934
36_LC_1	1	36	60	20939
298_PR_4	4	28	120	20978
150_SA_2	2	49	120	20989
149_SA_2	2	50	235	20989
151_SA_2	2	51	120	21007
38_PR_1	1	37	80	21010
371_PR_5	5	31	30	21010
37_PR_1	1	38	60	21010
39_LC_1	-2	39	90	42038
226_PR_3	3	36	65	21036
372_LC_5	5	32	60	21036
227_LC_3	3	37	120	21036
40_SA_1	1	40	60	21041
228_SA_3	3	38	100	21096
152_LC_2	2	52	1	21101
41_LC_1	1	41	120	21114
42_PR_1	1	42	60	21114
299_LC_4	4	29	60	21125
43_SA_1	1	43	207	21156
300_SA_4	4	30	105	21173
301_SA_4	4	31	75	21194
44_PR_1	1	44	25	21202
153_PR_2	2	53	230	21230
302_SA_4	4	32	90	21238
373_SA_5	5	33	60	21246
154_PR_2	2	54	170	21256
374_PR_5	5	34	105	21256
155_SA_2	2	55	240	21270
375_PR_5	5	35	170	21321
229_SA_3	3	39	60	21325
156_PR_2	2	56	80	21375
45_VI_1	1	45	75	21390
46_SA_1	1	46	90	21415
47_SA_1	1	47	90	21415
230_PR_3	3	40	30	21428
303_LC_4	4	33	60	21451
376_PR_5	5	36	75	21463
304_VI_4	4	34	120	21484
231_SA_3	3	41	80	21484
49_SA_1	1	48	60	21484
306_SA_4	4	35	270	21484
305_PR_4	4	36	25	21484
377_PR_5	5	37	30	21484
157_SA_2	-3	57	150	42968
48_SA_1	1	49	60	21484
232_PR_3	3	42	120	21484
307_SA_4	4	37	120	21490
233_SA_3	3	43	40	21500
378_PR_5	5	38	30	21556
234_LC_3	3	44	60	21558
235_LC_3	3	45	120	21606
379_LC_5	5	39	60	21693
50_LC_1	1	50	80	21709
158_PR_2	2	58	85	21716
236_VI_3	3	46	90	21717
308_PR_4	4	38	30	21718
237_PR_3	3	47	70	21718
159_SA_2	2	59	55	21719
51_SA_1	1	51	90	21719
160_PR_2	2	60	60	21769
309_PR_4	4	39	60	21786
310_PR_4	4	40	120	21786
161_LC_2	2	61	180	21794
238_SA_3	3	48	60	21799
162_SA_2	2	62	1	21817
239_SA_3	-4	49	180	43712
52_PR_1	1	52	30	21875
240_PR_3	3	50	60	21875
53_NU_1	1	53	90	21969
311_PR_4	4	41	60	21971
241_SA_3	3	51	20	21995
55_LC_1	1	54	60	22001
54_LC_1	1	55	60	22001
312_PR_4	4	42	50	22025
56_LC_1	1	56	150	22052
313_PR_4	4	43	50	22067
163_PR_2	2	63	120	22067
164_NU_2	2	64	90	22067
314_SA_4	4	44	20	22088
380_LC_5	5	40	234	22090
59_SA_1	1	57	60	22144
57_SA_1	1	58	60	22144
58_SA_1	1	59	60	22144
165_SA_2	2	65	120	22186
60_LC_1	1	60	90	22197
167_SA_2	2	66	60	22234
64_SA_1	1	61	10	22234
62_SA_1	1	62	150	22234
61_SA_1	1	63	30	22234
166_SA_2	2	67	40	22234
65_SA_1	1	64	30	22234
63_SA_1	1	65	75	22234
381_SA_5	5	41	60	22234
242_LC_3	3	52	40	22237
315_SA_4	4	45	180	22256
316_NU_4	4	46	60	22262
66_PR_1	1	66	75	22307
168_SA_2	2	68	60	22307
67_SA_1	1	67	60	22314
317_LC_4	4	47	45	22327
243_SA_3	3	53	120	22421
318_SA_4	4	48	240	22421
68_SA_1	1	68	120	22459
69_VI_1	1	69	60	22492
382_PR_5	5	42	30	22506
319_PR_4	4	49	90	22513
71_PR_1	-2	70	520	45044
70_SA_1	1	71	180	22522
170_SA_2	2	69	120	22522
244_SA_3	3	54	80	22522
169_LC_2	2	70	135	22522
171_PR_2	2	71	65	22587
172_NU_2	2	72	60	22597
321_SA_4	4	50	240	22610
383_SA_5	5	43	240	22610
73_PR_1	1	72	120	22610
72_SA_1	1	73	195	22610
320_SA_4	4	51	120	22610
322_SA_4	4	52	90	22610
245_SA_3	3	55	160	22630
384_SA_5	5	44	240	22630
323_SA_4	4	53	120	22630
246_LC_3	3	56	100	22632
247_SA_3	3	57	90	22693
74_SA_1	1	74	60	22694
75_SA_1	1	75	75	22706
174_SA_2	-3	73	360	45412
173_SA_2	2	74	55	22706
175_SA_2	2	75	90	22706
385_SA_5	5	45	60	22706
248_SA_3	3	58	60	22713
176_SA_2	2	76	90	22757
177_PR_2	2	77	50	22849
249_SA_3	3	59	75	22856
76_SA_1	1	76	100	22875
250_SA_3	3	60	60	22914
77_SA_1	1	77	120	22914
178_NU_2	2	78	20	22917
324_SA_4	4	54	130	22924
325_PR_4	4	55	180	22938
386_SA_5	5	46	90	22948
179_PR_2	2	79	100	22973
251_PR_3	3	61	60	23032
180_LC_2	2	80	60	23076
326_SA_4	4	56	1	23180
78_SA_1	1	78	60	23180
79_SA_1	1	79	100	23180
181_LC_2	2	81	120	23180
252_SA_3	3	62	55	23180
387_SA_5	5	47	90	23211
80_SA_1	1	80	90	23225
81_SA_1	1	81	60	23226
388_SA_5	5	48	60	23251
389_SA_5	5	49	90	23269
253_SA_3	3	63	60	23269
82_VI_1	1	82	30	23276
390_LC_5	5	50	180	23334
255_PR_3	3	64	150	23374
254_PR_3	3	65	60	23374
256_PR_3	3	66	90	23391
257_SA_3	3	67	5	23489
258_SA_3	3	68	120	23500
83_SA_1	1	83	240	23500
327_SA_4	4	57	120	23538
84_LC_1	1	84	15	23620
85_PR_1	1	85	70	23649
86_PR_1	1	86	90	23695
259_SA_3	3	69	110	23723
260_SA_3	3	70	120	23727
261_SA_3	3	71	90	23733
87_SA_1	1	87	60	23775
262_SA_3	3	72	120	23775
88_LC_1	-2	88	120	47566
328_LC_4	4	58	120	23795
329_LC_4	4	59	90	23795
182_LC_2	-3	82	60	47642
183_NU_2	2	83	20	23832
263_SA_3	3	73	60	23858
184_SA_2	2	84	15	23858
185_SA_2	2	85	35	23870
331_SA_4	4	60	160	23870
330_SA_4	4	61	120	23870
264_SA_3	3	74	65	23883
186_PR_2	2	86	120	23901
187_SA_2	2	87	210	23914
89_PR_1	1	89	70	23920
90_SA_1	1	90	90	23962
391_LC_5	5	51	75	23993
393_PR_5	5	52	150	24092
91_PR_1	1	91	120	24092
392_PR_5	5	53	35	24092
188_VI_2	2	88	100	24142
332_PR_4	4	62	120	24169
265_PR_3	3	75	100	24289
92_SA_1	1	92	60	24301
333_VI_4	4	63	90	24302
394_PR_5	5	54	75	24334
93_SA_1	1	93	90	24525
94_NU_1	1	94	160	24650
95_SA_1	1	95	140	24688
334_SA_4	4	64	30	24774
96_VI_1	1	96	50	25148
98_PR_1	1	97	10	25195
97_PR_1	1	98	20	25195
335_SA_4	4	65	30	25268
266_SA_3	3	76	80	25288
99_SA_1	1	99	75	25324
267_NU_3	3	77	50	25337
336_VI_4	4	66	240	25418
337_PR_4	4	67	1	25439
395_SA_5	5	55	90	25570
338_SA_4	4	68	60	25570
396_SA_5	5	56	60	25854
397_SA_5	5	57	10	25854
268_SA_3	3	78	90	25871
398_NU_5	5	58	150	26000
340_SA_4	4	69	60	26000
339_SA_4	4	70	140	26000
189_PR_2	2	89	80	26000
399_SA_5	5	59	60	26036
190_SA_2	2	90	30	26036
100_PR_1	1	100	60	26401
269_SA_3	3	79	40	26847
400_PR_5	5	60	45	26879
270_PR_3	3	80	75	27193
