Iter 98
MasterProb = 321712

s [*] :=
1  96
2  92
3  59
4  91
5  94
;

SubProb = -105953
d = 12

distanceCost*(sum{l in 1 .. Lcap - 1} t[l]) = 4235

Iter 99
MasterProb = 219147

s [*] :=
1   94
2   96
3   98
4   99
5  100
;

SubProb = -36681
d = 0

distanceCost*(sum{l in 1 .. Lcap - 1} t[l]) = 1595

Iter 100
MasterProb = 219147

s [*] :=
1  94
2  92
3  11
4  98
5  99
;

SubProb = -40572.6
d = 0

distanceCost*(sum{l in 1 .. Lcap - 1} t[l]) = 1760

Iter 101
MasterProb = 219147

s [*] :=
1  92
2  91
3  17
4  25
5  44
;

SubProb = -47027.9
d = 4

distanceCost*(sum{l in 1 .. Lcap - 1} t[l]) = 3520

Iter 102
MasterProb = 219147

s [*] :=
1  54
2  40
3  38
4  96
5  88
;

SubProb = -30973.7
d = 64

distanceCost*(sum{l in 1 .. Lcap - 1} t[l]) = 3520

Iter 103
MasterProb = 219147

s [*] :=
1  94
2   3
3  81
4  82
5  42
;

SubProb = -31186.9
d = 27

distanceCost*(sum{l in 1 .. Lcap - 1} t[l]) = 3685

Iter 104
MasterProb = 215818

s [*] :=
1  96
2  91
3  21
4  78
5  64
;

SubProb = -23915
d = 0

distanceCost*(sum{l in 1 .. Lcap - 1} t[l]) = 4400

Iter 105
MasterProb = 215818

s [*] :=
1  96
2  49
3  48
4  74
5  93
;

SubProb = -21093.3
d = 162

distanceCost*(sum{l in 1 .. Lcap - 1} t[l]) = 4235

Iter 106
MasterProb = 203418

s [*] :=
1   87
2   93
3   98
4   99
5  100
;

SubProb = -13538.3
d = 0

distanceCost*(sum{l in 1 .. Lcap - 1} t[l]) = 880

Iter 107
MasterProb = 200869

s [*] :=
1   85
2   95
3   98
4   99
5  100
;

SubProb = -499.36
d = 0

distanceCost*(sum{l in 1 .. Lcap - 1} t[l]) = 1265

Iter 108
MasterProb = 200846

s [*] :=
1  93
2  28
3  89
4  98
5  99
;

SubProb = -5353.19
d = 0

distanceCost*(sum{l in 1 .. Lcap - 1} t[l]) = 2035

Iter 109
MasterProb = 199578

s [*] :=
1  14
2  84
3   1
4   4
5  93
;

SubProb = -4248.07
d = 98

distanceCost*(sum{l in 1 .. Lcap - 1} t[l]) = 4565

Iter 110
MasterProb = 199098

s [*] :=
1  19
2  41
3  15
4  63
5  68
;

SubProb = -3508.47
d = 50

distanceCost*(sum{l in 1 .. Lcap - 1} t[l]) = 3575

Iter 111
MasterProb = 198805

s [*] :=
1   4
2   1
3  75
4  14
5  92
;

SubProb = -1028.88
d = 40

distanceCost*(sum{l in 1 .. Lcap - 1} t[l]) = 3850

Iter 112
MasterProb = 198782

s [*] :=
1   4
2   1
3  75
4  14
5  92
;

SubProb = 3.63798e-12
d = 40

distanceCost*(sum{l in 1 .. Lcap - 1} t[l]) = 3850

Problema Entero
MasterProb = 281452

fo1 = 127960
fo2 = 153492

x[j] [*] :=
 97  1
118  1
138  1
181  1
207  1
208  1
213  1
216  1
254  1
271  1
275  1
291  1
304  1
314  1
360  1
480  1
495  1
528  1
537  1
538  1
;

aa[i,j] [*,*]
:   97 118 138 181 207 208 213 216 254 271 275 291 304 314 360 480 495 528 537 :=
1    0   0   0   0   0   0   0   0   0   0   0   0   1   0   0   0   0   0   0
2    0   0   0   0   0   0   0   0   0   0   0   0   0   0   1   0   0   0   0
3    0   0   0   0   0   0   0   0   0   1   0   0   0   0   0   0   0   0   0
4    0   0   0   0   0   0   0   0   0   0   1   0   0   0   0   0   0   0   0
5    0   0   0   0   0   0   0   0   0   0   0   0   0   0   0   0   0   0   0
6    0   1   0   0   0   0   0   0   0   0   0   0   0   0   0   0   0   0   0
7    0   0   0   0   0   0   0   1   0   0   0   0   0   0   0   0   0   0   0
8    0   0   0   0   0   0   0   0   0   0   0   0   0   1   0   0   0   0   0
9    0   0   0   1   0   0   0   0   0   0   0   0   0   0   0   0   0   0   0
10   0   0   0   0   0   0   0   0   0   1   0   0   0   0   0   0   0   0   0
11   0   0   0   0   0   0   0   1   0   0   0   0   0   0   0   0   0   0   0
12   0   0   0   0   0   0   0   1   0   0   0   0   0   0   0   0   0   0   0
13   0   0   0   0   0   0   0   0   0   0   0   0   1   0   0   0   0   0   0
14   0   0   0   1   0   0   0   0   0   0   0   0   0   0   0   0   0   0   0
15   0   0   0   0   0   0   1   0   0   0   0   0   0   0   0   0   0   0   0
16   0   0   0   0   0   0   0   0   0   0   0   0   0   0   0   0   1   0   0
17   0   0   0   0   0   1   0   0   0   0   0   0   0   0   0   0   0   0   0
18   0   0   1   0   0   0   0   0   0   0   0   0   0   0   0   0   0   0   0
19   0   0   0   0   0   0   0   1   0   0   0   0   0   0   0   0   0   0   0
20   0   0   0   0   0   0   0   0   1   0   0   0   0   0   0   0   0   0   0
21   0   0   1   0   0   0   0   0   0   0   0   0   0   0   0   0   0   0   0
22   0   0   0   0   0   0   0   0   0   1   0   0   0   0   0   0   0   0   0
23   0   0   0   0   0   0   0   0   0   0   0   0   0   0   1   0   0   0   0
24   0   0   0   0   0   0   0   0   0   0   0   1   0   0   0   0   0   0   0
25   0   0   0   0   0   0   0   0   0   1   0   0   0   0   0   0   0   0   0
26   0   0   0   0   0   0   0   0   0   0   0   0   0   0   1   0   0   0   0
27   0   0   0   0   0   0   0   0   0   0   0   0   0   0   0   0   0   0   0
28   0   0   0   0   0   0   0   0   0   0   0   0   0   0   0   0   0   0   0
29   0   0   0   0   0   0   0   0   0   0   1   0   0   0   0   0   0   0   0
30   0   0   1   0   0   0   0   0   0   0   0   0   0   0   0   0   0   0   0
31   0   0   0   0   0   0   0   0   0   0   0   0   0   1   0   0   0   0   0
32   0   0   0   0   1   0   0   0   0   0   0   0   0   0   0   0   0   0   0
33   0   0   0   0   0   0   0   0   0   0   0   0   0   0   0   0   1   0   0
34   0   0   0   0   0   0   0   0   0   0   1   0   0   0   0   0   0   0   0
35   0   0   0   0   0   0   0   0   1   0   0   0   0   0   0   0   0   0   0
36   0   0   0   0   0   0   0   0   0   0   0   0   0   0   0   0   0   0   0
37   0   0   0   0   0   0   0   0   0   0   0   0   0   1   0   0   0   0   0
38   0   0   0   1   0   0   0   0   0   0   0   0   0   0   0   0   0   0   0
39   0   0   0   0   0   0   0   0   0   0   0   0   0   0   0   0   0   0   0
40   0   0   0   0   0   0   1   0   0   0   0   0   0   0   0   0   0   0   0
41   0   0   0   0   0   0   0   0   0   0   0   0   0   0   0   0   0   0   0
42   0   1   0   0   0   0   0   0   0   0   0   0   0   0   0   0   0   0   0
43   0   0   0   0   0   1   0   0   0   0   0   0   0   0   0   0   0   0   0
44   0   0   0   0   1   0   0   0   0   0   0   0   0   0   0   0   0   0   0
45   0   0   0   0   0   0   0   0   0   0   1   0   0   0   0   0   0   0   0
46   0   0   1   0   0   0   0   0   0   0   0   0   0   0   0   0   0   0   0
47   0   0   0   0   0   0   0   0   0   0   1   0   0   0   0   0   0   0   0
48   0   0   0   0   0   0   0   0   0   0   0   0   0   0   0   0   1   0   0
49   0   0   0   0   0   0   1   0   0   0   0   0   0   0   0   0   0   0   0
50   0   0   0   0   0   0   0   0   0   0   0   1   0   0   0   0   0   0   0
51   0   0   0   0   0   0   0   0   0   0   0   1   0   0   0   0   0   0   0
52   0   0   0   0   0   0   1   0   0   0   0   0   0   0   0   0   0   0   0
53   0   0   0   0   0   0   0   0   0   0   0   0   0   0   0   0   0   0   0
54   0   0   0   0   0   0   0   1   0   0   0   0   0   0   0   0   0   0   0
55   0   0   0   0   0   0   0   0   0   0   0   0   0   0   0   0   0   0   0
56   0   0   0   0   0   0   0   0   0   0   0   0   1   0   0   0   0   0   0
57   0   0   0   0   0   0   0   0   1   0   0   0   0   0   0   0   0   0   0
58   0   0   0   0   0   0   0   0   0   0   0   0   1   0   0   0   0   0   0
59   0   0   0   0   0   0   0   0   0   0   0   0   0   0   0   0   0   1   0
60   0   0   0   0   0   0   0   0   0   0   0   0   0   1   0   0   0   0   0
61   0   1   0   0   0   0   0   0   0   0   0   0   0   0   0   0   0   0   0
62   0   0   0   1   0   0   0   0   0   0   0   0   0   0   0   0   0   0   0
63   0   0   0   0   0   0   0   0   1   0   0   0   0   0   0   0   0   0   0
64   0   0   0   0   0   0   0   0   0   0   0   0   0   0   0   1   0   0   0
65   0   0   0   0   0   0   1   0   0   0   0   0   0   0   0   0   0   0   0
66   0   0   0   0   0   0   0   0   0   0   0   1   0   0   0   0   0   0   0
67   0   0   0   0   0   0   0   0   0   0   0   0   0   0   0   0   1   0   0
68   0   0   0   0   0   0   0   0   0   0   0   0   0   0   0   0   0   0   0
69   0   1   0   0   0   0   0   0   0   0   0   0   0   0   0   0   0   0   0
70   0   0   0   0   0   0   0   0   0   0   0   0   0   0   0   1   0   0   0
71   0   0   0   0   0   1   0   0   0   0   0   0   0   0   0   0   0   0   0
72   0   0   0   0   1   0   0   0   0   0   0   0   0   0   0   0   0   0   0
73   0   0   0   0   0   0   0   0   0   1   0   0   0   0   0   0   0   0   0
74   0   0   1   0   0   0   0   0   0   0   0   0   0   0   0   0   0   0   0
75   0   0   0   0   0   0   0   0   0   0   0   0   1   0   0   0   0   0   0
76   0   0   0   0   0   0   0   0   0   0   0   0   0   1   0   0   0   0   0
77   0   0   0   0   0   0   0   0   0   0   0   0   0   0   1   0   0   0   0
78   0   0   0   0   0   1   0   0   0   0   0   0   0   0   0   0   0   0   0
79   0   0   0   0   0   0   0   0   0   0   0   0   0   0   0   1   0   0   0
80   0   1   0   0   0   0   0   0   0   0   0   0   0   0   0   0   0   0   0
81   0   0   0   0   1   0   0   0   0   0   0   0   0   0   0   0   0   0   0
82   0   0   0   0   0   1   0   0   0   0   0   0   0   0   0   0   0   0   0
83   0   0   0   0   0   0   0   0   0   0   0   0   0   0   1   0   0   0   0
84   0   0   0   0   0   0   0   0   0   0   0   1   0   0   0   0   0   0   0
85   0   0   0   0   0   0   0   0   0   0   0   0   0   0   0   0   0   0   1
86   0   0   0   0   0   0   0   0   0   0   0   0   0   0   0   1   0   0   0
87   0   0   0   1   0   0   0   0   0   0   0   0   0   0   0   0   0   0   0
88   0   0   0   0   0   0   0   0   1   0   0   0   0   0   0   0   0   0   0
89   0   0   0   0   0   0   0   0   0   0   0   0   0   0   0   0   0   0   0
90   0   0   0   0   0   0   0   0   0   0   0   0   0   0   0   0   1   0   0
91   0   0   0   0   0   0   0   0   0   0   0   0   0   0   0   0   0   1   0
92   0   0   0   0   0   0   0   0   0   0   0   0   0   0   0   0   0   1   0
93   0   0   0   0   0   0   0   0   0   0   0   0   0   0   0   0   0   0   0
94   0   0   0   0   0   0   0   0   0   0   0   0   0   0   0   0   0   1   0
95   0   0   0   0   0   0   0   0   0   0   0   0   0   0   0   0   0   0   1
96   0   0   0   0   0   0   0   0   0   0   0   0   0   0   0   0   0   1   0
97   1   0   0   0   0   0   0   0   0   0   0   0   0   0   0   0   0   0   0

:  538    :=
1    0
2    0
3    0
4    0
5    0
6    0
7    0
8    0
9    0
10   0
11   0
12   0
13   0
14   0
15   0
16   0
17   0
18   0
19   0
20   0
21   0
22   0
23   0
24   0
25   0
26   0
27   0
28   1
29   0
30   0
31   0
32   0
33   0
34   0
35   0
36   0
37   0
38   0
39   0
40   0
41   0
42   0
43   0
44   0
45   0
46   0
47   0
48   0
49   0
50   0
51   0
52   0
53   0
54   0
55   0
56   0
57   0
58   0
59   0
60   0
61   0
62   0
63   0
64   0
65   0
66   0
67   0
68   0
69   0
70   0
71   0
72   0
73   0
74   0
75   0
76   0
77   0
78   0
79   0
80   0
81   0
82   0
83   0
84   0
85   0
86   0
87   0
88   0
89   1
90   0
91   0
92   0
93   1
94   0
95   0
96   0
97   0
;

vi[i] [*] :=
 5  1
27  1
36  1
39  1
41  1
53  1
55  1
68  1
;

:   x[i]   c[i]  travel[i] delay[i]    :=
97    1        0       0         0
118   1    10120    3960      6160
138   1     7040    3520      3520
181   1     6995    3795      3200
207   1     2860    2860         0
208   1     4235    4235         0
213   1     6350    4510      1840
216   1     5060    4180       880
254   1     9315    3795      5520
271   1    27840    3520     24320
275   1     4110    3630       480
291   1     8640    3520      5120
304   1     4620    4620         0
314   1    13050    3850      9200
360   1     3245    3245         0
480   1     2465    2145       320
495   1     3520    3520         0
528   1     5195    4235       960
537   1     1265    1265         0
538   1     2035    2035         0
;

