#Nombre	DiaAten	ModelId		T.Servicio	Penalty
191_PR_3	-4	1	60	20546
101_PR_2	2	1	60	10273
1_PR_1	1	1	90	11183
341_SA_5	5	1	70	13872
102_SA_2	2	2	120	14039
2_SA_1	-2	2	90	28096
103_SA_2	2	3	120	14686
104_LC_2	2	4	120	14728
271_PR_4	4	1	60	14859
105_LC_2	-3	5	200	29756
342_PR_5	5	2	60	15193
192_PR_3	3	2	130	15779
193_LC_3	3	3	70	16108
272_LC_4	4	2	130	16565
273_LC_4	4	3	90	16716
343_LC_5	5	3	45	16790
274_SA_4	4	4	60	16991
3_SA_1	1	3	75	17026
106_NU_2	2	6	75	17058
107_PR_2	2	7	30	17143
344_LC_5	5	4	120	17158
108_LC_2	2	8	10	17158
345_SA_5	5	5	150	17248
194_PR_3	3	4	20	17292
4_LC_1	1	4	120	17475
195_SA_3	3	5	150	17482
5_SA_1	1	5	90	17505
197_SA_3	3	6	120	17505
346_LC_5	5	6	70	17505
199_SA_3	3	7	80	17505
196_PR_3	3	8	45	17505
198_SA_3	-4	9	60	35010
6_SA_1	1	6	30	17535
200_SA_3	3	10	60	17535
201_LC_3	3	11	270	17535
347_SA_5	5	7	20	17570
7_SA_1	1	7	290	17594
202_SA_3	3	12	180	17594
8_SA_1	1	8	60	17594
110_SA_2	2	9	120	17594
111_SA_2	2	10	120	17594
112_SA_2	2	11	60	17594
109_SA_2	2	12	110	17594
114_SA_2	2	13	60	17594
113_SA_2	2	14	60	17594
203_SA_3	3	13	45	17594
115_PR_2	2	15	90	17609
348_SA_5	5	8	60	17614
349_SA_5	5	9	15	17614
9_SA_1	1	9	360	17739
10_SA_1	1	10	60	17739
13_SA_1	1	11	60	17739
14_SA_1	1	12	90	17739
350_SA_5	5	10	180	17739
12_SA_1	1	13	75	17739
204_SA_3	3	14	80	17739
205_SA_3	3	15	60	17739
352_PR_5	5	11	70	17739
11_SA_1	-2	14	120	35478
275_SA_4	4	5	90	17739
276_SA_4	4	6	60	17739
277_SA_4	4	7	120	17739
120_SA_2	2	16	55	17739
279_SA_4	4	8	300	17739
280_NU_4	4	9	60	17739
119_SA_2	2	17	60	17739
124_SA_2	2	18	30	17739
121_LC_2	2	19	45	17739
122_SA_2	2	20	50	17739
351_SA_5	5	12	60	17739
118_SA_2	2	21	120	17739
278_PR_4	4	10	150	17739
116_SA_2	2	22	60	17739
117_SA_2	2	23	140	17739
123_SA_2	2	24	50	17739
15_SA_1	-2	15	240	35526
125_SA_2	2	25	60	17932
281_PR_4	4	11	70	17932
282_LC_4	4	12	90	17938
127_PR_2	2	26	80	17953
206_PR_3	3	16	35	17953
126_PR_2	-3	27	180	35906
353_SA_5	5	13	5	17994
354_PR_5	5	14	30	18048
16_SA_1	1	16	110	18073
207_SA_3	3	17	50	18073
128_SA_2	2	28	120	18134
17_NU_1	1	17	180	18138
129_NU_2	2	29	120	18138
283_SA_4	4	13	180	18181
355_LC_5	5	15	150	18183
130_SA_2	2	30	90	18183
356_SA_5	5	16	150	18226
131_PR_2	2	31	215	18291
18_SA_1	1	18	90	18319
208_SA_3	3	18	90	18319
209_SA_3	3	19	45	18319
132_SA_2	2	32	20	18319
19_SA_1	1	19	180	18528
210_SA_3	3	20	180	18528
284_SA_4	4	14	240	18528
134_SA_2	2	33	60	18555
133_SA_2	2	34	90	18555
357_SA_5	5	17	60	18555
285_SA_4	4	15	60	18583
135_SA_2	2	35	60	18630
20_SA_1	1	20	60	18630
136_LC_2	-3	36	30	37276
286_PR_4	4	16	60	18674
360_LC_5	5	18	10	18674
358_PR_5	5	19	70	18674
137_PR_2	2	37	150	18674
359_LC_5	5	20	10	18674
361_SA_5	5	21	10	18674
21_NU_1	1	21	90	18798
211_NU_3	3	21	40	18798
362_PR_5	5	22	240	18938
22_PR_1	1	22	60	18940
213_LC_3	3	22	90	18940
139_PR_2	2	38	60	18940
140_SA_2	-3	39	50	37880
288_SA_4	4	17	60	18940
287_PR_4	4	18	90	18940
212_SA_3	3	23	40	18940
138_VI_2	2	40	90	18940
363_VI_5	5	23	10	19057
214_VI_3	3	24	25	19057
215_PR_3	3	25	45	19118
23_SA_1	-2	23	90	38276
24_PR_1	1	24	100	19149
289_LC_4	4	19	110	19154
25_PR_1	1	25	90	19244
141_NU_2	-3	41	150	38560
26_NU_1	-2	26	420	38560
27_LC_1	1	27	180	19318
216_SA_3	3	26	80	19342
28_SA_1	1	28	30	19353
29_SA_1	1	29	60	19390
364_PR_5	5	24	1	19433
217_SA_3	3	27	150	19460
365_SA_5	5	25	120	19460
290_SA_4	4	20	60	19460
291_SA_4	4	21	150	19515
292_PR_4	4	22	50	19564
293_PR_4	4	23	165	19564
294_SA_4	4	24	90	19582
142_LC_2	2	42	50	19606
218_SA_3	3	28	120	19686
219_SA_3	3	29	90	19686
143_SA_2	2	43	180	19686
144_SA_2	2	44	90	19701
145_LC_2	2	45	60	19712
146_SA_2	2	46	165	19712
147_LC_2	2	47	30	19712
220_PR_3	3	30	60	19712
30_PR_1	1	30	60	19798
295_LC_4	4	25	60	19842
366_SA_5	5	26	20	19871
32_SA_1	1	31	90	19880
31_SA_1	1	32	90	19880
367_PR_5	5	27	15	19900
33_LC_1	1	33	150	19982
221_PR_3	3	31	35	19984
296_SA_4	4	26	90	20011
222_PR_3	3	32	60	20061
223_PR_3	3	33	40	20083
224_PR_3	3	34	50	20109
34_LC_1	1	34	80	20203
148_SA_2	2	48	90	20225
368_PR_5	5	28	5	20310
369_SA_5	5	29	120	20314
370_SA_5	5	30	140	20314
225_SA_3	3	35	80	20319
35_SA_1	1	35	105	20319
297_SA_4	4	27	100	20352
36_LC_1	-2	36	60	40756
298_PR_4	4	28	120	20390
150_SA_2	2	49	120	20400
149_SA_2	2	50	235	20400
151_SA_2	2	51	120	20400
38_PR_1	1	37	80	20421
371_PR_5	5	31	30	20421
37_PR_1	1	38	60	20421
39_LC_1	1	39	90	20460
226_PR_3	3	36	65	20501
372_LC_5	5	32	60	20548
227_LC_3	3	37	120	20550
40_SA_1	1	40	60	20556
228_SA_3	3	38	100	20581
152_LC_2	2	52	1	20634
41_LC_1	1	41	120	20647
42_PR_1	1	42	60	20647
299_LC_4	4	29	60	20669
43_SA_1	1	43	207	20680
300_SA_4	4	30	105	20689
301_SA_4	4	31	75	20709
44_PR_1	1	44	25	20711
153_PR_2	-3	53	230	41442
302_SA_4	4	32	90	20724
373_SA_5	5	33	60	20731
154_PR_2	2	54	170	20765
374_PR_5	5	34	105	20765
155_SA_2	-3	55	240	41602
375_PR_5	5	35	170	20881
229_SA_3	3	39	60	20890
156_PR_2	2	56	80	20904
45_VI_1	1	45	75	20934
46_SA_1	1	46	90	20998
47_SA_1	1	47	90	20998
230_PR_3	3	40	30	21009
303_LC_4	4	33	60	21035
376_PR_5	5	36	75	21103
304_VI_4	4	34	120	21107
231_SA_3	3	41	80	21107
49_SA_1	1	48	60	21107
306_SA_4	4	35	270	21107
305_PR_4	4	36	25	21107
377_PR_5	5	37	30	21107
157_SA_2	2	57	150	21107
48_SA_1	1	49	60	21107
232_PR_3	3	42	120	21107
307_SA_4	4	37	120	21134
233_SA_3	3	43	40	21155
378_PR_5	5	38	30	21159
234_LC_3	3	44	60	21259
235_LC_3	3	45	120	21267
379_LC_5	5	39	60	21268
50_LC_1	1	50	80	21276
158_PR_2	2	58	85	21288
236_VI_3	3	46	90	21306
308_PR_4	4	38	30	21326
237_PR_3	3	47	70	21326
159_SA_2	2	59	55	21328
51_SA_1	1	51	90	21328
160_PR_2	2	60	60	21362
309_PR_4	4	39	60	21366
310_PR_4	4	40	120	21366
161_LC_2	2	61	180	21559
238_SA_3	3	48	60	21561
162_SA_2	2	62	1	21603
239_SA_3	3	49	180	21610
52_PR_1	1	52	30	21631
240_PR_3	3	50	60	21631
53_NU_1	1	53	90	21743
311_PR_4	4	41	60	21784
241_SA_3	3	51	20	21796
55_LC_1	1	54	60	21864
54_LC_1	1	55	60	21864
312_PR_4	4	42	50	21903
56_LC_1	1	56	150	21918
313_PR_4	4	43	50	21993
163_PR_2	2	63	120	21993
164_NU_2	2	64	90	22009
314_SA_4	4	44	20	22010
380_LC_5	5	40	234	22014
59_SA_1	1	57	60	22014
57_SA_1	1	58	60	22014
58_SA_1	1	59	60	22014
165_SA_2	2	65	120	22033
60_LC_1	1	60	90	22063
167_SA_2	2	66	60	22110
64_SA_1	1	61	10	22110
62_SA_1	1	62	150	22110
61_SA_1	1	63	30	22110
166_SA_2	2	67	40	22110
65_SA_1	1	64	30	22110
63_SA_1	1	65	75	22110
381_SA_5	5	41	60	22110
242_LC_3	3	52	40	22111
315_SA_4	4	45	180	22133
316_NU_4	4	46	60	22151
66_PR_1	1	66	75	22210
168_SA_2	-3	68	60	44562
67_SA_1	1	67	60	22291
317_LC_4	4	47	45	22310
243_SA_3	3	53	120	22324
318_SA_4	4	48	240	22324
68_SA_1	1	68	120	22510
69_VI_1	1	69	60	22568
382_PR_5	5	42	30	22616
319_PR_4	4	49	90	22786
71_PR_1	-2	70	520	45600
70_SA_1	1	71	180	22800
170_SA_2	2	69	120	22800
244_SA_3	3	54	80	22800
169_LC_2	2	70	135	22800
171_PR_2	2	71	65	22839
172_NU_2	2	72	60	22840
321_SA_4	4	50	240	22843
383_SA_5	5	43	240	22843
73_PR_1	1	72	120	22843
72_SA_1	1	73	195	22843
320_SA_4	4	51	120	22843
322_SA_4	4	52	90	22843
245_SA_3	3	55	160	22845
384_SA_5	5	44	240	22845
323_SA_4	4	53	120	22845
246_LC_3	3	56	100	22858
247_SA_3	3	57	90	22874
74_SA_1	1	74	60	22930
75_SA_1	1	75	75	22939
174_SA_2	2	73	360	22939
173_SA_2	2	74	55	22939
175_SA_2	2	75	90	22939
385_SA_5	5	45	60	22939
248_SA_3	3	58	60	22975
176_SA_2	2	76	90	23007
177_PR_2	2	77	50	23012
249_SA_3	3	59	75	23169
76_SA_1	1	76	100	23187
250_SA_3	3	60	60	23189
77_SA_1	1	77	120	23189
178_NU_2	2	78	20	23409
324_SA_4	4	54	130	23412
325_PR_4	4	55	180	23467
386_SA_5	5	46	90	23471
179_PR_2	2	79	100	23558
251_PR_3	3	61	60	23558
180_LC_2	2	80	60	23674
326_SA_4	4	56	1	23676
78_SA_1	1	78	60	23676
79_SA_1	1	79	100	23676
181_LC_2	2	81	120	23676
252_SA_3	3	62	55	23676
387_SA_5	5	47	90	23702
80_SA_1	1	80	90	23714
81_SA_1	1	81	60	23723
388_SA_5	5	48	60	23810
389_SA_5	5	49	90	23861
253_SA_3	3	63	60	23861
82_VI_1	1	82	30	23862
390_LC_5	5	50	180	23892
255_PR_3	3	64	150	23959
254_PR_3	3	65	60	23959
256_PR_3	3	66	90	23987
257_SA_3	3	67	5	24062
258_SA_3	3	68	120	24105
83_SA_1	1	83	240	24105
327_SA_4	4	57	120	24234
84_LC_1	1	84	15	24283
85_PR_1	1	85	70	24283
86_PR_1	1	86	90	24288
259_SA_3	3	69	110	24312
260_SA_3	3	70	120	24427
261_SA_3	3	71	90	24546
87_SA_1	1	87	60	24700
262_SA_3	3	72	120	24700
88_LC_1	1	88	120	24704
328_LC_4	4	58	120	24720
329_LC_4	4	59	90	24720
182_LC_2	2	82	60	24818
183_NU_2	2	83	20	24839
263_SA_3	3	73	60	24906
184_SA_2	2	84	15	24906
185_SA_2	2	85	35	24907
331_SA_4	4	60	160	24907
330_SA_4	4	61	120	24907
264_SA_3	3	74	65	24920
186_PR_2	2	86	120	25106
187_SA_2	2	87	210	25116
89_PR_1	1	89	70	25126
90_SA_1	1	90	90	25181
391_LC_5	5	51	75	25189
393_PR_5	5	52	150	25208
91_PR_1	1	91	120	25208
392_PR_5	5	53	35	25208
188_VI_2	2	88	100	25276
332_PR_4	4	62	120	25314
265_PR_3	3	75	100	25407
92_SA_1	1	92	60	25593
333_VI_4	4	63	90	25596
394_PR_5	5	54	75	25625
93_SA_1	1	93	90	25978
94_NU_1	1	94	160	26039
95_SA_1	1	95	140	26199
334_SA_4	4	64	30	26202
96_VI_1	1	96	50	26237
98_PR_1	1	97	10	26279
97_PR_1	1	98	20	26279
335_SA_4	4	65	30	26353
266_SA_3	3	76	80	26378
99_SA_1	1	99	75	26576
267_NU_3	3	77	50	26684
336_VI_4	4	66	240	26740
337_PR_4	4	67	1	26828
395_SA_5	5	55	90	26891
338_SA_4	4	68	60	26891
396_SA_5	5	56	60	27231
397_SA_5	5	57	10	27231
268_SA_3	3	78	90	27282
398_NU_5	5	58	150	27449
340_SA_4	4	69	60	27449
339_SA_4	4	70	140	27449
189_PR_2	2	89	80	27449
399_SA_5	5	59	60	27710
190_SA_2	2	90	30	27710
100_PR_1	1	100	60	27744
269_SA_3	3	79	40	28716
400_PR_5	5	60	45	29012
270_PR_3	3	80	75	29868
