#Nombre	DiaAten	ModelId		T.Servicio	Penalty
191_PR_3	3	1	60	9577
101_PR_2	2	1	60	9577
1_PR_1	1	1	90	9619
341_SA_5	5	1	70	9757
102_SA_2	2	2	120	9828
2_SA_1	1	2	90	9837
103_SA_2	2	3	120	9897
104_LC_2	2	4	120	9947
271_PR_4	4	1	60	9953
105_LC_2	-3	5	200	19940
342_PR_5	5	2	60	10015
192_PR_3	3	2	130	10022
193_LC_3	3	3	70	10046
272_LC_4	4	2	130	10046
273_LC_4	4	3	90	10067
343_LC_5	5	3	45	10069
274_SA_4	4	4	60	10070
3_SA_1	1	3	75	10120
106_NU_2	2	6	75	10137
107_PR_2	2	7	30	10153
344_LC_5	5	4	120	10153
108_LC_2	2	8	10	10153
345_SA_5	5	5	150	10167
194_PR_3	3	4	20	10167
4_LC_1	1	4	120	10178
195_SA_3	3	5	150	10195
5_SA_1	1	5	90	10214
197_SA_3	3	6	120	10214
346_LC_5	5	6	70	10214
199_SA_3	3	7	80	10214
196_PR_3	3	8	45	10214
198_SA_3	-4	9	60	20428
6_SA_1	1	6	30	10217
200_SA_3	3	10	60	10217
201_LC_3	3	11	270	10217
347_SA_5	5	7	20	10228
7_SA_1	-2	7	290	20462
202_SA_3	-4	12	180	20462
8_SA_1	1	8	60	10231
110_SA_2	2	9	120	10231
111_SA_2	2	10	120	10231
112_SA_2	2	11	60	10231
109_SA_2	-3	12	110	20462
114_SA_2	2	13	60	10231
113_SA_2	2	14	60	10231
203_SA_3	3	13	45	10231
115_PR_2	2	15	90	10263
348_SA_5	5	8	60	10265
349_SA_5	5	9	15	10265
9_SA_1	1	9	360	10307
10_SA_1	1	10	60	10307
13_SA_1	1	11	60	10307
14_SA_1	1	12	90	10307
350_SA_5	-6	10	180	20614
12_SA_1	1	13	75	10307
204_SA_3	3	14	80	10307
205_SA_3	3	15	60	10307
352_PR_5	5	11	70	10307
11_SA_1	1	14	120	10307
275_SA_4	4	5	90	10307
276_SA_4	4	6	60	10307
277_SA_4	4	7	120	10307
120_SA_2	2	16	55	10307
279_SA_4	-5	8	300	20614
280_NU_4	4	9	60	10307
119_SA_2	2	17	60	10307
124_SA_2	2	18	30	10307
121_LC_2	2	19	45	10307
122_SA_2	2	20	50	10307
351_SA_5	5	12	60	10307
118_SA_2	2	21	120	10307
278_PR_4	4	10	150	10307
116_SA_2	2	22	60	10307
117_SA_2	2	23	140	10307
123_SA_2	2	24	50	10307
15_SA_1	-2	15	240	20638
125_SA_2	2	25	60	10324
281_PR_4	4	11	70	10324
282_LC_4	4	12	90	10327
127_PR_2	2	26	80	10329
206_PR_3	3	16	35	10329
126_PR_2	-3	27	180	20658
353_SA_5	5	13	5	10335
354_PR_5	5	14	30	10351
16_SA_1	1	16	110	10357
207_SA_3	3	17	50	10357
128_SA_2	-3	28	120	20722
17_NU_1	1	17	180	10372
129_NU_2	-3	29	120	20744
283_SA_4	4	13	180	10382
355_LC_5	5	15	150	10403
130_SA_2	2	30	90	10403
356_SA_5	5	16	150	10406
131_PR_2	2	31	215	10413
18_SA_1	1	18	90	10432
208_SA_3	-4	18	90	20864
209_SA_3	3	19	45	10432
132_SA_2	-3	32	20	20864
19_SA_1	1	19	180	10433
210_SA_3	3	20	180	10433
284_SA_4	4	14	240	10433
134_SA_2	2	33	60	10433
133_SA_2	2	34	90	10433
357_SA_5	5	17	60	10433
285_SA_4	4	15	60	10438
135_SA_2	2	35	60	10443
20_SA_1	1	20	60	10443
136_LC_2	2	36	30	10448
286_PR_4	4	16	60	10451
360_LC_5	5	18	10	10451
358_PR_5	5	19	70	10451
137_PR_2	2	37	150	10451
359_LC_5	5	20	10	10451
361_SA_5	5	21	10	10451
21_NU_1	1	21	90	10458
211_NU_3	3	21	40	10458
362_PR_5	5	22	240	10480
22_PR_1	1	22	60	10489
213_LC_3	-4	22	90	20978
139_PR_2	2	38	60	10489
140_SA_2	2	39	50	10489
288_SA_4	4	17	60	10489
287_PR_4	4	18	90	10489
212_SA_3	3	23	40	10489
138_VI_2	2	40	90	10489
363_VI_5	5	23	10	10492
214_VI_3	3	24	25	10492
215_PR_3	3	25	45	10498
23_SA_1	1	23	90	10501
24_PR_1	1	24	100	10503
289_LC_4	-5	19	110	21006
25_PR_1	1	25	90	10510
141_NU_2	2	41	150	10521
26_NU_1	-2	26	420	21042
27_LC_1	1	27	180	10526
216_SA_3	3	26	80	10533
28_SA_1	1	28	30	10533
29_SA_1	1	29	60	10535
364_PR_5	5	24	1	10544
217_SA_3	3	27	150	10545
365_SA_5	5	25	120	10545
290_SA_4	4	20	60	10545
291_SA_4	4	21	150	10546
292_PR_4	4	22	50	10560
293_PR_4	4	23	165	10560
294_SA_4	4	24	90	10567
142_LC_2	2	42	50	10569
218_SA_3	-4	28	120	21156
219_SA_3	3	29	90	10578
143_SA_2	2	43	180	10578
144_SA_2	2	44	90	10580
145_LC_2	2	45	60	10595
146_SA_2	2	46	165	10595
147_LC_2	-3	47	30	21190
220_PR_3	3	30	60	10595
30_PR_1	1	30	60	10597
295_LC_4	4	25	60	10603
366_SA_5	5	26	20	10605
32_SA_1	1	31	90	10611
31_SA_1	1	32	90	10611
367_PR_5	5	27	15	10613
33_LC_1	-2	33	150	21232
221_PR_3	3	31	35	10628
296_SA_4	4	26	90	10632
222_PR_3	3	32	60	10637
223_PR_3	3	33	40	10642
224_PR_3	3	34	50	10647
34_LC_1	1	34	80	10649
148_SA_2	2	48	90	10652
368_PR_5	5	28	5	10655
369_SA_5	5	29	120	10659
370_SA_5	5	30	140	10659
225_SA_3	3	35	80	10663
35_SA_1	1	35	105	10663
297_SA_4	4	27	100	10697
36_LC_1	1	36	60	10708
298_PR_4	4	28	120	10710
150_SA_2	-3	49	120	21458
149_SA_2	-3	50	235	21458
151_SA_2	2	51	120	10731
38_PR_1	1	37	80	10736
371_PR_5	5	31	30	10736
37_PR_1	1	38	60	10736
39_LC_1	1	39	90	10738
226_PR_3	3	36	65	10740
372_LC_5	5	32	60	10741
227_LC_3	3	37	120	10744
40_SA_1	1	40	60	10744
228_SA_3	-4	38	100	21516
152_LC_2	2	52	1	10758
41_LC_1	1	41	120	10763
42_PR_1	1	42	60	10763
299_LC_4	4	29	60	10763
43_SA_1	1	43	207	10766
300_SA_4	-5	30	105	21532
301_SA_4	4	31	75	10768
44_PR_1	1	44	25	10771
153_PR_2	-3	53	230	21562
302_SA_4	4	32	90	10782
373_SA_5	5	33	60	10786
154_PR_2	2	54	170	10787
374_PR_5	5	34	105	10787
155_SA_2	-3	55	240	21576
375_PR_5	5	35	170	10817
229_SA_3	3	39	60	10819
156_PR_2	2	56	80	10823
45_VI_1	1	45	75	10825
46_SA_1	1	46	90	10842
47_SA_1	1	47	90	10842
230_PR_3	3	40	30	10848
303_LC_4	4	33	60	10848
376_PR_5	5	36	75	10854
304_VI_4	4	34	120	10855
231_SA_3	3	41	80	10855
49_SA_1	1	48	60	10855
306_SA_4	4	35	270	10855
305_PR_4	4	36	25	10855
377_PR_5	5	37	30	10855
157_SA_2	2	57	150	10855
48_SA_1	1	49	60	10855
232_PR_3	3	42	120	10855
307_SA_4	-5	37	120	21714
233_SA_3	3	43	40	10871
378_PR_5	5	38	30	10874
234_LC_3	3	44	60	10876
235_LC_3	3	45	120	10887
379_LC_5	5	39	60	10903
50_LC_1	-2	50	80	21822
158_PR_2	-3	58	85	21828
236_VI_3	3	46	90	10915
308_PR_4	4	38	30	10917
237_PR_3	3	47	70	10917
159_SA_2	2	59	55	10921
51_SA_1	-2	51	90	21842
160_PR_2	2	60	60	10927
309_PR_4	4	39	60	10932
310_PR_4	4	40	120	10932
161_LC_2	-3	61	180	21866
238_SA_3	3	48	60	10935
162_SA_2	2	62	1	10937
239_SA_3	-4	49	180	21876
52_PR_1	1	52	30	10939
240_PR_3	3	50	60	10939
53_NU_1	1	53	90	10945
311_PR_4	4	41	60	10952
241_SA_3	3	51	20	10955
55_LC_1	1	54	60	10975
54_LC_1	-2	55	60	21950
312_PR_4	4	42	50	10977
56_LC_1	1	56	150	10983
313_PR_4	4	43	50	10984
163_PR_2	2	63	120	10984
164_NU_2	2	64	90	10985
314_SA_4	4	44	20	10990
380_LC_5	5	40	234	11005
59_SA_1	1	57	60	11015
57_SA_1	1	58	60	11015
58_SA_1	1	59	60	11015
165_SA_2	2	65	120	11018
60_LC_1	1	60	90	11024
167_SA_2	2	66	60	11037
64_SA_1	1	61	10	11037
62_SA_1	1	62	150	11037
61_SA_1	1	63	30	11037
166_SA_2	2	67	40	11037
65_SA_1	1	64	30	11037
63_SA_1	1	65	75	11037
381_SA_5	5	41	60	11037
242_LC_3	-4	52	40	22076
315_SA_4	4	45	180	11039
316_NU_4	4	46	60	11043
66_PR_1	1	66	75	11051
168_SA_2	2	68	60	11054
67_SA_1	1	67	60	11059
317_LC_4	4	47	45	11076
243_SA_3	3	53	120	11083
318_SA_4	4	48	240	11083
68_SA_1	1	68	120	11096
69_VI_1	-2	69	60	22196
382_PR_5	5	42	30	11099
319_PR_4	4	49	90	11109
71_PR_1	-2	70	520	22226
70_SA_1	1	71	180	11113
170_SA_2	2	69	120	11113
244_SA_3	3	54	80	11113
169_LC_2	-3	70	135	22226
171_PR_2	2	71	65	11114
172_NU_2	2	72	60	11117
321_SA_4	4	50	240	11146
383_SA_5	5	43	240	11146
73_PR_1	1	72	120	11146
72_SA_1	1	73	195	11146
320_SA_4	4	51	120	11146
322_SA_4	4	52	90	11146
245_SA_3	-4	55	160	22294
384_SA_5	5	44	240	11147
323_SA_4	4	53	120	11147
246_LC_3	-4	56	100	22296
247_SA_3	3	57	90	11149
74_SA_1	1	74	60	11152
75_SA_1	1	75	75	11153
174_SA_2	-3	73	360	22306
173_SA_2	2	74	55	11153
175_SA_2	2	75	90	11153
385_SA_5	5	45	60	11153
248_SA_3	3	58	60	11160
176_SA_2	2	76	90	11161
177_PR_2	2	77	50	11169
249_SA_3	3	59	75	11170
76_SA_1	-2	76	100	22340
250_SA_3	3	60	60	11177
77_SA_1	1	77	120	11177
178_NU_2	2	78	20	11182
324_SA_4	4	54	130	11195
325_PR_4	4	55	180	11197
386_SA_5	5	46	90	11206
179_PR_2	2	79	100	11210
251_PR_3	3	61	60	11223
180_LC_2	2	80	60	11226
326_SA_4	4	56	1	11228
78_SA_1	1	78	60	11228
79_SA_1	1	79	100	11228
181_LC_2	2	81	120	11228
252_SA_3	3	62	55	11228
387_SA_5	5	47	90	11231
80_SA_1	1	80	90	11236
81_SA_1	1	81	60	11237
388_SA_5	5	48	60	11237
389_SA_5	5	49	90	11240
253_SA_3	3	63	60	11240
82_VI_1	-2	82	30	22496
390_LC_5	5	50	180	11249
255_PR_3	3	64	150	11251
254_PR_3	3	65	60	11251
256_PR_3	3	66	90	11252
257_SA_3	3	67	5	11267
258_SA_3	-4	68	120	22554
83_SA_1	1	83	240	11277
327_SA_4	4	57	120	11293
84_LC_1	1	84	15	11295
85_PR_1	1	85	70	11297
86_PR_1	1	86	90	11304
259_SA_3	3	69	110	11309
260_SA_3	3	70	120	11310
261_SA_3	3	71	90	11312
87_SA_1	1	87	60	11314
262_SA_3	3	72	120	11314
88_LC_1	1	88	120	11318
328_LC_4	4	58	120	11331
329_LC_4	4	59	90	11331
182_LC_2	2	82	60	11342
183_NU_2	2	83	20	11380
263_SA_3	3	73	60	11394
184_SA_2	2	84	15	11394
185_SA_2	2	85	35	11394
331_SA_4	4	60	160	11394
330_SA_4	4	61	120	11394
264_SA_3	3	74	65	11402
186_PR_2	2	86	120	11411
187_SA_2	2	87	210	11417
89_PR_1	1	89	70	11418
90_SA_1	1	90	90	11420
391_LC_5	5	51	75	11445
393_PR_5	5	52	150	11446
91_PR_1	1	91	120	11446
392_PR_5	5	53	35	11446
188_VI_2	2	88	100	11448
332_PR_4	4	62	120	11489
265_PR_3	3	75	100	11494
92_SA_1	1	92	60	11512
333_VI_4	4	63	90	11529
394_PR_5	5	54	75	11545
93_SA_1	1	93	90	11547
94_NU_1	1	94	160	11550
95_SA_1	1	95	140	11588
334_SA_4	4	64	30	11591
96_VI_1	1	96	50	11612
98_PR_1	1	97	10	11652
97_PR_1	1	98	20	11652
335_SA_4	4	65	30	11656
266_SA_3	3	76	80	11666
99_SA_1	1	99	75	11692
267_NU_3	3	77	50	11713
336_VI_4	4	66	240	11746
337_PR_4	4	67	1	11763
395_SA_5	5	55	90	11765
338_SA_4	4	68	60	11765
396_SA_5	5	56	60	11784
397_SA_5	5	57	10	11784
268_SA_3	3	78	90	11827
398_NU_5	5	58	150	11906
340_SA_4	4	69	60	11906
339_SA_4	4	70	140	11906
189_PR_2	2	89	80	11906
399_SA_5	5	59	60	11984
190_SA_2	2	90	30	11984
100_PR_1	1	100	60	12023
269_SA_3	3	79	40	12093
400_PR_5	5	60	45	12147
270_PR_3	3	80	75	12394
