#Nombre	DiaAten	ModelId		T.Servicio	Penalty
191_PR_3	-4	1	60	20422
101_PR_2	-3	1	60	20422
1_PR_1	-2	1	90	22574
341_SA_5	-6	1	70	23040
102_SA_2	-3	2	120	23564
2_SA_1	-2	2	90	23696
103_SA_2	-3	3	120	23882
104_LC_2	-3	4	120	24678
271_PR_4	-5	1	60	24988
105_LC_2	-3	5	200	25630
342_PR_5	-6	2	60	25744
192_PR_3	-4	2	130	25974
193_LC_3	-4	3	70	26490
272_LC_4	-5	2	130	27366
273_LC_4	-5	3	90	28056
343_LC_5	-6	3	45	28178
274_SA_4	-5	4	60	28250
3_SA_1	1	3	75	14246
106_NU_2	-3	6	75	28500
107_PR_2	2	7	30	14693
344_LC_5	-6	4	120	29774
108_LC_2	-3	8	10	29774
345_SA_5	-6	5	150	29922
194_PR_3	-4	4	20	30030
4_LC_1	-2	4	120	30352
195_SA_3	3	5	150	15394
5_SA_1	-2	5	90	30940
197_SA_3	-4	6	120	30940
346_LC_5	-6	6	70	30940
199_SA_3	-4	7	80	30940
196_PR_3	-4	8	45	30940
198_SA_3	-4	9	60	30940
6_SA_1	-2	6	30	31286
200_SA_3	-4	10	60	31286
201_LC_3	-4	11	270	31286
347_SA_5	-6	7	20	31360
7_SA_1	-2	7	290	31452
202_SA_3	3	12	180	15726
8_SA_1	-2	8	60	31452
110_SA_2	2	9	120	15726
111_SA_2	-3	10	120	31452
112_SA_2	2	11	60	15726
109_SA_2	-3	12	110	31452
114_SA_2	-3	13	60	31452
113_SA_2	-3	14	60	31452
203_SA_3	-4	13	45	31452
115_PR_2	-3	15	90	31602
348_SA_5	-6	8	60	31804
349_SA_5	-6	9	15	31804
9_SA_1	-2	9	360	32318
10_SA_1	-2	10	60	32318
13_SA_1	-2	11	60	32318
14_SA_1	-2	12	90	32318
350_SA_5	-6	10	180	32318
12_SA_1	-2	13	75	32318
204_SA_3	-4	14	80	32318
205_SA_3	-4	15	60	32318
352_PR_5	-6	11	70	32318
11_SA_1	-2	14	120	32318
275_SA_4	-5	5	90	32318
276_SA_4	-5	6	60	32318
277_SA_4	-5	7	120	32318
120_SA_2	-3	16	55	32318
279_SA_4	-5	8	300	32318
280_NU_4	-5	9	60	32318
119_SA_2	-3	17	60	32318
124_SA_2	-3	18	30	32318
121_LC_2	-3	19	45	32318
122_SA_2	-3	20	50	32318
351_SA_5	-6	12	60	32318
118_SA_2	-3	21	120	32318
278_PR_4	4	10	150	16159
116_SA_2	-3	22	60	32318
117_SA_2	-3	23	140	32318
123_SA_2	2	24	50	16159
15_SA_1	-2	15	240	32536
125_SA_2	-3	25	60	32660
281_PR_4	-5	11	70	32660
282_LC_4	-5	12	90	32712
127_PR_2	-3	26	80	32922
206_PR_3	-4	16	35	32922
126_PR_2	-3	27	180	32922
353_SA_5	-6	13	5	33288
354_PR_5	5	14	30	16684
16_SA_1	-2	16	110	33380
207_SA_3	-4	17	50	33380
128_SA_2	-3	28	120	33398
17_NU_1	-2	17	180	33584
129_NU_2	-3	29	120	33584
283_SA_4	-5	13	180	33782
355_LC_5	-6	15	150	33806
130_SA_2	-3	30	90	33806
356_SA_5	-6	16	150	33974
131_PR_2	-3	31	215	33996
18_SA_1	-2	18	90	34034
208_SA_3	-4	18	90	34034
209_SA_3	-4	19	45	34034
132_SA_2	-3	32	20	34034
19_SA_1	-2	19	180	34036
210_SA_3	-4	20	180	34036
284_SA_4	-5	14	240	34036
134_SA_2	-3	33	60	34116
133_SA_2	-3	34	90	34116
357_SA_5	-6	17	60	34116
285_SA_4	-5	15	60	34148
135_SA_2	2	35	60	17083
20_SA_1	1	20	60	17083
136_LC_2	-3	36	30	34200
286_PR_4	-5	16	60	34204
360_LC_5	-6	18	10	34204
358_PR_5	-6	19	70	34204
137_PR_2	-3	37	150	34204
359_LC_5	-6	20	10	34204
361_SA_5	-6	21	10	34204
21_NU_1	-2	21	90	34226
211_NU_3	-4	21	40	34226
362_PR_5	-6	22	240	34284
22_PR_1	1	22	60	17392
213_LC_3	-4	22	90	34784
139_PR_2	-3	38	60	34784
140_SA_2	-3	39	50	34784
288_SA_4	-5	17	60	34784
287_PR_4	-5	18	90	34784
212_SA_3	3	23	40	17392
138_VI_2	-3	40	90	34784
363_VI_5	5	23	10	17484
214_VI_3	-4	24	25	34968
215_PR_3	3	25	45	17498
23_SA_1	-2	23	90	35232
24_PR_1	-2	24	100	35266
289_LC_4	-5	19	110	35412
25_PR_1	-2	25	90	35418
141_NU_2	-3	41	150	35470
26_NU_1	-2	26	420	35470
27_LC_1	1	27	180	17836
216_SA_3	3	26	80	17863
28_SA_1	-2	28	30	36212
29_SA_1	1	29	60	18273
364_PR_5	-6	24	1	36592
217_SA_3	-4	27	150	36638
365_SA_5	-6	25	120	36638
290_SA_4	-5	20	60	36638
291_SA_4	-5	21	150	36738
292_PR_4	-5	22	50	36968
293_PR_4	4	23	165	18484
294_SA_4	-5	24	90	37186
142_LC_2	-3	42	50	37522
218_SA_3	-4	28	120	37704
219_SA_3	-4	29	90	37704
143_SA_2	-3	43	180	37704
144_SA_2	-3	44	90	37876
145_LC_2	-3	45	60	38074
146_SA_2	-3	46	165	38074
147_LC_2	-3	47	30	38074
220_PR_3	-4	30	60	38074
30_PR_1	-2	30	60	38184
295_LC_4	-5	25	60	38250
366_SA_5	-6	26	20	38290
32_SA_1	-2	31	90	38446
31_SA_1	1	32	90	19223
367_PR_5	-6	27	15	38480
33_LC_1	-2	33	150	38562
221_PR_3	-4	31	35	38704
296_SA_4	-5	26	90	38836
222_PR_3	-4	32	60	39108
223_PR_3	-4	33	40	39224
224_PR_3	-4	34	50	39408
34_LC_1	-2	34	80	39416
148_SA_2	-3	48	90	39640
368_PR_5	-6	28	5	39682
369_SA_5	-6	29	120	39834
370_SA_5	-6	30	140	39834
225_SA_3	-4	35	80	39946
35_SA_1	-2	35	105	39946
297_SA_4	4	27	100	19983
36_LC_1	-2	36	60	39990
298_PR_4	-5	28	120	40310
150_SA_2	-3	49	120	40468
149_SA_2	-3	50	235	40468
151_SA_2	-3	51	120	40732
38_PR_1	-2	37	80	40880
371_PR_5	-6	31	30	40880
37_PR_1	-2	38	60	40880
39_LC_1	-2	39	90	41094
226_PR_3	-4	36	65	41202
372_LC_5	-6	32	60	41320
227_LC_3	-4	37	120	41360
40_SA_1	-2	40	60	41384
228_SA_3	-4	38	100	41772
152_LC_2	2	52	1	20939
41_LC_1	-2	41	120	41932
42_PR_1	-2	42	60	41932
299_LC_4	-5	29	60	41962
43_SA_1	-2	43	207	42012
300_SA_4	-5	30	105	42270
301_SA_4	-5	31	75	42528
44_PR_1	1	44	25	21265
153_PR_2	-3	53	230	42598
302_SA_4	-5	32	90	42752
373_SA_5	-6	33	60	42768
154_PR_2	2	54	170	21493
374_PR_5	-6	34	105	42986
155_SA_2	2	55	240	21509
375_PR_5	-6	35	170	43058
229_SA_3	-4	39	60	43072
156_PR_2	-3	56	80	43078
45_VI_1	-2	45	75	43082
46_SA_1	-2	46	90	43592
47_SA_1	1	47	90	21796
230_PR_3	-4	40	30	43836
303_LC_4	-5	33	60	43904
376_PR_5	-6	36	75	44016
304_VI_4	-5	34	120	44084
231_SA_3	3	41	80	22042
49_SA_1	-2	48	60	44084
306_SA_4	-5	35	270	44084
305_PR_4	4	36	25	22042
377_PR_5	-6	37	30	44084
157_SA_2	-3	57	150	44084
48_SA_1	-2	49	60	44084
232_PR_3	-4	42	120	44084
307_SA_4	-5	37	120	44242
233_SA_3	-4	43	40	44528
378_PR_5	-6	38	30	44620
234_LC_3	-4	44	60	44732
235_LC_3	-4	45	120	44744
379_LC_5	5	39	60	22440
50_LC_1	-2	50	80	44936
158_PR_2	-3	58	85	45034
236_VI_3	-4	46	90	45058
308_PR_4	-5	38	30	45058
237_PR_3	-4	47	70	45058
159_SA_2	-3	59	55	45140
51_SA_1	-2	51	90	45140
160_PR_2	-3	60	60	45148
309_PR_4	-5	39	60	45220
310_PR_4	-5	40	120	45220
161_LC_2	-3	61	180	45230
238_SA_3	3	48	60	22628
162_SA_2	-3	62	1	45350
239_SA_3	-4	49	180	45476
52_PR_1	-2	52	30	45578
240_PR_3	-4	50	60	45578
53_NU_1	-2	53	90	45670
311_PR_4	-5	41	60	45778
241_SA_3	-4	51	20	45816
55_LC_1	-2	54	60	45846
54_LC_1	-2	55	60	45846
312_PR_4	4	42	50	23076
56_LC_1	-2	56	150	46174
313_PR_4	-5	43	50	46492
163_PR_2	-3	63	120	46492
164_NU_2	-3	64	90	46590
314_SA_4	-5	44	20	46598
380_LC_5	-6	40	234	46800
59_SA_1	-2	57	60	47072
57_SA_1	-2	58	60	47072
58_SA_1	-2	59	60	47072
165_SA_2	-3	65	120	47078
60_LC_1	-2	60	90	47138
167_SA_2	-3	66	60	47190
64_SA_1	1	61	10	23595
62_SA_1	-2	62	150	47190
61_SA_1	-2	63	30	47190
166_SA_2	-3	67	40	47190
65_SA_1	-2	64	30	47190
63_SA_1	-2	65	75	47190
381_SA_5	-6	41	60	47190
242_LC_3	-4	52	40	47192
315_SA_4	-5	45	180	47286
316_NU_4	-5	46	60	47508
66_PR_1	-2	66	75	47642
168_SA_2	-3	68	60	47720
67_SA_1	-2	67	60	47848
317_LC_4	4	47	45	23999
243_SA_3	-4	53	120	48350
318_SA_4	-5	48	240	48350
68_SA_1	-2	68	120	48414
69_VI_1	-2	69	60	48510
382_PR_5	-6	42	30	48516
319_PR_4	-5	49	90	48636
71_PR_1	-2	70	520	48844
70_SA_1	-2	71	180	48844
170_SA_2	-3	69	120	48844
244_SA_3	-4	54	80	48844
169_LC_2	-3	70	135	48844
171_PR_2	-3	71	65	49014
172_NU_2	2	72	60	24554
321_SA_4	-5	50	240	49258
383_SA_5	-6	43	240	49258
73_PR_1	-2	72	120	49258
72_SA_1	-2	73	195	49258
320_SA_4	4	51	120	24629
322_SA_4	-5	52	90	49258
245_SA_3	-4	55	160	50438
384_SA_5	-6	44	240	50438
323_SA_4	-5	53	120	50438
246_LC_3	-4	56	100	50628
247_SA_3	-4	57	90	50722
74_SA_1	-2	74	60	50834
75_SA_1	1	75	75	25470
174_SA_2	-3	73	360	50940
173_SA_2	-3	74	55	50940
175_SA_2	-3	75	90	50940
385_SA_5	-6	45	60	50940
248_SA_3	-4	58	60	50944
176_SA_2	-3	76	90	50956
177_PR_2	-3	77	50	51042
249_SA_3	-4	59	75	51056
76_SA_1	-2	76	100	51150
250_SA_3	-4	60	60	51156
77_SA_1	1	77	120	25578
178_NU_2	-3	78	20	51160
324_SA_4	-5	54	130	51324
325_PR_4	-5	55	180	51658
386_SA_5	5	46	90	25904
179_PR_2	-3	79	100	51818
251_PR_3	-4	61	60	51942
180_LC_2	2	80	60	25983
326_SA_4	-5	56	1	52094
78_SA_1	1	78	60	26047
79_SA_1	1	79	100	26047
181_LC_2	-3	81	120	52094
252_SA_3	-4	62	55	52094
387_SA_5	-6	47	90	52520
80_SA_1	1	80	90	26355
81_SA_1	1	81	60	26357
388_SA_5	-6	48	60	52722
389_SA_5	-6	49	90	52940
253_SA_3	-4	63	60	52940
82_VI_1	1	82	30	26475
390_LC_5	-6	50	180	52990
255_PR_3	-4	64	150	53072
254_PR_3	-4	65	60	53072
256_PR_3	-4	66	90	53648
257_SA_3	-4	67	5	53806
258_SA_3	-4	68	120	53984
83_SA_1	1	83	240	26992
327_SA_4	-5	57	120	54308
84_LC_1	1	84	15	27158
85_PR_1	1	85	70	27246
86_PR_1	1	86	90	27277
259_SA_3	3	69	110	27281
260_SA_3	-4	70	120	54936
261_SA_3	-4	71	90	54982
87_SA_1	1	87	60	27641
262_SA_3	-4	72	120	55282
88_LC_1	1	88	120	27702
328_LC_4	-5	58	120	55424
329_LC_4	-5	59	90	55424
182_LC_2	-3	82	60	55552
183_NU_2	-3	83	20	55628
263_SA_3	-4	73	60	56152
184_SA_2	-3	84	15	56152
185_SA_2	2	85	35	28346
331_SA_4	-5	60	160	56692
330_SA_4	-5	61	120	56692
264_SA_3	-4	74	65	56926
186_PR_2	2	86	120	28605
187_SA_2	-3	87	210	57574
89_PR_1	1	89	70	28906
90_SA_1	1	90	90	28933
391_LC_5	-6	51	75	58222
393_PR_5	-6	52	150	58528
91_PR_1	1	91	120	29264
392_PR_5	-6	53	35	58528
188_VI_2	-3	88	100	59526
332_PR_4	-5	62	120	60516
265_PR_3	-4	75	100	61032
92_SA_1	1	92	60	30608
333_VI_4	-5	63	90	61286
394_PR_5	-6	54	75	61562
93_SA_1	1	93	90	31098
94_NU_1	1	94	160	32580
95_SA_1	1	95	140	32980
334_SA_4	-5	64	30	66944
96_VI_1	1	96	50	33635
98_PR_1	1	97	10	33643
97_PR_1	1	98	20	33643
335_SA_4	-5	65	30	67308
266_SA_3	-4	76	80	67752
99_SA_1	1	99	75	33890
267_NU_3	-4	77	50	70226
336_VI_4	-5	66	240	70864
337_PR_4	-5	67	1	71326
395_SA_5	-6	55	90	71606
338_SA_4	-5	68	60	71606
396_SA_5	-6	56	60	71708
397_SA_5	-6	57	10	71708
268_SA_3	3	78	90	37150
398_NU_5	-6	58	150	75082
340_SA_4	4	69	60	37541
339_SA_4	-5	70	140	75082
189_PR_2	-3	89	80	75082
399_SA_5	-6	59	60	75560
190_SA_2	-3	90	30	75560
100_PR_1	1	100	60	37927
269_SA_3	3	79	40	38591
400_PR_5	5	60	45	38864
270_PR_3	-4	80	75	92738
