Iter 73
MasterProb = 43760.6

s [*] :=
1  71
2  72
3  73
4  74
5  75
;

SubProb = -122800
d = 0

distanceCost*(sum{l in 1 .. Lcap - 1} t[l]) = 1485

Iter 74
MasterProb = 40749.5

s [*] :=
1  72
2   8
3  73
4  74
5  75
;

SubProb = -1972.2
d = 0

distanceCost*(sum{l in 1 .. Lcap - 1} t[l]) = 880

Iter 75
MasterProb = 40235.5

s [*] :=
1  66
2   2
3  73
4  74
5  75
;

SubProb = -815.539
d = 0

distanceCost*(sum{l in 1 .. Lcap - 1} t[l]) = 825

Iter 76
MasterProb = 39993.1

s [*] :=
1   3
2  11
3  54
4  32
5  36
;

SubProb = -180.515
d = 0

distanceCost*(sum{l in 1 .. Lcap - 1} t[l]) = 4125

Iter 77
MasterProb = 39991.5

s [*] :=
1  58
2   2
3   3
4  33
5  44
;

SubProb = 93.8081
d = 2

distanceCost*(sum{l in 1 .. Lcap - 1} t[l]) = 3410

Problema Entero
MasterProb = 58285

fo1 = 58285
fo2 = 0

x[j] [*] :=
 97  1
112  1
169  1
204  1
226  1
254  1
268  1
297  1
336  1
338  1
356  1
371  1
382  1
386  1
400  1
410  1
427  1
432  1
479  1
488  1
;

aa[i,j] [*,*]
:   97 112 169 204 226 254 268 297 336 338 356 371 382 386 400 410 427 432 479 :=
1    0   1   0   0   0   0   0   0   0   0   0   0   0   0   0   0   0   0   0
2    0   0   1   0   0   0   0   0   0   0   0   0   0   0   0   0   0   0   0
3    0   0   0   0   0   0   0   0   0   0   0   1   0   0   0   0   0   0   0
4    0   0   0   0   0   0   1   0   0   0   0   0   0   0   0   0   0   0   0
5    1   0   0   0   0   0   0   0   0   0   0   0   0   0   0   0   0   0   0
6    0   0   0   0   0   0   0   0   0   1   0   0   0   0   0   0   0   0   0
7    0   0   0   0   0   0   0   0   0   0   0   0   0   0   1   0   0   0   0
8    0   0   0   0   0   0   0   0   0   0   0   0   0   0   0   0   0   1   0
9    0   0   0   1   0   0   0   0   0   0   0   0   0   0   0   0   0   0   0
10   0   0   0   0   0   0   0   1   0   0   0   0   0   0   0   0   0   0   0
11   0   0   0   0   0   0   0   0   0   1   0   0   0   0   0   0   0   0   0
12   0   0   0   0   0   0   0   0   1   0   0   0   0   0   0   0   0   0   0
13   0   0   0   0   0   0   0   0   0   0   0   0   1   0   0   0   0   0   0
14   0   0   0   0   0   0   0   0   0   0   0   0   0   0   0   0   0   0   1
15   0   0   0   1   0   0   0   0   0   0   0   0   0   0   0   0   0   0   0
16   0   0   0   0   1   0   0   0   0   0   0   0   0   0   0   0   0   0   0
17   0   0   0   0   1   0   0   0   0   0   0   0   0   0   0   0   0   0   0
18   0   1   0   0   0   0   0   0   0   0   0   0   0   0   0   0   0   0   0
19   0   0   0   0   0   0   0   0   0   0   0   1   0   0   0   0   0   0   0
20   0   0   0   0   0   1   0   0   0   0   0   0   0   0   0   0   0   0   0
21   0   0   0   0   1   0   0   0   0   0   0   0   0   0   0   0   0   0   0
22   0   0   0   0   0   1   0   0   0   0   0   0   0   0   0   0   0   0   0
23   0   0   0   0   0   0   0   0   1   0   0   0   0   0   0   0   0   0   0
24   0   0   0   0   0   0   0   0   0   1   0   0   0   0   0   0   0   0   0
25   0   0   0   0   0   0   0   0   0   0   0   1   0   0   0   0   0   0   0
26   0   0   0   0   0   0   0   0   0   1   0   0   0   0   0   0   0   0   0
27   0   0   0   0   0   0   1   0   0   0   0   0   0   0   0   0   0   0   0
28   0   0   1   0   0   0   0   0   0   0   0   0   0   0   0   0   0   0   0
29   0   0   1   0   0   0   0   0   0   0   0   0   0   0   0   0   0   0   0
30   0   0   0   0   0   0   0   1   0   0   0   0   0   0   0   0   0   0   0
31   0   0   0   0   0   0   0   1   0   0   0   0   0   0   0   0   0   0   0
32   1   0   0   0   0   0   0   0   0   0   0   0   0   0   0   0   0   0   0
33   0   0   0   0   0   0   0   0   0   0   0   1   0   0   0   0   0   0   0
34   0   0   0   1   0   0   0   0   0   0   0   0   0   0   0   0   0   0   0
35   0   0   0   0   0   0   0   0   0   0   0   0   0   0   0   0   1   0   0
36   0   1   0   0   0   0   0   0   0   0   0   0   0   0   0   0   0   0   0
37   0   0   0   0   0   0   0   0   0   0   0   0   0   1   0   0   0   0   0
38   0   0   0   0   0   0   1   0   0   0   0   0   0   0   0   0   0   0   0
39   0   1   0   0   0   0   0   0   0   0   0   0   0   0   0   0   0   0   0
40   0   0   0   0   0   0   1   0   0   0   0   0   0   0   0   0   0   0   0
41   0   1   0   0   0   0   0   0   0   0   0   0   0   0   0   0   0   0   0
42   1   0   0   0   0   0   0   0   0   0   0   0   0   0   0   0   0   0   0
43   0   0   0   0   0   0   0   0   1   0   0   0   0   0   0   0   0   0   0
44   0   0   0   0   0   0   0   1   0   0   0   0   0   0   0   0   0   0   0
45   0   0   0   0   0   0   0   0   0   0   0   0   0   1   0   0   0   0   0
46   0   0   0   0   0   1   0   0   0   0   0   0   0   0   0   0   0   0   0
47   0   0   0   0   0   0   0   0   0   1   0   0   0   0   0   0   0   0   0
48   0   0   0   0   0   0   0   0   0   0   0   0   0   0   0   1   0   0   0
49   0   0   0   0   0   1   0   0   0   0   0   0   0   0   0   0   0   0   0
50   0   0   0   0   0   0   0   0   0   0   0   0   1   0   0   0   0   0   0
51   0   0   1   0   0   0   0   0   0   0   0   0   0   0   0   0   0   0   0
52   0   0   0   0   0   0   1   0   0   0   0   0   0   0   0   0   0   0   0
53   0   0   0   0   0   1   0   0   0   0   0   0   0   0   0   0   0   0   0
54   0   0   0   0   0   0   0   0   0   0   0   0   0   0   0   0   0   0   1
55   0   0   0   0   0   0   0   0   0   0   0   0   0   0   0   0   1   0   0
56   0   0   0   0   1   0   0   0   0   0   0   0   0   0   0   0   0   0   0
57   0   0   0   0   0   0   0   0   0   0   0   0   0   0   1   0   0   0   0
58   0   0   0   0   0   0   0   0   0   0   1   0   0   0   0   0   0   0   0
59   0   0   0   1   0   0   0   0   0   0   0   0   0   0   0   0   0   0   0
60   0   0   0   0   0   0   0   0   1   0   0   0   0   0   0   0   0   0   0
61   1   0   0   0   0   0   0   0   0   0   0   0   0   0   0   0   0   0   0
62   0   0   0   0   0   0   0   0   0   0   0   0   0   0   0   0   0   1   0
63   0   0   0   0   0   0   0   0   0   0   0   1   0   0   0   0   0   0   0
64   0   0   0   0   0   0   0   1   0   0   0   0   0   0   0   0   0   0   0
65   0   0   1   0   0   0   0   0   0   0   0   0   0   0   0   0   0   0   0
66   0   0   0   0   0   0   0   0   0   0   1   0   0   0   0   0   0   0   0
67   0   0   0   0   0   0   0   0   1   0   0   0   0   0   0   0   0   0   0
68   0   0   0   0   0   0   0   0   0   0   0   0   0   1   0   0   0   0   0
69   1   0   0   0   0   0   0   0   0   0   0   0   0   0   0   0   0   0   0
70   0   0   0   0   0   0   0   0   0   0   0   0   0   0   0   1   0   0   0
71   0   0   0   0   0   0   0   0   0   0   0   0   0   0   0   0   0   0   0
72   0   0   0   0   0   0   0   0   0   0   0   0   0   0   0   0   0   0   0

:  488    :=
1    0
2    0
3    0
4    0
5    0
6    0
7    0
8    0
9    0
10   0
11   0
12   0
13   0
14   0
15   0
16   0
17   0
18   0
19   0
20   0
21   0
22   0
23   0
24   0
25   0
26   0
27   0
28   0
29   0
30   0
31   0
32   0
33   0
34   0
35   0
36   0
37   0
38   0
39   0
40   0
41   0
42   0
43   0
44   0
45   0
46   0
47   0
48   0
49   0
50   0
51   0
52   0
53   0
54   0
55   0
56   0
57   0
58   0
59   0
60   0
61   0
62   0
63   0
64   0
65   0
66   0
67   0
68   0
69   0
70   0
71   1
72   1
;

vi[i] [*] :=
;

:   x[i]   c[i] travel[i] delay[i]    :=
97    1    4390    4070       320
112   1    2640    2640         0
169   1    9065    4345      4720
204   1    2090    2090         0
226   1    3190    3190         0
254   1    3300    3300         0
268   1    3850    3850         0
297   1    3795    3795         0
336   1    7925    3685      4240
338   1    5500    5500         0
356   1     825     825         0
371   1    2640    2640         0
382   1     880     880         0
386   1    1760    1760         0
400   1     880     880         0
410   1     880     880         0
427   1    1155    1155         0
432   1    1155    1155         0
479   1     880     880         0
488   1    1485    1485         0
;

