Iter 101
MasterProb = 201411

s [*] :=
1  31
2  58
3  48
4  19
5  83
;

SubProb = -3444.38
d = 214

distanceCost*(sum{l in 1 .. Lcap - 1} t[l]) = 3520

Iter 102
MasterProb = 200786

s [*] :=
1  46
2   2
3  23
4  63
5  43
;

SubProb = -2354.71
d = 91

distanceCost*(sum{l in 1 .. Lcap - 1} t[l]) = 3520

Iter 103
MasterProb = 200538

s [*] :=
1  41
2  84
3  65
4  76
5  23
;

SubProb = -49.1712
d = 0

distanceCost*(sum{l in 1 .. Lcap - 1} t[l]) = 3960

Iter 104
MasterProb = 200537

s [*] :=
1   4
2  20
3  57
4  76
5  36
;

SubProb = 208.941
d = 10

distanceCost*(sum{l in 1 .. Lcap - 1} t[l]) = 4950

Problema Entero
MasterProb = 335749

fo1 = 110115
fo2 = 225634

x[j] [*] :=
103  1
112  1
135  1
137  1
160  1
168  1
173  1
255  1
297  1
303  1
305  1
332  1
389  1
401  1
426  1
432  1
457  1
459  1
476  1
521  1
;

aa[i,j] [*,*]
:   103 112 135 137 160 168 173 255 297 303 305 332 389 401 426 432 457 459 476 :=
1     0   0   0   0   0   0   0   0   0   0   0   0   0   0   0   1   0   0   0
2     0   0   0   0   1   0   0   0   0   0   0   0   0   0   0   0   0   0   0
3     0   0   1   0   0   0   0   0   0   0   0   0   0   0   0   0   0   0   0
4     0   0   0   0   0   0   0   0   0   0   0   0   0   0   0   0   0   1   0
5     0   0   0   0   1   0   0   0   0   0   0   0   0   0   0   0   0   0   0
6     0   0   0   0   0   0   0   0   0   0   0   0   0   0   0   0   0   1   0
7     0   0   0   0   0   0   0   0   0   0   0   0   0   0   0   0   0   0   1
8     0   0   0   0   1   0   0   0   0   0   0   0   0   0   0   0   0   0   0
9     0   0   0   0   0   0   0   0   0   0   0   0   0   0   0   0   1   0   0
10    0   0   0   0   0   0   0   0   0   0   0   1   0   0   0   0   0   0   0
11    0   0   0   0   0   0   0   0   0   0   0   0   0   0   0   0   0   1   0
12    0   0   0   0   0   0   0   0   0   0   0   0   0   0   0   0   0   1   0
13    0   0   0   0   0   0   0   0   0   0   0   0   0   0   0   0   0   0   0
14    0   0   0   0   0   0   0   0   1   0   0   0   0   0   0   0   0   0   0
15    0   0   0   0   0   0   0   0   0   0   0   0   0   0   0   1   0   0   0
16    0   1   0   0   0   0   0   0   0   0   0   0   0   0   0   0   0   0   0
17    0   0   0   0   0   0   0   0   0   0   0   0   0   0   0   0   0   0   0
18    0   0   0   0   0   0   0   0   0   0   0   0   1   0   0   0   0   0   0
19    0   0   0   0   0   1   0   0   0   0   0   0   0   0   0   0   0   0   0
20    0   0   0   0   0   0   0   0   1   0   0   0   0   0   0   0   0   0   0
21    1   0   0   0   0   0   0   0   0   0   0   0   0   0   0   0   0   0   0
22    0   1   0   0   0   0   0   0   0   0   0   0   0   0   0   0   0   0   0
23    0   0   0   0   0   0   0   0   0   0   0   0   0   1   0   0   0   0   0
24    0   0   0   1   0   0   0   0   0   0   0   0   0   0   0   0   0   0   0
25    0   0   1   0   0   0   0   0   0   0   0   0   0   0   0   0   0   0   0
26    0   0   0   0   0   0   0   0   0   0   0   0   0   0   0   0   0   0   0
27    0   0   0   0   0   0   0   1   0   0   0   0   0   0   0   0   0   0   0
28    0   0   0   0   0   0   0   0   0   0   0   0   0   0   0   1   0   0   0
29    0   0   0   0   0   0   0   0   1   0   0   0   0   0   0   0   0   0   0
30    0   0   0   0   0   0   1   0   0   0   0   0   0   0   0   0   0   0   0
31    0   0   0   0   0   0   0   0   0   1   0   0   0   0   0   0   0   0   0
32    0   0   0   0   0   0   0   0   0   0   0   0   0   0   1   0   0   0   0
33    0   0   0   0   0   0   0   0   0   0   1   0   0   0   0   0   0   0   0
34    0   0   1   0   0   0   0   0   0   0   0   0   0   0   0   0   0   0   0
35    0   0   0   0   0   0   0   0   0   0   0   0   0   0   0   0   0   0   0
36    0   0   0   0   0   0   0   0   0   0   0   0   0   0   0   0   0   0   0
37    1   0   0   0   0   0   0   0   0   0   0   0   0   0   0   0   0   0   0
38    0   0   0   0   0   0   0   0   0   0   0   0   1   0   0   0   0   0   0
39    0   0   0   1   0   0   0   0   0   0   0   0   0   0   0   0   0   0   0
40    0   0   0   0   0   0   0   0   0   0   0   0   0   0   0   0   0   0   0
41    0   0   0   0   0   0   0   0   0   0   0   0   0   0   0   0   0   0   0
42    0   1   0   0   0   0   0   0   0   0   0   0   0   0   0   0   0   0   0
43    0   0   0   0   0   0   0   0   0   0   0   0   0   0   1   0   0   0   0
44    0   0   0   0   0   0   0   0   0   0   0   0   0   0   1   0   0   0   0
45    0   0   0   1   0   0   0   0   0   0   0   0   0   0   0   0   0   0   0
46    0   0   0   0   0   0   0   0   0   0   0   0   0   1   0   0   0   0   0
47    0   0   1   0   0   0   0   0   0   0   0   0   0   0   0   0   0   0   0
48    0   0   0   0   0   0   0   0   0   1   0   0   0   0   0   0   0   0   0
49    0   0   0   0   0   0   0   0   0   0   1   0   0   0   0   0   0   0   0
50    0   0   0   0   0   0   0   1   0   0   0   0   0   0   0   0   0   0   0
51    0   0   0   1   0   0   0   0   0   0   0   0   0   0   0   0   0   0   0
52    0   0   0   0   0   0   1   0   0   0   0   0   0   0   0   0   0   0   0
53    0   0   0   0   0   0   0   0   0   0   0   0   0   0   0   0   0   0   0
54    0   0   0   0   0   0   0   0   0   0   0   0   1   0   0   0   0   0   0
55    0   0   0   0   0   0   0   1   0   0   0   0   0   0   0   0   0   0   0
56    0   0   0   0   0   0   0   1   0   0   0   0   0   0   0   0   0   0   0
57    0   0   0   0   0   0   0   0   0   0   0   0   0   0   0   0   0   1   0
58    0   0   0   0   1   0   0   0   0   0   0   0   0   0   0   0   0   0   0
59    0   1   0   0   0   0   0   0   0   0   0   0   0   0   0   0   0   0   0
60    0   0   0   0   0   0   0   0   0   0   1   0   0   0   0   0   0   0   0
61    0   0   0   0   0   0   0   0   0   0   0   0   0   0   0   1   0   0   0
62    0   0   0   0   0   0   0   0   0   0   0   0   1   0   0   0   0   0   0
63    0   0   0   0   0   1   0   0   0   0   0   0   0   0   0   0   0   0   0
64    0   0   0   0   0   0   0   0   1   0   0   0   0   0   0   0   0   0   0
65    0   0   0   0   0   0   0   0   0   0   1   0   0   0   0   0   0   0   0
66    0   0   0   0   0   0   0   0   0   0   0   0   0   0   0   0   0   0   0
67    0   0   0   1   0   0   0   0   0   0   0   0   0   0   0   0   0   0   0
68    0   1   0   0   0   0   0   0   0   0   0   0   0   0   0   0   0   0   0
69    0   0   1   0   0   0   0   0   0   0   0   0   0   0   0   0   0   0   0
70    0   0   0   0   0   0   0   0   0   0   0   0   0   0   0   0   0   0   0
71    0   0   0   0   0   0   1   0   0   0   0   0   0   0   0   0   0   0   0
72    0   0   0   0   0   0   1   0   0   0   0   0   0   0   0   0   0   0   0
73    0   0   0   0   0   1   0   0   0   0   0   0   0   0   0   0   0   0   0
74    0   0   0   0   0   0   0   0   0   0   0   1   0   0   0   0   0   0   0
75    0   0   0   0   0   0   0   0   0   0   0   0   0   0   0   0   1   0   0
76    0   0   0   0   0   0   0   0   0   1   0   0   0   0   0   0   0   0   0
77    0   0   0   0   0   0   0   0   0   0   0   0   0   1   0   0   0   0   0
78    0   0   0   0   0   1   0   0   0   0   0   0   0   0   0   0   0   0   0
79    0   0   0   0   0   0   0   0   0   0   0   0   0   0   1   0   0   0   0
80    0   0   0   0   0   0   0   0   0   0   0   0   0   1   0   0   0   0   0
81    0   0   0   0   0   0   0   0   0   0   0   1   0   0   0   0   0   0   0
82    0   0   0   0   0   1   0   0   0   0   0   0   0   0   0   0   0   0   0
83    0   0   0   0   0   0   0   0   0   0   0   1   0   0   0   0   0   0   0
84    0   0   0   0   0   0   0   0   0   1   0   0   0   0   0   0   0   0   0
85    0   0   0   0   0   0   0   0   0   1   0   0   0   0   0   0   0   0   0
86    1   0   0   0   0   0   0   0   0   0   0   0   0   0   0   0   0   0   0
87    0   0   0   0   0   0   0   0   0   0   0   0   0   0   0   1   0   0   0
88    0   0   0   0   0   0   0   0   1   0   0   0   0   0   0   0   0   0   0
89    0   0   0   0   0   0   0   0   0   0   0   0   0   0   0   0   0   0   0
90    0   0   0   0   0   0   0   0   0   0   0   0   0   0   0   0   0   0   1
91    0   0   0   0   1   0   0   0   0   0   0   0   0   0   0   0   0   0   0
92    1   0   0   0   0   0   0   0   0   0   0   0   0   0   0   0   0   0   0
93    0   0   0   0   0   0   0   0   0   0   0   0   1   0   0   0   0   0   0
94    0   0   0   0   0   0   0   0   0   0   0   0   0   0   0   0   0   0   0
95    1   0   0   0   0   0   0   0   0   0   0   0   0   0   0   0   0   0   0
96    0   0   0   0   0   0   0   0   0   0   1   0   0   0   0   0   0   0   0
97    0   0   0   0   0   0   0   1   0   0   0   0   0   0   0   0   0   0   0
98    0   0   0   0   0   0   1   0   0   0   0   0   0   0   0   0   0   0   0
99    0   0   0   0   0   0   0   0   0   0   0   0   0   0   1   0   0   0   0
100   0   0   0   0   0   0   0   0   0   0   0   0   0   1   0   0   0   0   0

:   521    :=
1     0
2     0
3     0
4     0
5     0
6     0
7     0
8     0
9     0
10    0
11    0
12    0
13    1
14    0
15    0
16    0
17    0
18    0
19    0
20    0
21    0
22    0
23    0
24    0
25    0
26    0
27    0
28    0
29    0
30    0
31    0
32    0
33    0
34    0
35    1
36    0
37    0
38    0
39    0
40    0
41    0
42    0
43    0
44    0
45    0
46    0
47    0
48    0
49    0
50    0
51    0
52    0
53    1
54    0
55    0
56    0
57    0
58    0
59    0
60    0
61    0
62    0
63    0
64    0
65    0
66    1
67    0
68    0
69    0
70    0
71    0
72    0
73    0
74    0
75    0
76    0
77    0
78    0
79    0
80    0
81    0
82    0
83    0
84    0
85    0
86    0
87    0
88    0
89    1
90    0
91    0
92    0
93    0
94    0
95    0
96    0
97    0
98    0
99    0
100   0
;

vi[i] [*] :=
17  1
26  1
36  1
40  1
41  1
70  1
94  1
;

:   x[i]   c[i]  travel[i] delay[i]    :=
103   1     7445    3685      3760
112   1     5065    4345       720
135   1     4400    4400         0
137   1     5735    4455      1280
160   1     4515    3795       720
168   1    12810    4730      8080
173   1     3630    3630         0
255   1     7560    3080      4480
297   1     4235    4235         0
303   1     4565    4565         0
305   1     5725    4125      1600
332   1     2640    2640         0
389   1     8130    4290      3840
401   1     6915    3795      3120
426   1    11350    4070      7280
432   1     5990    4070      1920
457   1      880     880         0
459   1     4235    4235         0
476   1      880     880         0
521   1     3410    3410         0
;

