#Nombre	DiaAten	ModelId		T.Servicio	Penalty
191_PR_3	3	1	60	27905
101_PR_2	2	1	60	27905
1_PR_1	1	1	90	27979
341_SA_5	5	1	70	28317
102_SA_2	2	2	120	28813
2_SA_1	1	2	90	28950
103_SA_2	2	3	120	28966
104_LC_2	2	4	120	28966
271_PR_4	4	1	60	29209
105_LC_2	-3	5	200	58552
342_PR_5	5	2	60	29343
192_PR_3	3	2	130	29407
193_LC_3	3	3	70	29616
272_LC_4	4	2	130	29717
273_LC_4	4	3	90	29748
343_LC_5	5	3	45	29781
274_SA_4	4	4	60	29852
3_SA_1	1	3	75	29921
106_NU_2	2	6	75	29962
107_PR_2	2	7	30	29993
344_LC_5	5	4	120	29997
108_LC_2	2	8	10	29997
345_SA_5	5	5	150	29998
194_PR_3	3	4	20	30147
4_LC_1	1	4	120	30190
195_SA_3	3	5	150	30195
5_SA_1	1	5	90	30236
197_SA_3	3	6	120	30236
346_LC_5	5	6	70	30236
199_SA_3	3	7	80	30236
196_PR_3	3	8	45	30236
198_SA_3	3	9	60	30236
6_SA_1	1	6	30	30244
200_SA_3	3	10	60	30244
201_LC_3	3	11	270	30244
347_SA_5	5	7	20	30251
7_SA_1	1	7	290	30261
202_SA_3	3	12	180	30261
8_SA_1	1	8	60	30261
110_SA_2	-3	9	120	60522
111_SA_2	2	10	120	30261
112_SA_2	2	11	60	30261
109_SA_2	2	12	110	30261
114_SA_2	2	13	60	30261
113_SA_2	2	14	60	30261
203_SA_3	3	13	45	30261
115_PR_2	2	15	90	30272
348_SA_5	5	8	60	30291
349_SA_5	5	9	15	30291
9_SA_1	1	9	360	30355
10_SA_1	1	10	60	30355
13_SA_1	1	11	60	30355
14_SA_1	1	12	90	30355
350_SA_5	5	10	180	30355
12_SA_1	1	13	75	30355
204_SA_3	3	14	80	30355
205_SA_3	3	15	60	30355
352_PR_5	5	11	70	30355
11_SA_1	1	14	120	30355
275_SA_4	4	5	90	30355
276_SA_4	4	6	60	30355
277_SA_4	4	7	120	30355
120_SA_2	2	16	55	30355
279_SA_4	4	8	300	30355
280_NU_4	4	9	60	30355
119_SA_2	2	17	60	30355
124_SA_2	2	18	30	30355
121_LC_2	2	19	45	30355
122_SA_2	2	20	50	30355
351_SA_5	5	12	60	30355
118_SA_2	2	21	120	30355
278_PR_4	4	10	150	30355
116_SA_2	2	22	60	30355
117_SA_2	2	23	140	30355
123_SA_2	2	24	50	30355
15_SA_1	1	15	240	30400
125_SA_2	2	25	60	30459
281_PR_4	4	11	70	30459
282_LC_4	4	12	90	30513
127_PR_2	2	26	80	30560
206_PR_3	3	16	35	30560
126_PR_2	2	27	180	30560
353_SA_5	5	13	5	30609
354_PR_5	5	14	30	30709
16_SA_1	1	16	110	30763
207_SA_3	3	17	50	30763
128_SA_2	2	28	120	30770
17_NU_1	-2	17	180	61652
129_NU_2	2	29	120	30826
283_SA_4	4	13	180	30867
355_LC_5	5	15	150	30903
130_SA_2	2	30	90	30903
356_SA_5	5	16	150	30921
131_PR_2	2	31	215	30944
18_SA_1	1	18	90	30965
208_SA_3	3	18	90	30965
209_SA_3	3	19	45	30965
132_SA_2	2	32	20	30965
19_SA_1	1	19	180	30970
210_SA_3	3	20	180	30970
284_SA_4	4	14	240	30970
134_SA_2	2	33	60	30997
133_SA_2	2	34	90	30997
357_SA_5	5	17	60	30997
285_SA_4	4	15	60	31051
135_SA_2	2	35	60	31064
20_SA_1	1	20	60	31064
136_LC_2	2	36	30	31121
286_PR_4	4	16	60	31124
360_LC_5	5	18	10	31124
358_PR_5	5	19	70	31124
137_PR_2	2	37	150	31124
359_LC_5	5	20	10	31124
361_SA_5	5	21	10	31124
21_NU_1	1	21	90	31128
211_NU_3	3	21	40	31128
362_PR_5	5	22	240	31128
22_PR_1	1	22	60	31129
213_LC_3	3	22	90	31129
139_PR_2	2	38	60	31129
140_SA_2	2	39	50	31129
288_SA_4	4	17	60	31129
287_PR_4	4	18	90	31129
212_SA_3	3	23	40	31129
138_VI_2	2	40	90	31129
363_VI_5	5	23	10	31136
214_VI_3	3	24	25	31136
215_PR_3	3	25	45	31139
23_SA_1	1	23	90	31169
24_PR_1	1	24	100	31177
289_LC_4	4	19	110	31227
25_PR_1	1	25	90	31249
141_NU_2	2	41	150	31265
26_NU_1	-2	26	420	62530
27_LC_1	1	27	180	31315
216_SA_3	3	26	80	31323
28_SA_1	1	28	30	31336
29_SA_1	1	29	60	31373
364_PR_5	5	24	1	31378
217_SA_3	3	27	150	31384
365_SA_5	5	25	120	31384
290_SA_4	4	20	60	31384
291_SA_4	4	21	150	31389
292_PR_4	4	22	50	31395
293_PR_4	4	23	165	31395
294_SA_4	4	24	90	31413
142_LC_2	2	42	50	31420
218_SA_3	3	28	120	31453
219_SA_3	3	29	90	31453
143_SA_2	2	43	180	31453
144_SA_2	2	44	90	31503
145_LC_2	2	45	60	31547
146_SA_2	2	46	165	31547
147_LC_2	2	47	30	31547
220_PR_3	3	30	60	31547
30_PR_1	1	30	60	31556
295_LC_4	4	25	60	31563
366_SA_5	5	26	20	31577
32_SA_1	1	31	90	31584
31_SA_1	1	32	90	31584
367_PR_5	5	27	15	31595
33_LC_1	1	33	150	31600
221_PR_3	3	31	35	31616
296_SA_4	4	26	90	31639
222_PR_3	3	32	60	31649
223_PR_3	3	33	40	31655
224_PR_3	3	34	50	31670
34_LC_1	1	34	80	31681
148_SA_2	2	48	90	31687
368_PR_5	5	28	5	31687
369_SA_5	5	29	120	31695
370_SA_5	5	30	140	31695
225_SA_3	3	35	80	31697
35_SA_1	1	35	105	31697
297_SA_4	4	27	100	31718
36_LC_1	-2	36	60	63450
298_PR_4	4	28	120	31856
150_SA_2	2	49	120	31882
149_SA_2	2	50	235	31882
151_SA_2	2	51	120	31898
38_PR_1	1	37	80	31915
371_PR_5	5	31	30	31915
37_PR_1	1	38	60	31915
39_LC_1	1	39	90	31935
226_PR_3	3	36	65	31951
372_LC_5	5	32	60	31974
227_LC_3	3	37	120	31986
40_SA_1	-2	40	60	63976
228_SA_3	3	38	100	32017
152_LC_2	2	52	1	32032
41_LC_1	-2	41	120	64072
42_PR_1	1	42	60	32036
299_LC_4	4	29	60	32044
43_SA_1	1	43	207	32070
300_SA_4	4	30	105	32080
301_SA_4	4	31	75	32163
44_PR_1	1	44	25	32191
153_PR_2	-3	53	230	64382
302_SA_4	4	32	90	32192
373_SA_5	5	33	60	32193
154_PR_2	2	54	170	32240
374_PR_5	5	34	105	32240
155_SA_2	2	55	240	32242
375_PR_5	5	35	170	32261
229_SA_3	3	39	60	32267
156_PR_2	2	56	80	32268
45_VI_1	1	45	75	32306
46_SA_1	1	46	90	32309
47_SA_1	1	47	90	32309
230_PR_3	3	40	30	32312
303_LC_4	4	33	60	32312
376_PR_5	5	36	75	32339
304_VI_4	4	34	120	32352
231_SA_3	3	41	80	32352
49_SA_1	1	48	60	32352
306_SA_4	4	35	270	32352
305_PR_4	4	36	25	32352
377_PR_5	5	37	30	32352
157_SA_2	2	57	150	32352
48_SA_1	1	49	60	32352
232_PR_3	3	42	120	32352
307_SA_4	4	37	120	32359
233_SA_3	3	43	40	32378
378_PR_5	5	38	30	32379
234_LC_3	3	44	60	32382
235_LC_3	3	45	120	32395
379_LC_5	5	39	60	32414
50_LC_1	1	50	80	32428
158_PR_2	-3	58	85	64872
236_VI_3	-4	46	90	64882
308_PR_4	4	38	30	32445
237_PR_3	3	47	70	32445
159_SA_2	2	59	55	32464
51_SA_1	1	51	90	32464
160_PR_2	2	60	60	32510
309_PR_4	4	39	60	32511
310_PR_4	4	40	120	32511
161_LC_2	-3	61	180	65048
238_SA_3	3	48	60	32546
162_SA_2	2	62	1	32560
239_SA_3	3	49	180	32573
52_PR_1	1	52	30	32586
240_PR_3	3	50	60	32586
53_NU_1	1	53	90	32612
311_PR_4	4	41	60	32670
241_SA_3	3	51	20	32672
55_LC_1	1	54	60	32695
54_LC_1	1	55	60	32695
312_PR_4	4	42	50	32732
56_LC_1	1	56	150	32735
313_PR_4	4	43	50	32752
163_PR_2	2	63	120	32752
164_NU_2	2	64	90	32753
314_SA_4	4	44	20	32756
380_LC_5	5	40	234	32762
59_SA_1	1	57	60	32762
57_SA_1	1	58	60	32762
58_SA_1	1	59	60	32762
165_SA_2	2	65	120	32860
60_LC_1	1	60	90	32874
167_SA_2	2	66	60	32889
64_SA_1	1	61	10	32889
62_SA_1	1	62	150	32889
61_SA_1	1	63	30	32889
166_SA_2	2	67	40	32889
65_SA_1	1	64	30	32889
63_SA_1	1	65	75	32889
381_SA_5	5	41	60	32889
242_LC_3	3	52	40	32901
315_SA_4	4	45	180	32938
316_NU_4	4	46	60	32943
66_PR_1	1	66	75	32999
168_SA_2	2	68	60	33024
67_SA_1	1	67	60	33040
317_LC_4	4	47	45	33052
243_SA_3	3	53	120	33056
318_SA_4	4	48	240	33056
68_SA_1	1	68	120	33060
69_VI_1	1	69	60	33064
382_PR_5	5	42	30	33082
319_PR_4	4	49	90	33108
71_PR_1	-2	70	520	66300
70_SA_1	1	71	180	33150
170_SA_2	-3	69	120	66300
244_SA_3	-4	54	80	66300
169_LC_2	2	70	135	33150
171_PR_2	2	71	65	33170
172_NU_2	2	72	60	33184
321_SA_4	4	50	240	33204
383_SA_5	5	43	240	33204
73_PR_1	1	72	120	33204
72_SA_1	1	73	195	33204
320_SA_4	4	51	120	33204
322_SA_4	4	52	90	33204
245_SA_3	3	55	160	33214
384_SA_5	5	44	240	33214
323_SA_4	4	53	120	33214
246_LC_3	3	56	100	33225
247_SA_3	3	57	90	33230
74_SA_1	1	74	60	33252
75_SA_1	1	75	75	33269
174_SA_2	-3	73	360	66538
173_SA_2	2	74	55	33269
175_SA_2	2	75	90	33269
385_SA_5	5	45	60	33269
248_SA_3	3	58	60	33293
176_SA_2	2	76	90	33315
177_PR_2	2	77	50	33332
249_SA_3	3	59	75	33337
76_SA_1	1	76	100	33344
250_SA_3	3	60	60	33351
77_SA_1	1	77	120	33351
178_NU_2	2	78	20	33356
324_SA_4	4	54	130	33358
325_PR_4	4	55	180	33360
386_SA_5	5	46	90	33366
179_PR_2	2	79	100	33375
251_PR_3	3	61	60	33396
180_LC_2	2	80	60	33455
326_SA_4	4	56	1	33480
78_SA_1	1	78	60	33480
79_SA_1	1	79	100	33480
181_LC_2	2	81	120	33480
252_SA_3	3	62	55	33480
387_SA_5	5	47	90	33494
80_SA_1	1	80	90	33495
81_SA_1	1	81	60	33510
388_SA_5	5	48	60	33521
389_SA_5	5	49	90	33526
253_SA_3	3	63	60	33526
82_VI_1	1	82	30	33527
390_LC_5	5	50	180	33542
255_PR_3	3	64	150	33556
254_PR_3	3	65	60	33556
256_PR_3	3	66	90	33614
257_SA_3	3	67	5	33622
258_SA_3	3	68	120	33653
83_SA_1	1	83	240	33653
327_SA_4	4	57	120	33671
84_LC_1	1	84	15	33677
85_PR_1	1	85	70	33693
86_PR_1	1	86	90	33701
259_SA_3	3	69	110	33707
260_SA_3	3	70	120	33711
261_SA_3	3	71	90	33729
87_SA_1	1	87	60	33759
262_SA_3	3	72	120	33759
88_LC_1	1	88	120	33854
328_LC_4	4	58	120	33890
329_LC_4	4	59	90	33890
182_LC_2	2	82	60	33955
183_NU_2	2	83	20	33962
263_SA_3	3	73	60	34008
184_SA_2	2	84	15	34008
185_SA_2	2	85	35	34011
331_SA_4	4	60	160	34011
330_SA_4	4	61	120	34011
264_SA_3	3	74	65	34138
186_PR_2	2	86	120	34182
187_SA_2	2	87	210	34204
89_PR_1	1	89	70	34274
90_SA_1	1	90	90	34329
391_LC_5	5	51	75	34358
393_PR_5	5	52	150	34389
91_PR_1	1	91	120	34389
392_PR_5	5	53	35	34389
188_VI_2	2	88	100	34394
332_PR_4	4	62	120	34399
265_PR_3	3	75	100	34487
92_SA_1	1	92	60	34548
333_VI_4	4	63	90	34553
394_PR_5	5	54	75	34624
93_SA_1	1	93	90	34626
94_NU_1	-2	94	160	69288
95_SA_1	1	95	140	34659
334_SA_4	4	64	30	34659
96_VI_1	1	96	50	34686
98_PR_1	1	97	10	34800
97_PR_1	1	98	20	34800
335_SA_4	4	65	30	34844
266_SA_3	3	76	80	34845
99_SA_1	1	99	75	34935
267_NU_3	3	77	50	34959
336_VI_4	4	66	240	35146
337_PR_4	4	67	1	35219
395_SA_5	5	55	90	35431
338_SA_4	4	68	60	35431
396_SA_5	5	56	60	35479
397_SA_5	5	57	10	35479
268_SA_3	3	78	90	35516
398_NU_5	5	58	150	35960
340_SA_4	4	69	60	35960
339_SA_4	4	70	140	35960
189_PR_2	2	89	80	35960
399_SA_5	5	59	60	36055
190_SA_2	2	90	30	36055
100_PR_1	1	100	60	36234
269_SA_3	3	79	40	36385
400_PR_5	5	60	45	36791
270_PR_3	3	80	75	37325
