Iter 101
MasterProb = 78603.2

s [*] :=
1   1
2  61
3  93
4  64
5  71
;

SubProb = -19693.2
d = 0

distanceCost*(sum{l in 1 .. Lcap - 1} t[l]) = 3795

Iter 102
MasterProb = 78341.7

s [*] :=
1  40
2   3
3   5
4  69
5  54
;

SubProb = -6592.73
d = 0

distanceCost*(sum{l in 1 .. Lcap - 1} t[l]) = 4070

Iter 103
MasterProb = 76984.8

s [*] :=
1  37
2  22
3  77
4  59
5  23
;

SubProb = -6469.41
d = 0

distanceCost*(sum{l in 1 .. Lcap - 1} t[l]) = 3575

Iter 104
MasterProb = 76167.2

s [*] :=
1  98
2  80
3  32
4  84
5  73
;

SubProb = -7419.86
d = 25

distanceCost*(sum{l in 1 .. Lcap - 1} t[l]) = 5225

Iter 105
MasterProb = 74271.1

s [*] :=
1  20
2  84
3  50
4   6
5  43
;

SubProb = -5563.31
d = 0

distanceCost*(sum{l in 1 .. Lcap - 1} t[l]) = 4675

Iter 106
MasterProb = 73522.7

s [*] :=
1  14
2  52
3  21
4  89
5  51
;

SubProb = -6675.85
d = 0

distanceCost*(sum{l in 1 .. Lcap - 1} t[l]) = 3520

Iter 107
MasterProb = 71774.2

s [*] :=
1  60
2  72
3  75
4  39
5  82
;

SubProb = -5134.8
d = 7

distanceCost*(sum{l in 1 .. Lcap - 1} t[l]) = 4510

Iter 108
MasterProb = 70167.7

s [*] :=
1  27
2  41
3  40
4  98
5  97
;

SubProb = -3716.95
d = 0

distanceCost*(sum{l in 1 .. Lcap - 1} t[l]) = 4015

Iter 109
MasterProb = 69879.5

s [*] :=
1  30
2  82
3  23
4  53
5  60
;

SubProb = -1355.87
d = 0

distanceCost*(sum{l in 1 .. Lcap - 1} t[l]) = 4785

Iter 110
MasterProb = 69774.2

s [*] :=
1  13
2  18
3  52
4  42
5  92
;

SubProb = -2861.36
d = 0

distanceCost*(sum{l in 1 .. Lcap - 1} t[l]) = 3850

Iter 111
MasterProb = 69413.9

s [*] :=
1  32
2   6
3  25
4  23
5  24
;

SubProb = -4051.92
d = 0

distanceCost*(sum{l in 1 .. Lcap - 1} t[l]) = 4345

Iter 112
MasterProb = 69007.4

s [*] :=
1   94
2   72
3   42
4   98
5  101
;

SubProb = -4664.11
d = 0

distanceCost*(sum{l in 1 .. Lcap - 1} t[l]) = 1925

Iter 113
MasterProb = 67671.5

s [*] :=
1  84
2  34
3  30
4  24
5  21
;

SubProb = -3928.76
d = 0

distanceCost*(sum{l in 1 .. Lcap - 1} t[l]) = 2805

Iter 114
MasterProb = 67291.1

s [*] :=
1  45
2  82
3  36
4  96
5   3
;

SubProb = -4316.67
d = 0

distanceCost*(sum{l in 1 .. Lcap - 1} t[l]) = 3630

Iter 115
MasterProb = 66781.2

s [*] :=
1  75
2  78
3  80
4  84
5  56
;

SubProb = -811.753
d = 0

distanceCost*(sum{l in 1 .. Lcap - 1} t[l]) = 3960

Iter 116
MasterProb = 66764.7

s [*] :=
1  32
2  87
3   6
4  33
5  58
;

SubProb = -2799.91
d = 0

distanceCost*(sum{l in 1 .. Lcap - 1} t[l]) = 4950

Iter 117
MasterProb = 66505.5

s [*] :=
1  84
2  31
3  64
4  27
5  92
;

SubProb = -2805.33
d = 0

distanceCost*(sum{l in 1 .. Lcap - 1} t[l]) = 5665

Iter 118
MasterProb = 66154

s [*] :=
1  89
2  94
3  87
4  58
5  92
;

SubProb = -1411.41
d = 0

distanceCost*(sum{l in 1 .. Lcap - 1} t[l]) = 3630

Iter 119
MasterProb = 65864.4

s [*] :=
1   43
2    5
3  101
4  102
5  103
;

SubProb = -1319.04
d = 0

distanceCost*(sum{l in 1 .. Lcap - 1} t[l]) = 880

Iter 120
MasterProb = 65375.3

s [*] :=
1  79
2  59
3  98
4  91
5  53
;

SubProb = -1380.01
d = 0

distanceCost*(sum{l in 1 .. Lcap - 1} t[l]) = 3300

Iter 121
MasterProb = 65298.3

s [*] :=
1  72
2  11
3  75
4  87
5  40
;

SubProb = 81.1718
d = 0

distanceCost*(sum{l in 1 .. Lcap - 1} t[l]) = 3795

Problema Entero
MasterProb = 81918

fo1 = 49265
fo2 = 32653

x[j] [*] :=
  7  1
 30  1
 37  1
 70  1
 71  1
 86  1
112  1
117  1
119  1
141  1
151  1
157  1
160  1
172  1
284  1
302  1
308  1
310  1
312  1
315  1
;

aa[i,j] [*,*]
:     7  30  37  70  71  86 112 117 119 141 151 157 160 172 284 302 308 310 312 :=
1     0   0   0   0   0   0   0   0   0   0   0   0   0   0   0   0   0   0   0
2     0   0   0   0   0   0   0   0   0   0   0   0   0   0   1   0   0   0   0
3     0   0   0   0   0   0   0   0   0   0   0   0   0   0   0   0   0   1   0
4     0   0   0   0   0   0   0   0   0   0   0   0   0   0   0   0   0   0   0
5     0   0   0   0   0   0   0   0   0   0   0   0   0   0   0   0   0   0   0
6     0   0   0   0   0   0   0   0   0   0   0   0   0   0   0   0   0   0   1
7     1   0   0   0   0   0   0   0   0   0   0   0   0   0   0   0   0   0   0
8     0   0   0   0   0   0   0   0   1   0   0   0   0   0   0   0   0   0   0
9     0   0   0   0   0   0   0   0   0   0   0   0   0   0   0   0   0   0   0
10    0   0   0   0   0   0   0   0   0   0   0   0   0   0   0   0   0   0   0
11    0   0   0   0   0   0   0   0   0   0   0   0   0   0   0   0   0   0   0
12    0   0   0   0   0   0   0   0   0   0   0   0   0   0   0   0   0   0   0
13    0   0   0   0   0   0   0   0   0   0   0   0   0   0   0   0   0   0   0
14    0   0   0   0   0   0   0   0   0   0   0   0   0   0   0   1   0   0   0
15    0   0   0   0   0   0   0   0   0   0   1   0   0   0   0   0   0   0   0
16    0   0   0   0   0   0   0   0   0   0   0   0   0   0   0   0   0   0   0
17    0   0   0   0   0   0   0   0   0   0   0   0   0   0   0   0   0   0   0
18    0   0   0   0   0   0   0   0   0   0   0   0   0   0   0   0   0   0   0
19    0   0   0   0   0   0   0   0   0   0   0   1   0   0   0   0   0   0   0
20    0   0   0   0   0   0   0   0   1   0   0   0   0   0   0   0   0   0   0
21    0   0   0   0   0   0   0   0   0   0   0   0   0   0   0   1   0   0   0
22    0   0   0   0   0   0   0   0   0   1   0   0   0   0   0   0   0   0   0
23    0   0   0   0   0   0   0   1   0   0   0   0   0   0   0   0   0   0   0
24    0   0   0   0   0   0   0   0   0   0   0   0   1   0   0   0   0   0   0
25    0   0   0   0   0   0   0   0   0   0   0   0   0   0   0   0   0   0   0
26    0   0   0   0   0   0   0   0   0   0   0   0   0   0   0   0   0   0   0
27    0   0   0   0   0   0   0   0   0   0   0   0   0   0   0   0   0   0   0
28    0   0   0   0   0   0   1   0   0   0   0   0   0   0   0   0   0   0   0
29    0   0   0   0   0   0   0   0   0   0   0   0   0   0   1   0   0   0   0
30    0   1   0   0   0   0   0   0   0   0   0   0   0   0   0   0   0   0   0
31    0   0   0   0   0   0   0   0   0   1   0   0   0   0   0   0   0   0   0
32    0   0   0   0   0   0   0   0   0   0   0   0   0   0   0   0   0   0   1
33    0   0   0   0   0   0   0   0   0   0   0   0   0   0   0   0   0   0   1
34    0   0   0   0   0   0   0   0   0   0   0   0   1   0   0   0   0   0   0
35    0   0   0   0   0   0   0   0   0   0   0   0   0   0   0   0   0   0   0
36    0   0   0   0   0   0   0   0   0   0   0   0   0   0   0   0   0   1   0
37    0   0   1   0   0   0   0   0   0   0   0   0   0   0   0   0   0   0   0
38    0   0   0   0   0   0   0   0   0   0   0   1   0   0   0   0   0   0   0
39    0   0   0   0   0   0   0   0   0   0   0   0   0   1   0   0   0   0   0
40    0   0   0   0   0   0   0   0   0   1   0   0   0   0   0   0   0   0   0
41    0   0   0   0   0   0   0   0   0   0   0   0   0   0   0   0   0   0   0
42    0   0   0   0   0   0   0   0   0   0   0   0   0   0   0   0   1   0   0
43    0   0   0   0   0   0   0   0   0   0   0   0   0   0   0   0   0   0   0
44    0   0   0   0   0   0   0   0   0   0   0   0   0   0   0   0   0   0   0
45    0   0   0   0   0   0   0   0   0   0   0   0   0   0   0   0   0   1   0
46    0   0   0   0   0   0   0   1   0   0   0   0   0   0   0   0   0   0   0
47    0   0   0   0   0   0   0   0   0   0   0   0   0   0   0   0   0   0   0
48    0   0   0   0   0   0   0   0   0   0   0   1   0   0   0   0   0   0   0
49    0   0   0   0   0   0   0   0   0   1   0   0   0   0   0   0   0   0   0
50    0   0   0   0   0   0   0   0   0   1   0   0   0   0   0   0   0   0   0
51    0   0   0   0   0   0   0   0   0   0   0   0   0   0   0   1   0   0   0
52    0   0   0   0   0   0   0   0   0   0   0   0   0   0   0   1   0   0   0
53    0   0   0   0   0   0   0   0   1   0   0   0   0   0   0   0   0   0   0
54    0   0   0   0   0   0   0   0   0   0   0   0   1   0   0   0   0   0   0
55    0   0   0   0   0   0   0   0   0   0   0   0   0   0   0   0   0   0   0
56    0   0   0   0   0   0   0   0   0   0   0   0   0   0   0   0   0   0   0
57    0   0   0   0   0   0   0   0   0   0   1   0   0   0   0   0   0   0   0
58    0   0   0   0   0   0   0   0   0   0   0   0   0   0   0   0   0   0   1
59    0   0   0   0   0   0   0   0   1   0   0   0   0   0   0   0   0   0   0
60    0   0   0   0   0   0   0   0   0   0   0   0   0   0   0   0   0   0   0
61    0   0   0   0   0   0   0   0   0   0   0   0   0   0   1   0   0   0   0
62    0   0   0   0   0   0   1   0   0   0   0   0   0   0   0   0   0   0   0
63    0   0   0   0   0   0   0   0   0   0   0   0   0   1   0   0   0   0   0
64    0   0   0   0   0   0   1   0   0   0   0   0   0   0   0   0   0   0   0
65    0   0   0   0   0   0   0   0   0   0   0   1   0   0   0   0   0   0   0
66    0   0   0   0   0   0   0   0   0   0   0   0   0   0   0   0   0   0   0
67    0   0   0   0   0   0   0   0   0   0   0   0   0   0   0   0   0   0   0
68    0   0   0   0   0   0   0   0   0   0   0   0   0   0   0   0   0   0   0
69    0   0   0   0   0   0   0   0   0   0   0   0   0   1   0   0   0   0   0
70    0   0   0   1   0   0   0   0   0   0   0   0   0   0   0   0   0   0   0
71    0   0   0   0   1   0   0   0   0   0   0   0   0   0   0   0   0   0   0
72    0   0   0   0   0   0   0   0   0   0   0   0   0   0   0   0   1   0   0
73    0   0   0   0   0   0   0   0   0   0   0   0   0   0   1   0   0   0   0
74    0   0   0   0   0   0   0   0   0   0   0   0   0   0   0   0   0   0   0
75    0   0   0   0   0   0   0   0   1   0   0   0   0   0   0   0   0   0   0
76    0   0   0   0   0   0   0   0   0   0   0   0   0   0   0   0   0   0   0
77    0   0   0   0   0   0   0   1   0   0   0   0   0   0   0   0   0   0   0
78    0   0   0   0   0   0   0   0   0   0   0   0   0   0   0   0   0   0   0
79    0   0   0   0   0   0   0   0   0   0   0   0   0   0   0   0   0   0   0
80    0   0   0   0   0   0   0   1   0   0   0   0   0   0   0   0   0   0   0
81    0   0   0   0   0   0   0   0   0   0   0   0   0   0   1   0   0   0   0
82    0   0   0   0   0   0   0   0   0   0   0   0   0   0   0   0   0   1   0
83    0   0   0   0   0   0   0   0   0   0   0   0   0   0   0   0   0   0   0
84    0   0   0   0   0   0   0   0   0   0   0   0   0   1   0   0   0   0   0
85    0   0   0   0   0   0   0   0   0   0   0   0   0   0   0   0   0   0   0
86    0   0   0   0   0   1   0   0   0   0   0   0   0   0   0   0   0   0   0
87    0   0   0   0   0   0   0   0   0   0   0   0   0   0   0   0   0   0   1
88    0   0   0   0   0   0   0   0   0   0   0   0   1   0   0   0   0   0   0
89    0   0   0   0   0   0   0   0   0   0   0   0   0   0   0   1   0   0   0
90    0   0   0   0   0   0   0   0   0   0   0   0   0   0   0   0   0   0   0
91    0   0   0   0   0   0   0   0   0   0   0   0   0   1   0   0   0   0   0
92    0   0   0   0   0   0   1   0   0   0   0   0   0   0   0   0   0   0   0
93    0   0   0   0   0   0   0   0   0   0   0   0   0   0   0   0   0   0   0
94    0   0   0   0   0   0   0   0   0   0   0   0   0   0   0   0   1   0   0
95    0   0   0   0   0   0   1   0   0   0   0   0   0   0   0   0   0   0   0
96    0   0   0   0   0   0   0   0   0   0   0   0   0   0   0   0   0   1   0
97    0   0   0   0   0   0   0   0   0   0   0   1   0   0   0   0   0   0   0
98    0   0   0   0   0   0   0   0   0   0   0   0   0   0   0   0   1   0   0
99    0   0   0   0   0   0   0   0   0   0   0   0   0   0   0   0   0   0   0
100   0   0   0   0   0   0   0   1   0   0   0   0   0   0   0   0   0   0   0

:   315    :=
1     0
2     0
3     0
4     0
5     1
6     0
7     0
8     0
9     0
10    0
11    0
12    0
13    0
14    0
15    0
16    0
17    0
18    0
19    0
20    0
21    0
22    0
23    0
24    0
25    0
26    0
27    0
28    0
29    0
30    0
31    0
32    0
33    0
34    0
35    0
36    0
37    0
38    0
39    0
40    0
41    0
42    0
43    1
44    0
45    0
46    0
47    0
48    0
49    0
50    0
51    0
52    0
53    0
54    0
55    0
56    0
57    0
58    0
59    0
60    0
61    0
62    0
63    0
64    0
65    0
66    0
67    0
68    0
69    0
70    0
71    0
72    0
73    0
74    0
75    0
76    0
77    0
78    0
79    0
80    0
81    0
82    0
83    0
84    0
85    0
86    0
87    0
88    0
89    0
90    0
91    0
92    0
93    0
94    0
95    0
96    0
97    0
98    0
99    0
100   0
;

vi[i] [*] :=
 1  1
 4  1
 9  1
10  1
11  1
12  1
13  1
16  1
17  1
18  1
25  1
26  1
27  1
35  1
41  1
44  1
47  1
55  1
56  1
60  1
66  1
67  1
68  1
74  1
76  1
78  1
79  1
83  1
85  1
90  1
93  1
99  1
;

:   x[i]   c[i] travel[i] delay[i]    :=
7     1       0       0         0
30    1       0       0         0
37    1       0       0         0
70    1       0       0         0
71    1       0       0         0
86    1       0       0         0
112   1    3520    3520         0
117   1    6915    3795      3120
119   1    4290    4290         0
141   1    3850    3850         0
151   1     880     880         0
157   1    4345    4345         0
160   1    2145    2145         0
172   1    4895    4895         0
284   1    3520    3520         0
302   1    3520    3520         0
308   1    1925    1925         0
310   1    3630    3630         0
312   1    4950    4950         0
315   1     880     880         0
;

