#Nombre	DiaAten	ModelId		T.Servicio	Penalty
191_PR_3	3	1	60	1888
101_PR_2	2	1	60	2360
1_PR_1	-2	1	90	652
341_SA_5	5	1	70	1932
102_SA_2	2	2	120	3003
2_SA_1	1	2	90	60158
103_SA_2	2	3	120	57379
104_LC_2	-3	4	120	818
271_PR_4	4	1	60	27826
105_LC_2	2	5	200	52076
342_PR_5	-6	2	60	1222
192_PR_3	3	2	130	4884
193_LC_3	3	3	70	2156
272_LC_4	4	2	130	42773
273_LC_4	4	3	90	3036
343_LC_5	5	3	45	54123
274_SA_4	4	4	60	54507
3_SA_1	1	3	75	39189
106_NU_2	2	6	75	52223
107_PR_2	2	7	30	42760
344_LC_5	5	4	120	42883
108_LC_2	2	8	10	46904
345_SA_5	-6	5	150	498
194_PR_3	3	4	20	46987
4_LC_1	-2	4	120	2684
195_SA_3	3	5	150	3085
5_SA_1	1	5	90	44080
197_SA_3	3	6	120	67113
346_LC_5	5	6	70	49413
199_SA_3	3	7	80	66898
196_PR_3	3	8	45	40739
198_SA_3	3	9	60	70297
6_SA_1	1	6	30	4998
200_SA_3	3	10	60	4671
201_LC_3	3	11	270	5930
347_SA_5	5	7	20	68930
7_SA_1	1	7	290	60652
202_SA_3	3	12	180	58490
8_SA_1	1	8	60	58758
110_SA_2	2	9	120	54957
111_SA_2	2	10	120	38075
112_SA_2	2	11	60	55513
109_SA_2	2	12	110	29171
114_SA_2	2	13	60	45212
113_SA_2	2	14	60	42576
203_SA_3	3	13	45	48601
115_PR_2	2	15	90	32645
348_SA_5	5	8	60	6713
349_SA_5	5	9	15	6852
9_SA_1	-2	9	360	1428
10_SA_1	-2	10	60	1104
13_SA_1	-2	11	60	730
14_SA_1	-2	12	90	1750
350_SA_5	-6	10	180	1184
12_SA_1	-2	13	75	1622
204_SA_3	-4	14	80	1646
205_SA_3	3	15	60	673
352_PR_5	-6	11	70	1396
11_SA_1	1	14	120	746
275_SA_4	-5	5	90	882
276_SA_4	-5	6	60	1248
277_SA_4	-5	7	120	1470
120_SA_2	-3	16	55	988
279_SA_4	-5	8	300	1188
280_NU_4	-5	9	60	1528
119_SA_2	-3	17	60	1090
124_SA_2	2	18	30	506
121_LC_2	-3	19	45	1506
122_SA_2	2	20	50	884
351_SA_5	-6	12	60	1006
118_SA_2	-3	21	120	1506
278_PR_4	-5	10	150	894
116_SA_2	-3	22	60	1424
117_SA_2	-3	23	140	1296
123_SA_2	-3	24	50	690
15_SA_1	1	15	240	53405
125_SA_2	2	25	60	64772
281_PR_4	4	11	70	42407
282_LC_4	4	12	90	35711
127_PR_2	2	26	80	89302
206_PR_3	3	16	35	87322
126_PR_2	2	27	180	108930
353_SA_5	-6	13	5	284
354_PR_5	5	14	30	51407
16_SA_1	-2	16	110	902
207_SA_3	-4	17	50	812
128_SA_2	-3	28	120	380
17_NU_1	-2	17	180	2170
129_NU_2	-3	29	120	1762
283_SA_4	4	13	180	2712
355_LC_5	5	15	150	1449
130_SA_2	2	30	90	1531
356_SA_5	-6	16	150	830
131_PR_2	2	31	215	48214
18_SA_1	-2	18	90	3006
208_SA_3	3	18	90	1495
209_SA_3	3	19	45	1222
132_SA_2	-3	32	20	2598
19_SA_1	1	19	180	98159
210_SA_3	3	20	180	120360
284_SA_4	4	14	240	63413
134_SA_2	2	33	60	48754
133_SA_2	2	34	90	39027
357_SA_5	5	17	60	43787
285_SA_4	4	15	60	67860
135_SA_2	2	35	60	58157
20_SA_1	1	20	60	42142
136_LC_2	-3	36	30	382
286_PR_4	4	16	60	47885
360_LC_5	5	18	10	44595
358_PR_5	5	19	70	36061
137_PR_2	2	37	150	48852
359_LC_5	5	20	10	51140
361_SA_5	5	21	10	56851
21_NU_1	1	21	90	10810
211_NU_3	3	21	40	16204
362_PR_5	5	22	240	56654
22_PR_1	1	22	60	43717
213_LC_3	3	22	90	35428
139_PR_2	2	38	60	49061
140_SA_2	2	39	50	36965
288_SA_4	4	17	60	47792
287_PR_4	4	18	90	43876
212_SA_3	3	23	40	53801
138_VI_2	2	40	90	33647
363_VI_5	5	23	10	2551
214_VI_3	3	24	25	2651
215_PR_3	3	25	45	66519
23_SA_1	1	23	90	39068
24_PR_1	1	24	100	7379
289_LC_4	4	19	110	46095
25_PR_1	-2	25	90	12440
141_NU_2	-3	41	150	1006
26_NU_1	-2	26	420	748
27_LC_1	-2	27	180	4860
216_SA_3	3	26	80	15019
28_SA_1	1	28	30	533
29_SA_1	1	29	60	46233
364_PR_5	5	24	1	2233
217_SA_3	-4	27	150	2268
365_SA_5	-6	25	120	2374
290_SA_4	4	20	60	1046
291_SA_4	4	21	150	3302
292_PR_4	4	22	50	2760
293_PR_4	4	23	165	2777
294_SA_4	4	24	90	22246
142_LC_2	2	42	50	5968
218_SA_3	3	28	120	2208
219_SA_3	3	29	90	3677
143_SA_2	-3	43	180	7448
144_SA_2	-3	44	90	548
145_LC_2	-3	45	60	280
146_SA_2	-3	46	165	374
147_LC_2	-3	47	30	472
220_PR_3	-4	30	60	402
30_PR_1	1	30	60	9279
295_LC_4	-5	25	60	148
366_SA_5	5	26	20	8645
32_SA_1	1	31	90	28562
31_SA_1	1	32	90	12767
367_PR_5	5	27	15	34160
33_LC_1	1	33	150	4898
221_PR_3	3	31	35	50139
296_SA_4	4	26	90	46150
222_PR_3	3	32	60	55045
223_PR_3	3	33	40	69058
224_PR_3	3	34	50	2015
34_LC_1	1	34	80	52429
148_SA_2	2	48	90	10440
368_PR_5	5	28	5	20137
369_SA_5	5	29	120	66889
370_SA_5	5	30	140	53436
225_SA_3	-4	35	80	824
35_SA_1	-2	35	105	728
297_SA_4	4	27	100	1730
36_LC_1	1	36	60	51381
298_PR_4	-5	28	120	540
150_SA_2	2	49	120	1578
149_SA_2	-3	50	235	4214
151_SA_2	2	51	120	80651
38_PR_1	1	37	80	52357
371_PR_5	5	31	30	49430
37_PR_1	1	38	60	37266
39_LC_1	1	39	90	3220
226_PR_3	3	36	65	40885
372_LC_5	5	32	60	48350
227_LC_3	3	37	120	3147
40_SA_1	1	40	60	2533
228_SA_3	3	38	100	48035
152_LC_2	2	52	1	2034
41_LC_1	-2	41	120	5316
42_PR_1	1	42	60	3304
299_LC_4	-5	29	60	532
43_SA_1	1	43	207	4172
300_SA_4	4	30	105	51945
301_SA_4	4	31	75	459
44_PR_1	-2	44	25	1542
153_PR_2	2	53	230	44126
302_SA_4	4	32	90	53564
373_SA_5	5	33	60	1710
154_PR_2	2	54	170	58579
374_PR_5	5	34	105	51923
155_SA_2	2	55	240	51225
375_PR_5	5	35	170	55782
229_SA_3	-4	39	60	1086
156_PR_2	2	56	80	53501
45_VI_1	1	45	75	10278
46_SA_1	1	46	90	71
47_SA_1	-2	47	90	162
230_PR_3	3	40	30	24663
303_LC_4	4	33	60	50644
376_PR_5	5	36	75	53382
304_VI_4	4	34	120	1520
231_SA_3	3	41	80	2246
49_SA_1	1	48	60	1202
306_SA_4	4	35	270	1591
305_PR_4	-5	36	25	2850
377_PR_5	5	37	30	1310
157_SA_2	-3	57	150	2432
48_SA_1	1	49	60	1986
232_PR_3	3	42	120	1081
307_SA_4	4	37	120	62014
233_SA_3	3	43	40	43326
378_PR_5	5	38	30	36657
234_LC_3	3	44	60	2504
235_LC_3	-4	45	120	576
379_LC_5	5	39	60	57297
50_LC_1	1	50	80	49881
158_PR_2	2	58	85	3054
236_VI_3	-4	46	90	246
308_PR_4	4	38	30	46464
237_PR_3	3	47	70	58434
159_SA_2	2	59	55	2814
51_SA_1	1	51	90	2658
160_PR_2	2	60	60	31862
309_PR_4	4	39	60	57310
310_PR_4	4	40	120	35233
161_LC_2	2	61	180	66219
238_SA_3	3	48	60	7429
162_SA_2	2	62	1	4979
239_SA_3	3	49	180	47267
52_PR_1	1	52	30	4636
240_PR_3	3	50	60	4669
53_NU_1	1	53	90	71779
311_PR_4	4	41	60	41102
241_SA_3	3	51	20	42950
55_LC_1	1	54	60	1188
54_LC_1	-2	55	60	2356
312_PR_4	4	42	50	223037
56_LC_1	-2	56	150	102
313_PR_4	-5	43	50	2024
163_PR_2	-3	63	120	1948
164_NU_2	-3	64	90	3330
314_SA_4	4	44	20	2938
380_LC_5	5	40	234	6479
59_SA_1	1	57	60	7050
57_SA_1	1	58	60	5116
58_SA_1	1	59	60	4246
165_SA_2	2	65	120	54445
60_LC_1	-2	60	90	5312
167_SA_2	2	66	60	48373
64_SA_1	1	61	10	68498
62_SA_1	1	62	150	36315
61_SA_1	1	63	30	61471
166_SA_2	2	67	40	60762
65_SA_1	1	64	30	54412
63_SA_1	1	65	75	54127
381_SA_5	5	41	60	45818
242_LC_3	3	52	40	57102
315_SA_4	4	45	180	2540
316_NU_4	4	46	60	9884
66_PR_1	-2	66	75	558
168_SA_2	-3	68	60	1960
67_SA_1	-2	67	60	330
317_LC_4	4	47	45	49231
243_SA_3	-4	53	120	2506
318_SA_4	-5	48	240	2448
68_SA_1	-2	68	120	402
69_VI_1	1	69	60	40105
382_PR_5	5	42	30	2666
319_PR_4	4	49	90	2206
71_PR_1	1	70	520	18869
70_SA_1	1	71	180	22382
170_SA_2	2	69	120	16605
244_SA_3	3	54	80	15942
169_LC_2	2	70	135	20865
171_PR_2	2	71	65	9331
172_NU_2	2	72	60	60323
321_SA_4	4	50	240	38528
383_SA_5	5	43	240	57165
73_PR_1	1	72	120	63088
72_SA_1	1	73	195	49186
320_SA_4	4	51	120	51992
322_SA_4	4	52	90	60929
245_SA_3	-4	55	160	866
384_SA_5	-6	44	240	704
323_SA_4	-5	53	120	702
246_LC_3	3	56	100	3234
247_SA_3	3	57	90	40373
74_SA_1	-2	74	60	414
75_SA_1	1	75	75	33940
174_SA_2	2	73	360	73406
173_SA_2	2	74	55	51319
175_SA_2	2	75	90	32968
385_SA_5	5	45	60	45913
248_SA_3	3	58	60	1450
176_SA_2	2	76	90	1025
177_PR_2	-3	77	50	214
249_SA_3	3	59	75	46271
76_SA_1	-2	76	100	458
250_SA_3	3	60	60	45809
77_SA_1	1	77	120	60339
178_NU_2	2	78	20	299
324_SA_4	4	54	130	58170
325_PR_4	4	55	180	3962
386_SA_5	5	46	90	44695
179_PR_2	2	79	100	56280
251_PR_3	3	61	60	6036
180_LC_2	2	80	60	40616
326_SA_4	4	56	1	1092
78_SA_1	-2	78	60	2384
79_SA_1	-2	79	100	1746
181_LC_2	2	81	120	790
252_SA_3	-4	62	55	2004
387_SA_5	5	47	90	35802
80_SA_1	1	80	90	50486
81_SA_1	1	81	60	4536
388_SA_5	5	48	60	1781
389_SA_5	5	49	90	47587
253_SA_3	3	63	60	61731
82_VI_1	1	82	30	7455
390_LC_5	5	50	180	5194
255_PR_3	3	64	150	44765
254_PR_3	3	65	60	40927
256_PR_3	3	66	90	887
257_SA_3	-4	67	5	2832
258_SA_3	-4	68	120	5084
83_SA_1	-2	83	240	3736
327_SA_4	4	57	120	19034
84_LC_1	1	84	15	42101
85_PR_1	-2	85	70	236
86_PR_1	1	86	90	50471
259_SA_3	-4	69	110	360
260_SA_3	-4	70	120	368
261_SA_3	3	71	90	4624
87_SA_1	1	87	60	1814
262_SA_3	3	72	120	1768
88_LC_1	1	88	120	66468
328_LC_4	4	58	120	75224
329_LC_4	4	59	90	53427
182_LC_2	2	82	60	61169
183_NU_2	-3	83	20	672
263_SA_3	3	73	60	59512
184_SA_2	2	84	15	41323
185_SA_2	2	85	35	60240
331_SA_4	4	60	160	59056
330_SA_4	4	61	120	51846
264_SA_3	3	74	65	42208
186_PR_2	-3	86	120	348
187_SA_2	2	87	210	57408
89_PR_1	1	89	70	34592
90_SA_1	-2	90	90	120
391_LC_5	5	51	75	47403
393_PR_5	5	52	150	59062
91_PR_1	1	91	120	53430
392_PR_5	5	53	35	45473
188_VI_2	-3	88	100	88
332_PR_4	4	62	120	1901
265_PR_3	3	75	100	50302
92_SA_1	1	92	60	55939
333_VI_4	4	63	90	54892
394_PR_5	5	54	75	60668
93_SA_1	-2	93	90	5126
94_NU_1	1	94	160	45698
95_SA_1	1	95	140	308
334_SA_4	4	64	30	661
96_VI_1	1	96	50	46954
98_PR_1	1	97	10	50574
97_PR_1	1	98	20	47971
335_SA_4	4	65	30	15277
266_SA_3	3	76	80	5411
99_SA_1	-2	99	75	182
267_NU_3	3	77	50	5611
336_VI_4	-5	66	240	992
337_PR_4	4	67	1	3296
395_SA_5	-6	55	90	262
338_SA_4	-5	68	60	274
396_SA_5	5	56	60	26869
397_SA_5	5	57	10	65203
268_SA_3	-4	78	90	2376
398_NU_5	5	58	150	7905
340_SA_4	4	69	60	9327
339_SA_4	4	70	140	6579
189_PR_2	2	89	80	5997
399_SA_5	5	59	60	41660
190_SA_2	2	90	30	53614
100_PR_1	1	100	60	3702
269_SA_3	3	79	40	259276
400_PR_5	5	60	45	50380
270_PR_3	3	80	75	12898
