#Nombre	DiaAten	ModelId		T.Servicio	Penalty
191_PR_3	3	1	60	4353
101_PR_2	2	1	60	4353
1_PR_1	-2	1	90	9594
341_SA_5	5	1	70	5207
102_SA_2	2	2	120	5318
2_SA_1	-2	2	90	10818
103_SA_2	2	3	120	5547
104_LC_2	-3	4	120	11180
271_PR_4	-5	1	60	11498
105_LC_2	-3	5	200	11932
342_PR_5	-6	2	60	12080
192_PR_3	3	2	130	6206
193_LC_3	3	3	70	6344
272_LC_4	-5	2	130	12754
273_LC_4	4	3	90	6424
343_LC_5	5	3	45	6674
274_SA_4	4	4	60	6718
3_SA_1	1	3	75	6762
106_NU_2	2	6	75	6768
107_PR_2	2	7	30	6774
344_LC_5	5	4	120	6820
108_LC_2	2	8	10	6820
345_SA_5	5	5	150	6829
194_PR_3	3	4	20	6831
4_LC_1	-2	4	120	13772
195_SA_3	3	5	150	6915
5_SA_1	-2	5	90	13938
197_SA_3	-4	6	120	13938
346_LC_5	5	6	70	6969
199_SA_3	-4	7	80	13938
196_PR_3	3	8	45	6969
198_SA_3	3	9	60	6969
6_SA_1	1	6	30	6988
200_SA_3	3	10	60	6988
201_LC_3	-4	11	270	13976
347_SA_5	5	7	20	7093
7_SA_1	1	7	290	7150
202_SA_3	-4	12	180	14300
8_SA_1	-2	8	60	14300
110_SA_2	-3	9	120	14300
111_SA_2	-3	10	120	14300
112_SA_2	-3	11	60	14300
109_SA_2	-3	12	110	14300
114_SA_2	2	13	60	7150
113_SA_2	2	14	60	7150
203_SA_3	3	13	45	7150
115_PR_2	-3	15	90	14562
348_SA_5	5	8	60	7340
349_SA_5	5	9	15	7340
9_SA_1	1	9	360	7386
10_SA_1	1	10	60	7386
13_SA_1	1	11	60	7386
14_SA_1	-2	12	90	14772
350_SA_5	5	10	180	7386
12_SA_1	1	13	75	7386
204_SA_3	3	14	80	7386
205_SA_3	3	15	60	7386
352_PR_5	5	11	70	7386
11_SA_1	1	14	120	7386
275_SA_4	-5	5	90	14772
276_SA_4	4	6	60	7386
277_SA_4	4	7	120	7386
120_SA_2	-3	16	55	14772
279_SA_4	4	8	300	7386
280_NU_4	-5	9	60	14772
119_SA_2	2	17	60	7386
124_SA_2	2	18	30	7386
121_LC_2	2	19	45	7386
122_SA_2	-3	20	50	14772
351_SA_5	5	12	60	7386
118_SA_2	-3	21	120	14772
278_PR_4	4	10	150	7386
116_SA_2	2	22	60	7386
117_SA_2	2	23	140	7386
123_SA_2	2	24	50	7386
15_SA_1	-2	15	240	14882
125_SA_2	-3	25	60	14924
281_PR_4	4	11	70	7462
282_LC_4	4	12	90	7521
127_PR_2	2	26	80	7525
206_PR_3	3	16	35	7525
126_PR_2	-3	27	180	15050
353_SA_5	5	13	5	7705
354_PR_5	5	14	30	7721
16_SA_1	-2	16	110	15468
207_SA_3	3	17	50	7734
128_SA_2	2	28	120	7793
17_NU_1	1	17	180	7833
129_NU_2	2	29	120	7833
283_SA_4	4	13	180	7874
355_LC_5	5	15	150	7885
130_SA_2	2	30	90	7885
356_SA_5	5	16	150	7938
131_PR_2	-3	31	215	15958
18_SA_1	1	18	90	7989
208_SA_3	3	18	90	7989
209_SA_3	3	19	45	7989
132_SA_2	2	32	20	7989
19_SA_1	-2	19	180	15996
210_SA_3	-4	20	180	15996
284_SA_4	4	14	240	7998
134_SA_2	2	33	60	8034
133_SA_2	2	34	90	8034
357_SA_5	5	17	60	8034
285_SA_4	4	15	60	8055
135_SA_2	2	35	60	8079
20_SA_1	1	20	60	8079
136_LC_2	2	36	30	8083
286_PR_4	4	16	60	8158
360_LC_5	5	18	10	8158
358_PR_5	5	19	70	8158
137_PR_2	2	37	150	8158
359_LC_5	5	20	10	8158
361_SA_5	5	21	10	8158
21_NU_1	1	21	90	8159
211_NU_3	3	21	40	8159
362_PR_5	5	22	240	8163
22_PR_1	1	22	60	8164
213_LC_3	3	22	90	8164
139_PR_2	2	38	60	8164
140_SA_2	2	39	50	8164
288_SA_4	4	17	60	8164
287_PR_4	4	18	90	8164
212_SA_3	-4	23	40	16328
138_VI_2	2	40	90	8164
363_VI_5	5	23	10	8191
214_VI_3	3	24	25	8191
215_PR_3	3	25	45	8238
23_SA_1	1	23	90	8255
24_PR_1	-2	24	100	16512
289_LC_4	4	19	110	8291
25_PR_1	1	25	90	8349
141_NU_2	-3	41	150	16794
26_NU_1	-2	26	420	16794
27_LC_1	1	27	180	8433
216_SA_3	3	26	80	8471
28_SA_1	1	28	30	8516
29_SA_1	1	29	60	8522
364_PR_5	5	24	1	8608
217_SA_3	3	27	150	8650
365_SA_5	5	25	120	8650
290_SA_4	4	20	60	8650
291_SA_4	4	21	150	8704
292_PR_4	4	22	50	8787
293_PR_4	4	23	165	8787
294_SA_4	4	24	90	8802
142_LC_2	2	42	50	8807
218_SA_3	3	28	120	8816
219_SA_3	3	29	90	8816
143_SA_2	-3	43	180	17632
144_SA_2	2	44	90	8817
145_LC_2	2	45	60	8820
146_SA_2	2	46	165	8820
147_LC_2	2	47	30	8820
220_PR_3	3	30	60	8820
30_PR_1	1	30	60	8832
295_LC_4	4	25	60	8847
366_SA_5	5	26	20	8869
32_SA_1	1	31	90	8914
31_SA_1	1	32	90	8914
367_PR_5	5	27	15	8942
33_LC_1	-2	33	150	17904
221_PR_3	3	31	35	8987
296_SA_4	4	26	90	9049
222_PR_3	3	32	60	9106
223_PR_3	3	33	40	9115
224_PR_3	3	34	50	9180
34_LC_1	1	34	80	9207
148_SA_2	2	48	90	9333
368_PR_5	5	28	5	9351
369_SA_5	5	29	120	9356
370_SA_5	5	30	140	9356
225_SA_3	3	35	80	9362
35_SA_1	1	35	105	9362
297_SA_4	4	27	100	9399
36_LC_1	1	36	60	9407
298_PR_4	4	28	120	9462
150_SA_2	2	49	120	9486
149_SA_2	-3	50	235	18972
151_SA_2	2	51	120	9488
38_PR_1	1	37	80	9492
371_PR_5	5	31	30	9492
37_PR_1	1	38	60	9492
39_LC_1	1	39	90	9523
226_PR_3	-4	36	65	19102
372_LC_5	5	32	60	9553
227_LC_3	3	37	120	9557
40_SA_1	1	40	60	9564
228_SA_3	3	38	100	9614
152_LC_2	2	52	1	9624
41_LC_1	1	41	120	9633
42_PR_1	1	42	60	9633
299_LC_4	4	29	60	9644
43_SA_1	1	43	207	9661
300_SA_4	4	30	105	9678
301_SA_4	4	31	75	9695
44_PR_1	-2	44	25	19410
153_PR_2	2	53	230	9732
302_SA_4	4	32	90	9761
373_SA_5	5	33	60	9786
154_PR_2	-3	54	170	19718
374_PR_5	5	34	105	9859
155_SA_2	-3	55	240	19754
375_PR_5	5	35	170	9882
229_SA_3	-4	39	60	19784
156_PR_2	2	56	80	9901
45_VI_1	1	45	75	9907
46_SA_1	1	46	90	9936
47_SA_1	1	47	90	9936
230_PR_3	3	40	30	9972
303_LC_4	4	33	60	9972
376_PR_5	5	36	75	9978
304_VI_4	-5	34	120	19980
231_SA_3	3	41	80	9990
49_SA_1	1	48	60	9990
306_SA_4	4	35	270	9990
305_PR_4	4	36	25	9990
377_PR_5	5	37	30	9990
157_SA_2	2	57	150	9990
48_SA_1	1	49	60	9990
232_PR_3	3	42	120	9990
307_SA_4	4	37	120	10023
233_SA_3	3	43	40	10028
378_PR_5	5	38	30	10080
234_LC_3	3	44	60	10114
235_LC_3	-4	45	120	20452
379_LC_5	5	39	60	10377
50_LC_1	1	50	80	10381
158_PR_2	2	58	85	10405
236_VI_3	3	46	90	10420
308_PR_4	4	38	30	10547
237_PR_3	3	47	70	10547
159_SA_2	2	59	55	10609
51_SA_1	1	51	90	10609
160_PR_2	2	60	60	10622
309_PR_4	4	39	60	10659
310_PR_4	4	40	120	10659
161_LC_2	2	61	180	10676
238_SA_3	3	48	60	10677
162_SA_2	2	62	1	10719
239_SA_3	3	49	180	10721
52_PR_1	1	52	30	10747
240_PR_3	3	50	60	10747
53_NU_1	1	53	90	10779
311_PR_4	4	41	60	10799
241_SA_3	3	51	20	10835
55_LC_1	1	54	60	10837
54_LC_1	1	55	60	10837
312_PR_4	4	42	50	10898
56_LC_1	1	56	150	10939
313_PR_4	4	43	50	11016
163_PR_2	2	63	120	11016
164_NU_2	2	64	90	11064
314_SA_4	4	44	20	11068
380_LC_5	5	40	234	11136
59_SA_1	1	57	60	11268
57_SA_1	1	58	60	11268
58_SA_1	1	59	60	11268
165_SA_2	2	65	120	11282
60_LC_1	1	60	90	11286
167_SA_2	2	66	60	11303
64_SA_1	1	61	10	11303
62_SA_1	1	62	150	11303
61_SA_1	1	63	30	11303
166_SA_2	2	67	40	11303
65_SA_1	1	64	30	11303
63_SA_1	1	65	75	11303
381_SA_5	5	41	60	11303
242_LC_3	3	52	40	11359
315_SA_4	4	45	180	11373
316_NU_4	4	46	60	11377
66_PR_1	1	66	75	11396
168_SA_2	2	68	60	11503
67_SA_1	1	67	60	11517
317_LC_4	4	47	45	11593
243_SA_3	3	53	120	11638
318_SA_4	4	48	240	11638
68_SA_1	1	68	120	11706
69_VI_1	1	69	60	11721
382_PR_5	5	42	30	11730
319_PR_4	4	49	90	11794
71_PR_1	-2	70	520	23716
70_SA_1	1	71	180	11858
170_SA_2	2	69	120	11858
244_SA_3	3	54	80	11858
169_LC_2	2	70	135	11858
171_PR_2	2	71	65	11860
172_NU_2	2	72	60	11873
321_SA_4	4	50	240	11944
383_SA_5	5	43	240	11944
73_PR_1	1	72	120	11944
72_SA_1	1	73	195	11944
320_SA_4	4	51	120	11944
322_SA_4	4	52	90	11944
245_SA_3	3	55	160	11996
384_SA_5	5	44	240	11996
323_SA_4	4	53	120	11996
246_LC_3	3	56	100	12004
247_SA_3	3	57	90	12005
74_SA_1	1	74	60	12105
75_SA_1	1	75	75	12165
174_SA_2	-3	73	360	24330
173_SA_2	2	74	55	12165
175_SA_2	2	75	90	12165
385_SA_5	5	45	60	12165
248_SA_3	3	58	60	12174
176_SA_2	2	76	90	12176
177_PR_2	2	77	50	12179
249_SA_3	3	59	75	12194
76_SA_1	1	76	100	12327
250_SA_3	3	60	60	12338
77_SA_1	1	77	120	12338
178_NU_2	2	78	20	12354
324_SA_4	4	54	130	12426
325_PR_4	4	55	180	12430
386_SA_5	5	46	90	12461
179_PR_2	2	79	100	12480
251_PR_3	3	61	60	12487
180_LC_2	2	80	60	12510
326_SA_4	4	56	1	12567
78_SA_1	1	78	60	12567
79_SA_1	1	79	100	12567
181_LC_2	2	81	120	12567
252_SA_3	3	62	55	12567
387_SA_5	5	47	90	12615
80_SA_1	1	80	90	12632
81_SA_1	1	81	60	12644
388_SA_5	5	48	60	12652
389_SA_5	5	49	90	12818
253_SA_3	3	63	60	12818
82_VI_1	1	82	30	12832
390_LC_5	5	50	180	12834
255_PR_3	3	64	150	12875
254_PR_3	3	65	60	12875
256_PR_3	3	66	90	12879
257_SA_3	-4	67	5	25774
258_SA_3	3	68	120	12925
83_SA_1	1	83	240	12925
327_SA_4	4	57	120	13003
84_LC_1	1	84	15	13060
85_PR_1	1	85	70	13072
86_PR_1	1	86	90	13178
259_SA_3	3	69	110	13199
260_SA_3	3	70	120	13309
261_SA_3	3	71	90	13362
87_SA_1	-2	87	60	27056
262_SA_3	3	72	120	13528
88_LC_1	1	88	120	13643
328_LC_4	4	58	120	13645
329_LC_4	4	59	90	13645
182_LC_2	2	82	60	13697
183_NU_2	2	83	20	13820
263_SA_3	3	73	60	13911
184_SA_2	2	84	15	13911
185_SA_2	2	85	35	13964
331_SA_4	4	60	160	13964
330_SA_4	4	61	120	13964
264_SA_3	3	74	65	13982
186_PR_2	2	86	120	14000
187_SA_2	2	87	210	14049
89_PR_1	1	89	70	14076
90_SA_1	1	90	90	14126
391_LC_5	5	51	75	14280
393_PR_5	5	52	150	14345
91_PR_1	1	91	120	14345
392_PR_5	5	53	35	14345
188_VI_2	2	88	100	14364
332_PR_4	4	62	120	14372
265_PR_3	3	75	100	14397
92_SA_1	1	92	60	14430
333_VI_4	4	63	90	14443
394_PR_5	5	54	75	14500
93_SA_1	1	93	90	14531
94_NU_1	1	94	160	14533
95_SA_1	1	95	140	14653
334_SA_4	4	64	30	15010
96_VI_1	1	96	50	15015
98_PR_1	1	97	10	15061
97_PR_1	1	98	20	15061
335_SA_4	4	65	30	15185
266_SA_3	3	76	80	15340
99_SA_1	1	99	75	15402
267_NU_3	3	77	50	15597
336_VI_4	4	66	240	15598
337_PR_4	4	67	1	15684
395_SA_5	5	55	90	15941
338_SA_4	4	68	60	15941
396_SA_5	5	56	60	16008
397_SA_5	5	57	10	16008
268_SA_3	3	78	90	16047
398_NU_5	5	58	150	16514
340_SA_4	4	69	60	16514
339_SA_4	4	70	140	16514
189_PR_2	2	89	80	16514
399_SA_5	5	59	60	17063
190_SA_2	2	90	30	17063
100_PR_1	1	100	60	17113
269_SA_3	3	79	40	17163
400_PR_5	5	60	45	18496
270_PR_3	3	80	75	19231
