#Nombre	DiaAten	ModelId		T.Servicio	Penalty
191_PR_3	3	1	60	7797
101_PR_2	2	1	60	7797
1_PR_1	1	1	90	7956
341_SA_5	-6	1	70	16306
102_SA_2	-3	2	120	16608
2_SA_1	1	2	90	8339
103_SA_2	-3	3	120	16986
104_LC_2	2	4	120	8531
271_PR_4	4	1	60	8552
105_LC_2	-3	5	200	17176
342_PR_5	5	2	60	8594
192_PR_3	3	2	130	8615
193_LC_3	3	3	70	8645
272_LC_4	4	2	130	8846
273_LC_4	4	3	90	8896
343_LC_5	5	3	45	9018
274_SA_4	4	4	60	9037
3_SA_1	1	3	75	9122
106_NU_2	2	6	75	9124
107_PR_2	2	7	30	9232
344_LC_5	5	4	120	9270
108_LC_2	2	8	10	9270
345_SA_5	5	5	150	9288
194_PR_3	3	4	20	9330
4_LC_1	1	4	120	9362
195_SA_3	3	5	150	9386
5_SA_1	1	5	90	9412
197_SA_3	3	6	120	9412
346_LC_5	5	6	70	9412
199_SA_3	3	7	80	9412
196_PR_3	3	8	45	9412
198_SA_3	3	9	60	9412
6_SA_1	-2	6	30	18854
200_SA_3	3	10	60	9427
201_LC_3	-4	11	270	18854
347_SA_5	5	7	20	9446
7_SA_1	-2	7	290	18906
202_SA_3	3	12	180	9453
8_SA_1	1	8	60	9453
110_SA_2	2	9	120	9453
111_SA_2	2	10	120	9453
112_SA_2	2	11	60	9453
109_SA_2	-3	12	110	18906
114_SA_2	2	13	60	9453
113_SA_2	2	14	60	9453
203_SA_3	3	13	45	9453
115_PR_2	2	15	90	9503
348_SA_5	5	8	60	9516
349_SA_5	5	9	15	9516
9_SA_1	1	9	360	9526
10_SA_1	1	10	60	9526
13_SA_1	1	11	60	9526
14_SA_1	1	12	90	9526
350_SA_5	5	10	180	9526
12_SA_1	1	13	75	9526
204_SA_3	3	14	80	9526
205_SA_3	3	15	60	9526
352_PR_5	5	11	70	9526
11_SA_1	1	14	120	9526
275_SA_4	4	5	90	9526
276_SA_4	4	6	60	9526
277_SA_4	4	7	120	9526
120_SA_2	2	16	55	9526
279_SA_4	-5	8	300	19052
280_NU_4	4	9	60	9526
119_SA_2	-3	17	60	19052
124_SA_2	2	18	30	9526
121_LC_2	2	19	45	9526
122_SA_2	2	20	50	9526
351_SA_5	5	12	60	9526
118_SA_2	-3	21	120	19052
278_PR_4	4	10	150	9526
116_SA_2	2	22	60	9526
117_SA_2	-3	23	140	19052
123_SA_2	2	24	50	9526
15_SA_1	1	15	240	9542
125_SA_2	2	25	60	9565
281_PR_4	4	11	70	9565
282_LC_4	4	12	90	9571
127_PR_2	2	26	80	9579
206_PR_3	3	16	35	9579
126_PR_2	2	27	180	9579
353_SA_5	5	13	5	9584
354_PR_5	5	14	30	9587
16_SA_1	1	16	110	9601
207_SA_3	-4	17	50	19202
128_SA_2	2	28	120	9603
17_NU_1	1	17	180	9612
129_NU_2	2	29	120	9612
283_SA_4	4	13	180	9613
355_LC_5	5	15	150	9626
130_SA_2	2	30	90	9626
356_SA_5	5	16	150	9627
131_PR_2	-3	31	215	19346
18_SA_1	-2	18	90	19368
208_SA_3	3	18	90	9684
209_SA_3	-4	19	45	19368
132_SA_2	2	32	20	9684
19_SA_1	1	19	180	9686
210_SA_3	3	20	180	9686
284_SA_4	4	14	240	9686
134_SA_2	2	33	60	9687
133_SA_2	2	34	90	9687
357_SA_5	5	17	60	9687
285_SA_4	4	15	60	9726
135_SA_2	2	35	60	9738
20_SA_1	1	20	60	9738
136_LC_2	-3	36	30	19614
286_PR_4	4	16	60	9808
360_LC_5	5	18	10	9808
358_PR_5	5	19	70	9808
137_PR_2	2	37	150	9808
359_LC_5	5	20	10	9808
361_SA_5	5	21	10	9808
21_NU_1	1	21	90	9849
211_NU_3	3	21	40	9849
362_PR_5	5	22	240	9854
22_PR_1	1	22	60	9865
213_LC_3	3	22	90	9865
139_PR_2	2	38	60	9865
140_SA_2	2	39	50	9865
288_SA_4	4	17	60	9865
287_PR_4	-5	18	90	19730
212_SA_3	3	23	40	9865
138_VI_2	2	40	90	9865
363_VI_5	5	23	10	9873
214_VI_3	3	24	25	9873
215_PR_3	3	25	45	9876
23_SA_1	1	23	90	9949
24_PR_1	1	24	100	9997
289_LC_4	4	19	110	9997
25_PR_1	1	25	90	10001
141_NU_2	2	41	150	10013
26_NU_1	-2	26	420	20026
27_LC_1	1	27	180	10014
216_SA_3	3	26	80	10017
28_SA_1	1	28	30	10026
29_SA_1	1	29	60	10036
364_PR_5	5	24	1	10048
217_SA_3	3	27	150	10055
365_SA_5	5	25	120	10055
290_SA_4	4	20	60	10055
291_SA_4	4	21	150	10068
292_PR_4	4	22	50	10070
293_PR_4	4	23	165	10070
294_SA_4	4	24	90	10084
142_LC_2	2	42	50	10088
218_SA_3	3	28	120	10109
219_SA_3	3	29	90	10109
143_SA_2	2	43	180	10109
144_SA_2	2	44	90	10123
145_LC_2	2	45	60	10124
146_SA_2	2	46	165	10124
147_LC_2	2	47	30	10124
220_PR_3	3	30	60	10124
30_PR_1	1	30	60	10153
295_LC_4	4	25	60	10159
366_SA_5	5	26	20	10165
32_SA_1	1	31	90	10168
31_SA_1	-2	32	90	20336
367_PR_5	5	27	15	10209
33_LC_1	1	33	150	10236
221_PR_3	3	31	35	10243
296_SA_4	4	26	90	10259
222_PR_3	3	32	60	10261
223_PR_3	3	33	40	10291
224_PR_3	3	34	50	10301
34_LC_1	1	34	80	10315
148_SA_2	2	48	90	10315
368_PR_5	5	28	5	10330
369_SA_5	5	29	120	10348
370_SA_5	5	30	140	10348
225_SA_3	3	35	80	10359
35_SA_1	1	35	105	10359
297_SA_4	4	27	100	10376
36_LC_1	-2	36	60	20766
298_PR_4	4	28	120	10383
150_SA_2	2	49	120	10411
149_SA_2	-3	50	235	20822
151_SA_2	2	51	120	10412
38_PR_1	1	37	80	10429
371_PR_5	5	31	30	10429
37_PR_1	1	38	60	10429
39_LC_1	1	39	90	10441
226_PR_3	3	36	65	10441
372_LC_5	5	32	60	10459
227_LC_3	3	37	120	10461
40_SA_1	1	40	60	10483
228_SA_3	3	38	100	10484
152_LC_2	2	52	1	10492
41_LC_1	1	41	120	10503
42_PR_1	1	42	60	10503
299_LC_4	4	29	60	10528
43_SA_1	1	43	207	10535
300_SA_4	4	30	105	10542
301_SA_4	4	31	75	10543
44_PR_1	1	44	25	10555
153_PR_2	2	53	230	10597
302_SA_4	4	32	90	10614
373_SA_5	5	33	60	10633
154_PR_2	2	54	170	10638
374_PR_5	5	34	105	10638
155_SA_2	2	55	240	10648
375_PR_5	5	35	170	10652
229_SA_3	3	39	60	10655
156_PR_2	-3	56	80	21314
45_VI_1	1	45	75	10658
46_SA_1	1	46	90	10677
47_SA_1	1	47	90	10677
230_PR_3	3	40	30	10716
303_LC_4	4	33	60	10723
376_PR_5	5	36	75	10737
304_VI_4	4	34	120	10749
231_SA_3	3	41	80	10749
49_SA_1	1	48	60	10749
306_SA_4	4	35	270	10749
305_PR_4	4	36	25	10749
377_PR_5	5	37	30	10749
157_SA_2	2	57	150	10749
48_SA_1	1	49	60	10749
232_PR_3	3	42	120	10749
307_SA_4	4	37	120	10755
233_SA_3	3	43	40	10758
378_PR_5	5	38	30	10784
234_LC_3	3	44	60	10830
235_LC_3	3	45	120	10874
379_LC_5	5	39	60	10881
50_LC_1	1	50	80	10885
158_PR_2	2	58	85	10890
236_VI_3	-4	46	90	21786
308_PR_4	4	38	30	10935
237_PR_3	3	47	70	10935
159_SA_2	2	59	55	10938
51_SA_1	1	51	90	10938
160_PR_2	2	60	60	10940
309_PR_4	4	39	60	10966
310_PR_4	4	40	120	10966
161_LC_2	2	61	180	10995
238_SA_3	3	48	60	10997
162_SA_2	2	62	1	11006
239_SA_3	3	49	180	11016
52_PR_1	1	52	30	11026
240_PR_3	3	50	60	11026
53_NU_1	1	53	90	11061
311_PR_4	4	41	60	11076
241_SA_3	3	51	20	11088
55_LC_1	1	54	60	11105
54_LC_1	1	55	60	11105
312_PR_4	4	42	50	11109
56_LC_1	1	56	150	11122
313_PR_4	4	43	50	11122
163_PR_2	2	63	120	11122
164_NU_2	2	64	90	11127
314_SA_4	4	44	20	11138
380_LC_5	5	40	234	11148
59_SA_1	1	57	60	11154
57_SA_1	1	58	60	11154
58_SA_1	1	59	60	11154
165_SA_2	2	65	120	11156
60_LC_1	-2	60	90	22316
167_SA_2	-3	66	60	22330
64_SA_1	1	61	10	11165
62_SA_1	1	62	150	11165
61_SA_1	1	63	30	11165
166_SA_2	-3	67	40	22330
65_SA_1	-2	64	30	22330
63_SA_1	1	65	75	11165
381_SA_5	5	41	60	11165
242_LC_3	3	52	40	11179
315_SA_4	4	45	180	11179
316_NU_4	4	46	60	11187
66_PR_1	1	66	75	11188
168_SA_2	2	68	60	11221
67_SA_1	-2	67	60	22458
317_LC_4	4	47	45	11238
243_SA_3	3	53	120	11243
318_SA_4	4	48	240	11243
68_SA_1	1	68	120	11245
69_VI_1	1	69	60	11270
382_PR_5	5	42	30	11272
319_PR_4	4	49	90	11275
71_PR_1	-2	70	520	22614
70_SA_1	1	71	180	11307
170_SA_2	2	69	120	11307
244_SA_3	-4	54	80	22614
169_LC_2	2	70	135	11307
171_PR_2	2	71	65	11315
172_NU_2	2	72	60	11324
321_SA_4	4	50	240	11348
383_SA_5	5	43	240	11348
73_PR_1	1	72	120	11348
72_SA_1	1	73	195	11348
320_SA_4	4	51	120	11348
322_SA_4	4	52	90	11348
245_SA_3	3	55	160	11348
384_SA_5	5	44	240	11348
323_SA_4	4	53	120	11348
246_LC_3	3	56	100	11371
247_SA_3	3	57	90	11392
74_SA_1	1	74	60	11396
75_SA_1	1	75	75	11403
174_SA_2	-3	73	360	22806
173_SA_2	2	74	55	11403
175_SA_2	-3	75	90	22806
385_SA_5	5	45	60	11403
248_SA_3	3	58	60	11412
176_SA_2	2	76	90	11415
177_PR_2	2	77	50	11429
249_SA_3	3	59	75	11471
76_SA_1	1	76	100	11473
250_SA_3	3	60	60	11489
77_SA_1	1	77	120	11489
178_NU_2	2	78	20	11492
324_SA_4	4	54	130	11522
325_PR_4	4	55	180	11525
386_SA_5	5	46	90	11537
179_PR_2	2	79	100	11580
251_PR_3	3	61	60	11597
180_LC_2	2	80	60	11612
326_SA_4	4	56	1	11619
78_SA_1	1	78	60	11619
79_SA_1	1	79	100	11619
181_LC_2	2	81	120	11619
252_SA_3	3	62	55	11619
387_SA_5	5	47	90	11627
80_SA_1	1	80	90	11652
81_SA_1	1	81	60	11677
388_SA_5	5	48	60	11685
389_SA_5	5	49	90	11691
253_SA_3	3	63	60	11691
82_VI_1	1	82	30	11694
390_LC_5	5	50	180	11700
255_PR_3	3	64	150	11701
254_PR_3	3	65	60	11701
256_PR_3	3	66	90	11745
257_SA_3	3	67	5	11809
258_SA_3	3	68	120	11811
83_SA_1	1	83	240	11811
327_SA_4	4	57	120	11859
84_LC_1	1	84	15	11860
85_PR_1	1	85	70	11885
86_PR_1	1	86	90	11890
259_SA_3	3	69	110	11898
260_SA_3	3	70	120	11900
261_SA_3	3	71	90	11909
87_SA_1	-2	87	60	23844
262_SA_3	3	72	120	11922
88_LC_1	-2	88	120	23874
328_LC_4	4	58	120	11956
329_LC_4	4	59	90	11956
182_LC_2	2	82	60	11973
183_NU_2	2	83	20	11983
263_SA_3	3	73	60	12023
184_SA_2	2	84	15	12023
185_SA_2	2	85	35	12027
331_SA_4	4	60	160	12027
330_SA_4	4	61	120	12027
264_SA_3	3	74	65	12037
186_PR_2	2	86	120	12046
187_SA_2	2	87	210	12051
89_PR_1	1	89	70	12076
90_SA_1	1	90	90	12080
391_LC_5	5	51	75	12118
393_PR_5	5	52	150	12134
91_PR_1	1	91	120	12134
392_PR_5	5	53	35	12134
188_VI_2	2	88	100	12156
332_PR_4	4	62	120	12165
265_PR_3	3	75	100	12165
92_SA_1	1	92	60	12174
333_VI_4	4	63	90	12211
394_PR_5	5	54	75	12259
93_SA_1	1	93	90	12270
94_NU_1	1	94	160	12271
95_SA_1	1	95	140	12320
334_SA_4	4	64	30	12413
96_VI_1	1	96	50	12449
98_PR_1	1	97	10	12451
97_PR_1	1	98	20	12451
335_SA_4	4	65	30	12563
266_SA_3	3	76	80	12574
99_SA_1	1	99	75	12591
267_NU_3	3	77	50	12601
336_VI_4	4	66	240	12619
337_PR_4	4	67	1	12646
395_SA_5	5	55	90	12704
338_SA_4	4	68	60	12704
396_SA_5	5	56	60	12720
397_SA_5	5	57	10	12720
268_SA_3	3	78	90	12854
398_NU_5	5	58	150	12952
340_SA_4	4	69	60	12952
339_SA_4	4	70	140	12952
189_PR_2	2	89	80	12952
399_SA_5	5	59	60	13099
190_SA_2	2	90	30	13099
100_PR_1	1	100	60	13276
269_SA_3	3	79	40	13304
400_PR_5	5	60	45	13369
270_PR_3	3	80	75	14348
