#Nombre	DiaAten	ModelId		T.Servicio	Penalty
191_PR_3	3	1	60	2504
101_PR_2	2	1	60	1854
1_PR_1	-2	1	90	794
341_SA_5	5	1	70	1820
102_SA_2	2	2	120	4025
2_SA_1	1	2	90	56215
103_SA_2	2	3	120	52047
104_LC_2	-3	4	120	730
271_PR_4	4	1	60	32141
105_LC_2	2	5	200	48655
342_PR_5	5	2	60	740
192_PR_3	3	2	130	3709
193_LC_3	3	3	70	1803
272_LC_4	4	2	130	24549
273_LC_4	4	3	90	2464
343_LC_5	5	3	45	57706
274_SA_4	4	4	60	54418
3_SA_1	1	3	75	59056
106_NU_2	2	6	75	64219
107_PR_2	2	7	30	39043
344_LC_5	5	4	120	39453
108_LC_2	2	8	10	57079
345_SA_5	-6	5	150	592
194_PR_3	3	4	20	44697
4_LC_1	-2	4	120	3760
195_SA_3	-4	5	150	6062
5_SA_1	1	5	90	41600
197_SA_3	3	6	120	54455
346_LC_5	5	6	70	47001
199_SA_3	3	7	80	50443
196_PR_3	3	8	45	49902
198_SA_3	3	9	60	46513
6_SA_1	1	6	30	7044
200_SA_3	3	10	60	6046
201_LC_3	3	11	270	3887
347_SA_5	5	7	20	70918
7_SA_1	1	7	290	25704
202_SA_3	3	12	180	54709
8_SA_1	1	8	60	51157
110_SA_2	2	9	120	64222
111_SA_2	2	10	120	51388
112_SA_2	2	11	60	68646
109_SA_2	2	12	110	49600
114_SA_2	2	13	60	19554
113_SA_2	2	14	60	54794
203_SA_3	3	13	45	50949
115_PR_2	2	15	90	48332
348_SA_5	5	8	60	6626
349_SA_5	5	9	15	7093
9_SA_1	-2	9	360	1116
10_SA_1	-2	10	60	1544
13_SA_1	-2	11	60	1624
14_SA_1	-2	12	90	1574
350_SA_5	-6	10	180	1128
12_SA_1	-2	13	75	1296
204_SA_3	-4	14	80	1650
205_SA_3	3	15	60	745
352_PR_5	-6	11	70	1242
11_SA_1	-2	14	120	1498
275_SA_4	-5	5	90	974
276_SA_4	-5	6	60	1290
277_SA_4	-5	7	120	1016
120_SA_2	-3	16	55	1366
279_SA_4	-5	8	300	1700
280_NU_4	-5	9	60	1682
119_SA_2	-3	17	60	1408
124_SA_2	2	18	30	483
121_LC_2	-3	19	45	1540
122_SA_2	-3	20	50	1150
351_SA_5	-6	12	60	1274
118_SA_2	-3	21	120	1012
278_PR_4	-5	10	150	1366
116_SA_2	2	22	60	877
117_SA_2	-3	23	140	1540
123_SA_2	-3	24	50	1456
15_SA_1	1	15	240	61125
125_SA_2	2	25	60	43915
281_PR_4	4	11	70	70137
282_LC_4	4	12	90	20273
127_PR_2	2	26	80	95479
206_PR_3	3	16	35	141207
126_PR_2	2	27	180	99835
353_SA_5	-6	13	5	264
354_PR_5	5	14	30	39330
16_SA_1	-2	16	110	700
207_SA_3	-4	17	50	780
128_SA_2	-3	28	120	500
17_NU_1	-2	17	180	2206
129_NU_2	2	29	120	1421
283_SA_4	4	13	180	2796
355_LC_5	5	15	150	1877
130_SA_2	2	30	90	1303
356_SA_5	-6	16	150	568
131_PR_2	2	31	215	52373
18_SA_1	-2	18	90	1678
208_SA_3	3	18	90	1615
209_SA_3	-4	19	45	3192
132_SA_2	2	32	20	1395
19_SA_1	1	19	180	99087
210_SA_3	3	20	180	89540
284_SA_4	4	14	240	112139
134_SA_2	2	33	60	48771
133_SA_2	2	34	90	49295
357_SA_5	5	17	60	36947
285_SA_4	4	15	60	64618
135_SA_2	2	35	60	47309
20_SA_1	1	20	60	50038
136_LC_2	2	36	30	397
286_PR_4	4	16	60	44863
360_LC_5	5	18	10	32247
358_PR_5	5	19	70	38298
137_PR_2	2	37	150	62428
359_LC_5	5	20	10	54356
361_SA_5	5	21	10	37112
21_NU_1	1	21	90	25198
211_NU_3	3	21	40	27383
362_PR_5	5	22	240	46907
22_PR_1	1	22	60	62640
213_LC_3	3	22	90	48341
139_PR_2	2	38	60	49125
140_SA_2	2	39	50	53924
288_SA_4	4	17	60	57720
287_PR_4	4	18	90	39137
212_SA_3	3	23	40	82340
138_VI_2	2	40	90	28978
363_VI_5	5	23	10	2572
214_VI_3	3	24	25	2618
215_PR_3	3	25	45	61060
23_SA_1	1	23	90	59130
24_PR_1	1	24	100	4105
289_LC_4	4	19	110	39882
25_PR_1	1	25	90	7473
141_NU_2	-3	41	150	944
26_NU_1	-2	26	420	526
27_LC_1	1	27	180	2769
216_SA_3	3	26	80	14268
28_SA_1	-2	28	30	632
29_SA_1	1	29	60	48513
364_PR_5	5	24	1	2129
217_SA_3	-4	27	150	1514
365_SA_5	-6	25	120	1828
290_SA_4	-5	20	60	1696
291_SA_4	-5	21	150	4738
292_PR_4	4	22	50	1343
293_PR_4	4	23	165	1934
294_SA_4	4	24	90	24682
142_LC_2	2	42	50	5036
218_SA_3	3	28	120	4173
219_SA_3	3	29	90	2962
143_SA_2	2	43	180	4447
144_SA_2	-3	44	90	574
145_LC_2	2	45	60	145
146_SA_2	-3	46	165	188
147_LC_2	-3	47	30	294
220_PR_3	3	30	60	126
30_PR_1	1	30	60	8100
295_LC_4	-5	25	60	158
366_SA_5	5	26	20	12259
32_SA_1	1	31	90	16957
31_SA_1	1	32	90	18957
367_PR_5	5	27	15	60892
33_LC_1	1	33	150	3827
221_PR_3	3	31	35	33490
296_SA_4	4	26	90	50657
222_PR_3	3	32	60	46563
223_PR_3	3	33	40	44192
224_PR_3	3	34	50	2732
34_LC_1	1	34	80	39336
148_SA_2	2	48	90	7993
368_PR_5	5	28	5	20120
369_SA_5	5	29	120	54236
370_SA_5	5	30	140	51233
225_SA_3	-4	35	80	704
35_SA_1	-2	35	105	1116
297_SA_4	4	27	100	2126
36_LC_1	1	36	60	46322
298_PR_4	-5	28	120	438
150_SA_2	-3	49	120	4386
149_SA_2	-3	50	235	3568
151_SA_2	2	51	120	60939
38_PR_1	1	37	80	46537
371_PR_5	5	31	30	41508
37_PR_1	1	38	60	64725
39_LC_1	1	39	90	2188
226_PR_3	3	36	65	66409
372_LC_5	5	32	60	48585
227_LC_3	3	37	120	3091
40_SA_1	1	40	60	4159
228_SA_3	3	38	100	53403
152_LC_2	-3	52	1	2156
41_LC_1	-2	41	120	5196
42_PR_1	1	42	60	2284
299_LC_4	-5	29	60	560
43_SA_1	1	43	207	4466
300_SA_4	4	30	105	48974
301_SA_4	-5	31	75	630
44_PR_1	-2	44	25	1608
153_PR_2	2	53	230	61667
302_SA_4	4	32	90	58735
373_SA_5	-6	33	60	3256
154_PR_2	2	54	170	37415
374_PR_5	5	34	105	41145
155_SA_2	2	55	240	43627
375_PR_5	5	35	170	55489
229_SA_3	-4	39	60	598
156_PR_2	2	56	80	45377
45_VI_1	1	45	75	5396
46_SA_1	-2	46	90	228
47_SA_1	-2	47	90	182
230_PR_3	3	40	30	36460
303_LC_4	4	33	60	48750
376_PR_5	5	36	75	37409
304_VI_4	-5	34	120	2920
231_SA_3	3	41	80	1689
49_SA_1	1	48	60	1780
306_SA_4	-5	35	270	2170
305_PR_4	4	36	25	2187
377_PR_5	-6	37	30	3060
157_SA_2	-3	57	150	2688
48_SA_1	-2	49	60	3632
232_PR_3	-4	42	120	2854
307_SA_4	4	37	120	52397
233_SA_3	3	43	40	40271
378_PR_5	5	38	30	63251
234_LC_3	-4	44	60	3838
235_LC_3	-4	45	120	850
379_LC_5	5	39	60	41577
50_LC_1	1	50	80	39514
158_PR_2	-3	58	85	4816
236_VI_3	-4	46	90	324
308_PR_4	4	38	30	75018
237_PR_3	3	47	70	51449
159_SA_2	2	59	55	1970
51_SA_1	1	51	90	2103
160_PR_2	2	60	60	63334
309_PR_4	4	39	60	45525
310_PR_4	4	40	120	47011
161_LC_2	2	61	180	58629
238_SA_3	3	48	60	3583
162_SA_2	2	62	1	3958
239_SA_3	3	49	180	63381
52_PR_1	1	52	30	3948
240_PR_3	3	50	60	3779
53_NU_1	1	53	90	72118
311_PR_4	4	41	60	41329
241_SA_3	3	51	20	46555
55_LC_1	-2	54	60	2782
54_LC_1	1	55	60	1483
312_PR_4	4	42	50	212151
56_LC_1	-2	56	150	134
313_PR_4	4	43	50	1561
163_PR_2	2	63	120	1714
164_NU_2	2	64	90	2198
314_SA_4	4	44	20	2436
380_LC_5	5	40	234	3874
59_SA_1	1	57	60	5870
57_SA_1	1	58	60	6843
58_SA_1	1	59	60	3563
165_SA_2	2	65	120	53324
60_LC_1	1	60	90	5814
167_SA_2	2	66	60	42207
64_SA_1	1	61	10	59139
62_SA_1	1	62	150	59836
61_SA_1	1	63	30	46645
166_SA_2	2	67	40	41452
65_SA_1	1	64	30	27045
63_SA_1	1	65	75	43435
381_SA_5	5	41	60	50301
242_LC_3	3	52	40	50425
315_SA_4	4	45	180	2903
316_NU_4	4	46	60	5941
66_PR_1	1	66	75	247
168_SA_2	-3	68	60	1506
67_SA_1	1	67	60	227
317_LC_4	4	47	45	41604
243_SA_3	3	53	120	1247
318_SA_4	-5	48	240	1984
68_SA_1	-2	68	120	492
69_VI_1	1	69	60	24197
382_PR_5	5	42	30	2662
319_PR_4	4	49	90	2275
71_PR_1	1	70	520	18929
70_SA_1	1	71	180	13906
170_SA_2	2	69	120	17505
244_SA_3	3	54	80	14803
169_LC_2	2	70	135	12827
171_PR_2	2	71	65	6542
172_NU_2	2	72	60	56074
321_SA_4	4	50	240	64199
383_SA_5	5	43	240	62353
73_PR_1	1	72	120	46614
72_SA_1	1	73	195	30742
320_SA_4	4	51	120	57996
322_SA_4	4	52	90	53680
245_SA_3	-4	55	160	862
384_SA_5	-6	44	240	920
323_SA_4	-5	53	120	664
246_LC_3	3	56	100	4601
247_SA_3	3	57	90	35574
74_SA_1	-2	74	60	350
75_SA_1	1	75	75	52185
174_SA_2	2	73	360	42308
173_SA_2	2	74	55	49613
175_SA_2	2	75	90	49878
385_SA_5	5	45	60	38040
248_SA_3	3	58	60	1590
176_SA_2	-3	76	90	1644
177_PR_2	-3	77	50	196
249_SA_3	3	59	75	50303
76_SA_1	-2	76	100	534
250_SA_3	3	60	60	50637
77_SA_1	1	77	120	36513
178_NU_2	-3	78	20	488
324_SA_4	4	54	130	61655
325_PR_4	4	55	180	4777
386_SA_5	5	46	90	52143
179_PR_2	2	79	100	41848
251_PR_3	3	61	60	3443
180_LC_2	2	80	60	46630
326_SA_4	4	56	1	1057
78_SA_1	1	78	60	1190
79_SA_1	-2	79	100	2016
181_LC_2	-3	81	120	1786
252_SA_3	3	62	55	997
387_SA_5	5	47	90	30835
80_SA_1	1	80	90	48247
81_SA_1	1	81	60	11521
388_SA_5	5	48	60	3148
389_SA_5	5	49	90	50341
253_SA_3	3	63	60	51361
82_VI_1	1	82	30	12102
390_LC_5	5	50	180	5079
255_PR_3	3	64	150	55156
254_PR_3	3	65	60	60108
256_PR_3	3	66	90	787
257_SA_3	3	67	5	1763
258_SA_3	3	68	120	2256
83_SA_1	1	83	240	2576
327_SA_4	4	57	120	17483
84_LC_1	1	84	15	45616
85_PR_1	-2	85	70	304
86_PR_1	1	86	90	68769
259_SA_3	-4	69	110	192
260_SA_3	-4	70	120	462
261_SA_3	3	71	90	6851
87_SA_1	-2	87	60	2942
262_SA_3	3	72	120	2079
88_LC_1	1	88	120	42080
328_LC_4	4	58	120	60741
329_LC_4	4	59	90	70387
182_LC_2	2	82	60	46032
183_NU_2	-3	83	20	1038
263_SA_3	3	73	60	30440
184_SA_2	2	84	15	60965
185_SA_2	2	85	35	57380
331_SA_4	4	60	160	56426
330_SA_4	4	61	120	43398
264_SA_3	3	74	65	66072
186_PR_2	-3	86	120	450
187_SA_2	2	87	210	63313
89_PR_1	1	89	70	67303
90_SA_1	-2	90	90	154
391_LC_5	5	51	75	49020
393_PR_5	5	52	150	32512
91_PR_1	1	91	120	42934
392_PR_5	5	53	35	53149
188_VI_2	-3	88	100	94
332_PR_4	4	62	120	1361
265_PR_3	3	75	100	54210
92_SA_1	1	92	60	47125
333_VI_4	4	63	90	40648
394_PR_5	5	54	75	52739
93_SA_1	-2	93	90	1374
94_NU_1	1	94	160	46969
95_SA_1	-2	95	140	1016
334_SA_4	4	64	30	729
96_VI_1	1	96	50	36922
98_PR_1	1	97	10	58136
97_PR_1	1	98	20	58604
335_SA_4	4	65	30	14488
266_SA_3	3	76	80	3726
99_SA_1	-2	99	75	204
267_NU_3	3	77	50	7654
336_VI_4	-5	66	240	1006
337_PR_4	4	67	1	2066
395_SA_5	5	55	90	194
338_SA_4	-5	68	60	366
396_SA_5	5	56	60	61206
397_SA_5	5	57	10	55744
268_SA_3	-4	78	90	1974
398_NU_5	5	58	150	7817
340_SA_4	4	69	60	6305
339_SA_4	4	70	140	6277
189_PR_2	2	89	80	8847
399_SA_5	5	59	60	54519
190_SA_2	2	90	30	58792
100_PR_1	1	100	60	4500
269_SA_3	3	79	40	244153
400_PR_5	5	60	45	65352
270_PR_3	3	80	75	10776
