Iter 88
MasterProb = 59885.7

s [*] :=
1   2
2  47
3  85
4   1
5  59
;

SubProb = -3689.44
d = 0

distanceCost*(sum{l in 1 .. Lcap - 1} t[l]) = 4290

Iter 89
MasterProb = 58887.2

s [*] :=
1  84
2  59
3  15
4  73
5  85
;

SubProb = -4883
d = 0

distanceCost*(sum{l in 1 .. Lcap - 1} t[l]) = 4290

Iter 90
MasterProb = 55750.4

s [*] :=
1  84
2  78
3  88
4  89
5  90
;

SubProb = -1626
d = 0

distanceCost*(sum{l in 1 .. Lcap - 1} t[l]) = 660

Iter 91
MasterProb = 55746.6

s [*] :=
1  73
2  15
3  18
4  67
5   2
;

SubProb = -2770.74
d = 0

distanceCost*(sum{l in 1 .. Lcap - 1} t[l]) = 3630

Iter 92
MasterProb = 54891.2

s [*] :=
1   4
2  18
3   1
4  16
5  12
;

SubProb = -2211
d = 0

distanceCost*(sum{l in 1 .. Lcap - 1} t[l]) = 3410

Iter 93
MasterProb = 54617.2

s [*] :=
1  47
2  43
3   9
4  57
5  18
;

SubProb = -759.75
d = 0

distanceCost*(sum{l in 1 .. Lcap - 1} t[l]) = 3960

Iter 94
MasterProb = 54539.1

s [*] :=
1  18
2  36
3  12
4  78
5  85
;

SubProb = -2587.11
d = 0

distanceCost*(sum{l in 1 .. Lcap - 1} t[l]) = 3685

Iter 95
MasterProb = 54048.6

s [*] :=
1  58
2   6
3  65
4   1
5  78
;

SubProb = -654.38
d = 0

distanceCost*(sum{l in 1 .. Lcap - 1} t[l]) = 4290

Iter 96
MasterProb = 53968.2

s [*] :=
1  73
2  27
3  56
4  74
5  20
;

SubProb = -1187.53
d = 0

distanceCost*(sum{l in 1 .. Lcap - 1} t[l]) = 3520

Iter 97
MasterProb = 53948.5

s [*] :=
1  39
2  84
3  11
4   4
5  32
;

SubProb = -1704.36
d = 0

distanceCost*(sum{l in 1 .. Lcap - 1} t[l]) = 3355

Iter 98
MasterProb = 53584.8

s [*] :=
1   2
2   1
3  46
4  38
5  42
;

SubProb = -2242.18
d = 0

distanceCost*(sum{l in 1 .. Lcap - 1} t[l]) = 2805

Iter 99
MasterProb = 52570.6

s [*] :=
1  22
2  19
3   2
4  59
5  67
;

SubProb = -2972.68
d = 0

distanceCost*(sum{l in 1 .. Lcap - 1} t[l]) = 3080

Iter 100
MasterProb = 52325.2

s [*] :=
1   1
2  18
3   3
4   2
5  43
;

SubProb = -1436.37
d = 0

distanceCost*(sum{l in 1 .. Lcap - 1} t[l]) = 3135

Iter 101
MasterProb = 52245.5

s [*] :=
1   1
2  32
3  16
4  59
5  63
;

SubProb = -1638.23
d = 0

distanceCost*(sum{l in 1 .. Lcap - 1} t[l]) = 4070

Iter 102
MasterProb = 51851.4

s [*] :=
1  30
2  85
3  55
4  32
5  88
;

SubProb = -944.429
d = 0

distanceCost*(sum{l in 1 .. Lcap - 1} t[l]) = 3190

Iter 103
MasterProb = 51756.1

s [*] :=
1  64
2  38
3  46
4  18
5  45
;

SubProb = -1343.81
d = 0

distanceCost*(sum{l in 1 .. Lcap - 1} t[l]) = 3520

Iter 104
MasterProb = 51590.5

s [*] :=
1  24
2  42
3  36
4  41
5   2
;

SubProb = -1058.37
d = 0

distanceCost*(sum{l in 1 .. Lcap - 1} t[l]) = 3410

Iter 105
MasterProb = 51355.4

s [*] :=
1   6
2  74
3  59
4  38
5  47
;

SubProb = 276.027
d = 0

distanceCost*(sum{l in 1 .. Lcap - 1} t[l]) = 4345

Problema Entero
MasterProb = 54063

fo1 = 32450
fo2 = 21613

x[j] [*] :=
 14  1
138  1
155  1
165  1
166  1
186  1
195  1
199  1
220  1
223  1
225  1
227  1
232  1
248  1
249  1
256  1
275  1
276  1
287  1
290  1
;

aa[i,j] [*,*]
:   14 138 155 165 166 186 195 199 220 223 225 227 232 248 249 256 275 276 287 :=
1    0   0   0   1   0   0   0   0   0   0   0   0   0   0   0   0   0   0   0
2    0   0   0   0   0   0   0   0   0   0   0   0   0   0   0   0   0   1   0
3    0   0   1   0   0   0   0   0   0   0   0   0   0   0   0   0   0   0   0
4    0   0   0   0   0   0   0   0   0   0   0   1   0   0   0   0   0   0   0
5    0   0   0   0   0   0   0   0   0   0   0   0   0   0   0   0   0   0   0
6    0   0   0   0   0   0   0   0   0   0   0   0   0   0   0   0   0   0   0
7    0   0   0   0   0   0   0   0   0   0   0   0   0   0   0   0   0   0   0
8    0   0   0   0   0   0   0   0   0   0   0   0   0   0   0   0   0   0   0
9    0   0   0   0   0   0   0   0   0   0   0   0   0   0   0   0   0   0   0
10   0   0   0   0   0   0   0   0   0   0   0   0   0   0   0   0   0   0   0
11   0   0   0   0   0   0   0   0   0   0   0   0   0   1   0   0   0   0   0
12   0   0   0   0   0   0   0   0   1   0   0   0   0   0   0   0   0   0   0
13   0   0   0   0   1   0   0   0   0   0   0   0   0   0   0   0   0   0   0
14   1   0   0   0   0   0   0   0   0   0   0   0   0   0   0   0   0   0   0
15   0   0   0   0   0   0   0   0   0   0   0   0   0   0   0   0   0   1   0
16   0   0   0   0   0   1   0   0   0   0   0   0   0   0   0   0   0   0   0
17   0   0   0   0   0   0   0   1   0   0   0   0   0   0   0   0   0   0   0
18   0   0   0   0   0   0   0   0   0   0   0   0   0   0   0   0   0   1   0
19   0   0   1   0   0   0   0   0   0   0   0   0   0   0   0   0   0   0   0
20   0   0   0   0   0   0   0   0   0   0   0   0   0   0   0   0   0   0   0
21   0   0   0   0   0   0   0   0   0   1   0   0   0   0   0   0   0   0   0
22   0   0   0   0   0   1   0   0   0   0   0   0   0   0   0   0   0   0   0
23   0   0   0   1   0   0   0   0   0   0   0   0   0   0   0   0   0   0   0
24   0   0   0   0   0   0   1   0   0   0   0   0   0   0   0   0   0   0   0
25   0   0   1   0   0   0   0   0   0   0   0   0   0   0   0   0   0   0   0
26   0   0   0   0   0   0   0   0   0   1   0   0   0   0   0   0   0   0   0
27   0   0   0   0   0   0   0   0   0   0   0   0   0   0   0   0   0   0   0
28   0   0   0   0   0   0   0   0   0   0   0   0   0   0   0   0   0   0   0
29   0   0   0   0   0   0   0   0   0   0   0   0   0   0   0   0   0   0   0
30   0   0   0   0   0   0   0   0   0   0   0   0   0   0   0   0   0   0   1
31   0   0   0   0   0   0   0   0   0   0   0   0   0   0   0   0   0   0   0
32   0   0   0   0   0   0   0   0   0   0   0   0   0   0   0   0   0   0   1
33   0   0   1   0   0   0   0   0   0   0   0   0   0   0   0   0   0   0   0
34   0   0   0   0   0   0   0   0   0   0   0   0   0   0   0   0   0   0   0
35   0   0   0   0   0   0   0   1   0   0   0   0   0   0   0   0   0   0   0
36   0   1   0   0   0   0   0   0   0   0   0   0   0   0   0   0   0   0   0
37   0   0   0   0   0   0   0   0   0   0   0   1   0   0   0   0   0   0   0
38   0   0   0   0   0   0   0   0   0   0   0   0   0   0   0   0   0   0   0
39   0   0   0   1   0   0   0   0   0   0   0   0   0   0   0   0   0   0   0
40   0   0   0   0   0   0   0   0   0   0   0   0   0   0   0   1   0   0   0
41   0   0   0   0   0   0   0   0   0   0   1   0   0   0   0   0   0   0   0
42   0   0   0   0   0   0   0   0   0   0   1   0   0   0   0   0   0   0   0
43   0   0   0   0   0   0   0   0   0   0   0   0   0   1   0   0   0   0   0
44   0   0   0   0   0   0   1   0   0   0   0   0   0   0   0   0   0   0   0
45   0   0   0   0   0   0   0   0   0   0   0   0   1   0   0   0   0   0   0
46   0   0   0   1   0   0   0   0   0   0   0   0   0   0   0   0   0   0   0
47   0   0   0   0   0   0   0   0   0   0   0   0   0   0   0   0   0   0   0
48   0   0   0   0   0   0   0   0   0   0   0   0   0   0   0   0   0   0   0
49   0   0   0   0   0   0   0   0   0   0   0   0   0   0   0   1   0   0   0
50   0   0   0   0   1   0   0   0   0   0   0   0   0   0   0   0   0   0   0
51   0   0   0   0   0   0   0   0   0   0   0   0   0   0   1   0   0   0   0
52   0   0   0   0   0   0   1   0   0   0   0   0   0   0   0   0   0   0   0
53   0   0   0   0   0   0   0   0   0   0   0   0   0   0   0   0   0   0   0
54   0   0   0   0   0   0   0   0   0   0   0   0   1   0   0   0   0   0   0
55   0   0   0   0   0   0   0   0   0   0   0   0   0   0   0   0   0   0   1
56   0   0   0   1   0   0   0   0   0   0   0   0   0   0   0   0   0   0   0
57   0   0   0   0   0   0   0   0   0   0   0   0   0   0   1   0   0   0   0
58   0   0   0   0   0   0   0   0   1   0   0   0   0   0   0   0   0   0   0
59   0   0   0   0   0   0   0   0   0   0   0   0   0   0   0   0   0   0   0
60   0   0   0   0   0   0   1   0   0   0   0   0   0   0   0   0   0   0   0
61   0   1   0   0   0   0   0   0   0   0   0   0   0   0   0   0   0   0   0
62   0   0   0   0   0   0   0   0   0   0   0   0   0   0   0   0   0   0   0
63   0   0   1   0   0   0   0   0   0   0   0   0   0   0   0   0   0   0   0
64   0   0   0   0   0   0   0   0   0   0   0   0   0   0   0   0   0   0   0
65   0   0   0   0   0   0   1   0   0   0   0   0   0   0   0   0   0   0   0
66   0   0   0   0   0   0   0   0   0   0   0   0   0   0   0   0   0   0   0
67   0   0   0   0   0   0   0   0   0   0   0   0   0   0   0   0   0   1   0
68   0   0   0   0   0   0   0   0   0   0   0   0   0   0   0   0   0   0   0
69   0   0   0   0   0   0   0   0   0   0   0   1   0   0   0   0   0   0   0
70   0   0   0   0   0   0   0   0   0   0   0   1   0   0   0   0   0   0   0
71   0   0   0   0   0   0   0   0   0   0   0   0   0   0   0   0   0   0   0
72   0   0   0   0   0   0   0   0   0   0   0   0   0   0   0   0   0   0   0
73   0   0   0   0   0   0   0   0   0   0   0   0   0   0   0   0   0   1   0
74   0   0   0   0   0   0   0   0   0   0   0   0   0   0   0   0   0   0   0
75   0   0   0   0   0   0   0   0   0   0   0   0   0   0   0   0   0   0   0
76   0   0   0   0   0   0   0   0   0   0   0   0   0   0   0   0   0   0   0
77   0   0   0   0   0   0   0   0   0   0   0   0   0   0   0   0   0   0   0
78   0   0   0   0   0   0   0   0   0   0   0   0   0   0   0   0   1   0   0
79   0   0   0   0   0   0   0   0   0   0   0   0   0   0   0   0   0   0   0
80   0   0   0   0   0   0   0   0   0   0   0   0   0   0   0   0   0   0   0
81   0   0   0   0   0   0   0   0   0   0   0   0   0   0   0   0   0   0   0
82   0   0   0   0   0   0   0   0   0   0   0   0   0   0   0   0   0   0   0
83   0   0   0   0   0   0   0   0   0   0   0   0   0   0   0   0   0   0   0
84   0   0   0   0   0   0   0   0   0   0   0   0   0   0   0   0   1   0   0
85   0   0   0   0   0   0   0   0   0   0   0   0   0   0   0   0   0   0   1
86   0   0   0   0   0   0   0   0   0   0   0   0   0   0   0   0   0   0   0
87   0   0   0   0   0   0   0   0   0   0   0   0   0   0   0   0   0   0   0

:  290    :=
1    0
2    0
3    0
4    0
5    0
6    1
7    0
8    0
9    0
10   0
11   0
12   0
13   0
14   0
15   0
16   0
17   0
18   0
19   0
20   0
21   0
22   0
23   0
24   0
25   0
26   0
27   0
28   0
29   0
30   0
31   0
32   0
33   0
34   0
35   0
36   0
37   0
38   1
39   0
40   0
41   0
42   0
43   0
44   0
45   0
46   0
47   1
48   0
49   0
50   0
51   0
52   0
53   0
54   0
55   0
56   0
57   0
58   0
59   1
60   0
61   0
62   0
63   0
64   0
65   0
66   0
67   0
68   0
69   0
70   0
71   0
72   0
73   0
74   1
75   0
76   0
77   0
78   0
79   0
80   0
81   0
82   0
83   0
84   0
85   0
86   0
87   0
;

vi[i] [*] :=
 5  1
 7  1
 8  1
 9  1
10  1
20  1
27  1
28  1
29  1
31  1
34  1
48  1
53  1
62  1
64  1
66  1
68  1
71  1
72  1
75  1
76  1
77  1
79  1
80  1
81  1
82  1
83  1
86  1
87  1
;

:   x[i]   c[i] travel[i] delay[i]    :=
14    1       0       0       0
138   1    1155    1155       0
155   1    2640    2640       0
165   1    3025    3025       0
166   1     880     880       0
186   1     660     660       0
195   1    3520    3520       0
199   1     880     880       0
220   1     605     605       0
223   1     880     880       0
225   1     660     660       0
227   1    2640    2640       0
232   1     880     880       0
248   1     660     660       0
249   1     880     880       0
256   1     660     660       0
275   1     660     660       0
276   1    3630    3630       0
287   1    3190    3190       0
290   1    4345    4345       0
;

