#Nombre	DiaAten	ModelId		T.Servicio	Penalty
191_PR_3	3	1	60	3110
101_PR_2	2	1	60	2197
1_PR_1	-2	1	90	580
341_SA_5	5	1	70	2237
102_SA_2	2	2	120	3662
2_SA_1	1	2	90	42575
103_SA_2	2	3	120	52588
104_LC_2	-3	4	120	736
271_PR_4	4	1	60	30579
105_LC_2	2	5	200	46836
342_PR_5	-6	2	60	1150
192_PR_3	3	2	130	4495
193_LC_3	3	3	70	1887
272_LC_4	4	2	130	61046
273_LC_4	4	3	90	2042
343_LC_5	5	3	45	30460
274_SA_4	4	4	60	52152
3_SA_1	1	3	75	29170
106_NU_2	2	6	75	53282
107_PR_2	2	7	30	48446
344_LC_5	5	4	120	55411
108_LC_2	2	8	10	30802
345_SA_5	-6	5	150	508
194_PR_3	3	4	20	61080
4_LC_1	1	4	120	2187
195_SA_3	3	5	150	3163
5_SA_1	1	5	90	45528
197_SA_3	3	6	120	47463
346_LC_5	5	6	70	53270
199_SA_3	3	7	80	56646
196_PR_3	3	8	45	65543
198_SA_3	3	9	60	49177
6_SA_1	1	6	30	3327
200_SA_3	3	10	60	3668
201_LC_3	3	11	270	4813
347_SA_5	5	7	20	50829
7_SA_1	1	7	290	63266
202_SA_3	3	12	180	43874
8_SA_1	1	8	60	51677
110_SA_2	2	9	120	49575
111_SA_2	2	10	120	51515
112_SA_2	2	11	60	44587
109_SA_2	2	12	110	50344
114_SA_2	2	13	60	46792
113_SA_2	2	14	60	49551
203_SA_3	3	13	45	49708
115_PR_2	2	15	90	36463
348_SA_5	5	8	60	4819
349_SA_5	5	9	15	7844
9_SA_1	-2	9	360	1398
10_SA_1	-2	10	60	1572
13_SA_1	-2	11	60	620
14_SA_1	-2	12	90	1494
350_SA_5	-6	10	180	1368
12_SA_1	-2	13	75	1332
204_SA_3	-4	14	80	886
205_SA_3	3	15	60	712
352_PR_5	-6	11	70	714
11_SA_1	-2	14	120	760
275_SA_4	-5	5	90	1504
276_SA_4	4	6	60	559
277_SA_4	-5	7	120	1076
120_SA_2	-3	16	55	976
279_SA_4	-5	8	300	1430
280_NU_4	-5	9	60	1408
119_SA_2	-3	17	60	1340
124_SA_2	2	18	30	669
121_LC_2	-3	19	45	1732
122_SA_2	-3	20	50	798
351_SA_5	-6	12	60	1076
118_SA_2	-3	21	120	1472
278_PR_4	-5	10	150	1374
116_SA_2	-3	22	60	1444
117_SA_2	-3	23	140	1438
123_SA_2	2	24	50	596
15_SA_1	1	15	240	56421
125_SA_2	2	25	60	64854
281_PR_4	4	11	70	54153
282_LC_4	4	12	90	34077
127_PR_2	2	26	80	137742
206_PR_3	3	16	35	88734
126_PR_2	2	27	180	55168
353_SA_5	-6	13	5	224
354_PR_5	5	14	30	64916
16_SA_1	-2	16	110	846
207_SA_3	-4	17	50	714
128_SA_2	-3	28	120	390
17_NU_1	1	17	180	936
129_NU_2	-3	29	120	2144
283_SA_4	4	13	180	1499
355_LC_5	5	15	150	1251
130_SA_2	-3	30	90	2856
356_SA_5	-6	16	150	442
131_PR_2	2	31	215	35851
18_SA_1	1	18	90	1322
208_SA_3	-4	18	90	2658
209_SA_3	3	19	45	1519
132_SA_2	2	32	20	1675
19_SA_1	1	19	180	80111
210_SA_3	3	20	180	104898
284_SA_4	4	14	240	90155
134_SA_2	2	33	60	48114
133_SA_2	2	34	90	44964
357_SA_5	5	17	60	50067
285_SA_4	4	15	60	51185
135_SA_2	2	35	60	53888
20_SA_1	1	20	60	34896
136_LC_2	-3	36	30	548
286_PR_4	4	16	60	39748
360_LC_5	5	18	10	63115
358_PR_5	5	19	70	60722
137_PR_2	2	37	150	44914
359_LC_5	5	20	10	40984
361_SA_5	5	21	10	51690
21_NU_1	1	21	90	14095
211_NU_3	3	21	40	23815
362_PR_5	5	22	240	29398
22_PR_1	1	22	60	45016
213_LC_3	3	22	90	49572
139_PR_2	2	38	60	48314
140_SA_2	2	39	50	68376
288_SA_4	4	17	60	73939
287_PR_4	4	18	90	61302
212_SA_3	3	23	40	36756
138_VI_2	2	40	90	50827
363_VI_5	5	23	10	2266
214_VI_3	3	24	25	2304
215_PR_3	3	25	45	42120
23_SA_1	1	23	90	34429
24_PR_1	1	24	100	8249
289_LC_4	4	19	110	35408
25_PR_1	1	25	90	5947
141_NU_2	-3	41	150	534
26_NU_1	-2	26	420	558
27_LC_1	1	27	180	1592
216_SA_3	3	26	80	15631
28_SA_1	1	28	30	361
29_SA_1	1	29	60	49704
364_PR_5	5	24	1	1943
217_SA_3	-4	27	150	2064
365_SA_5	-6	25	120	2094
290_SA_4	-5	20	60	1820
291_SA_4	4	21	150	3505
292_PR_4	4	22	50	1833
293_PR_4	4	23	165	1980
294_SA_4	4	24	90	28523
142_LC_2	2	42	50	3679
218_SA_3	3	28	120	3298
219_SA_3	3	29	90	2833
143_SA_2	2	43	180	4281
144_SA_2	-3	44	90	256
145_LC_2	-3	45	60	422
146_SA_2	-3	46	165	334
147_LC_2	-3	47	30	352
220_PR_3	-4	30	60	340
30_PR_1	1	30	60	7895
295_LC_4	4	25	60	75
366_SA_5	5	26	20	8607
32_SA_1	1	31	90	23149
31_SA_1	1	32	90	15880
367_PR_5	5	27	15	60635
33_LC_1	1	33	150	3881
221_PR_3	3	31	35	63495
296_SA_4	4	26	90	34713
222_PR_3	3	32	60	54453
223_PR_3	3	33	40	56808
224_PR_3	3	34	50	2655
34_LC_1	1	34	80	66924
148_SA_2	2	48	90	10618
368_PR_5	5	28	5	15641
369_SA_5	5	29	120	65831
370_SA_5	5	30	140	51674
225_SA_3	-4	35	80	740
35_SA_1	-2	35	105	720
297_SA_4	-5	27	100	2710
36_LC_1	1	36	60	31109
298_PR_4	-5	28	120	586
150_SA_2	-3	49	120	3604
149_SA_2	2	50	235	1297
151_SA_2	2	51	120	87770
38_PR_1	1	37	80	49717
371_PR_5	5	31	30	52659
37_PR_1	1	38	60	58207
39_LC_1	1	39	90	3002
226_PR_3	3	36	65	46454
372_LC_5	5	32	60	60443
227_LC_3	3	37	120	3984
40_SA_1	1	40	60	3408
228_SA_3	3	38	100	41197
152_LC_2	2	52	1	1620
41_LC_1	1	41	120	3076
42_PR_1	1	42	60	2617
299_LC_4	-5	29	60	496
43_SA_1	1	43	207	5474
300_SA_4	4	30	105	40393
301_SA_4	-5	31	75	1254
44_PR_1	-2	44	25	2282
153_PR_2	2	53	230	62386
302_SA_4	4	32	90	37540
373_SA_5	5	33	60	1126
154_PR_2	2	54	170	39095
374_PR_5	5	34	105	66429
155_SA_2	2	55	240	56253
375_PR_5	5	35	170	51444
229_SA_3	-4	39	60	460
156_PR_2	2	56	80	47403
45_VI_1	1	45	75	6918
46_SA_1	1	46	90	66
47_SA_1	-2	47	90	188
230_PR_3	3	40	30	29578
303_LC_4	4	33	60	61675
376_PR_5	5	36	75	60997
304_VI_4	-5	34	120	4048
231_SA_3	3	41	80	1500
49_SA_1	-2	48	60	3228
306_SA_4	4	35	270	1909
305_PR_4	4	36	25	1237
377_PR_5	5	37	30	1704
157_SA_2	2	57	150	1399
48_SA_1	-2	49	60	2900
232_PR_3	-4	42	120	2428
307_SA_4	4	37	120	28169
233_SA_3	3	43	40	47329
378_PR_5	5	38	30	47865
234_LC_3	3	44	60	2819
235_LC_3	-4	45	120	578
379_LC_5	5	39	60	48395
50_LC_1	1	50	80	61777
158_PR_2	2	58	85	2464
236_VI_3	-4	46	90	216
308_PR_4	4	38	30	52265
237_PR_3	3	47	70	52310
159_SA_2	2	59	55	3356
51_SA_1	1	51	90	2071
160_PR_2	2	60	60	56458
309_PR_4	4	39	60	42809
310_PR_4	4	40	120	45350
161_LC_2	2	61	180	47693
238_SA_3	3	48	60	7571
162_SA_2	2	62	1	7785
239_SA_3	3	49	180	61327
52_PR_1	1	52	30	3877
240_PR_3	3	50	60	3801
53_NU_1	1	53	90	59860
311_PR_4	4	41	60	60954
241_SA_3	3	51	20	50201
55_LC_1	-2	54	60	1736
54_LC_1	-2	55	60	2434
312_PR_4	4	42	50	221291
56_LC_1	-2	56	150	166
313_PR_4	4	43	50	1622
163_PR_2	-3	63	120	1722
164_NU_2	-3	64	90	2008
314_SA_4	4	44	20	1824
380_LC_5	5	40	234	3929
59_SA_1	1	57	60	3142
57_SA_1	1	58	60	5790
58_SA_1	1	59	60	4378
165_SA_2	2	65	120	45993
60_LC_1	1	60	90	3439
167_SA_2	2	66	60	45507
64_SA_1	1	61	10	31759
62_SA_1	1	62	150	56858
61_SA_1	1	63	30	66742
166_SA_2	2	67	40	52937
65_SA_1	1	64	30	47336
63_SA_1	1	65	75	52019
381_SA_5	5	41	60	58909
242_LC_3	3	52	40	52930
315_SA_4	4	45	180	2271
316_NU_4	4	46	60	8365
66_PR_1	-2	66	75	736
168_SA_2	-3	68	60	1874
67_SA_1	-2	67	60	322
317_LC_4	4	47	45	55422
243_SA_3	-4	53	120	1808
318_SA_4	-5	48	240	2286
68_SA_1	-2	68	120	462
69_VI_1	1	69	60	56371
382_PR_5	5	42	30	2990
319_PR_4	4	49	90	2277
71_PR_1	1	70	520	20279
70_SA_1	1	71	180	17839
170_SA_2	2	69	120	22952
244_SA_3	3	54	80	19363
169_LC_2	2	70	135	16268
171_PR_2	2	71	65	6065
172_NU_2	2	72	60	71142
321_SA_4	4	50	240	49395
383_SA_5	5	43	240	59940
73_PR_1	1	72	120	48749
72_SA_1	1	73	195	47625
320_SA_4	4	51	120	42004
322_SA_4	4	52	90	39743
245_SA_3	-4	55	160	546
384_SA_5	-6	44	240	576
323_SA_4	-5	53	120	604
246_LC_3	3	56	100	3180
247_SA_3	3	57	90	30059
74_SA_1	-2	74	60	362
75_SA_1	1	75	75	32878
174_SA_2	2	73	360	49256
173_SA_2	2	74	55	43232
175_SA_2	2	75	90	49193
385_SA_5	5	45	60	54464
248_SA_3	3	58	60	2006
176_SA_2	-3	76	90	1602
177_PR_2	2	77	50	80
249_SA_3	3	59	75	41581
76_SA_1	-2	76	100	284
250_SA_3	3	60	60	64968
77_SA_1	1	77	120	57204
178_NU_2	2	78	20	310
324_SA_4	4	54	130	50179
325_PR_4	4	55	180	4625
386_SA_5	5	46	90	46724
179_PR_2	2	79	100	61064
251_PR_3	3	61	60	5384
180_LC_2	2	80	60	62836
326_SA_4	4	56	1	1014
78_SA_1	-2	78	60	1844
79_SA_1	1	79	100	1496
181_LC_2	2	81	120	1116
252_SA_3	-4	62	55	1688
387_SA_5	5	47	90	61432
80_SA_1	1	80	90	58617
81_SA_1	1	81	60	16941
388_SA_5	5	48	60	1588
389_SA_5	5	49	90	54016
253_SA_3	3	63	60	62566
82_VI_1	1	82	30	10567
390_LC_5	5	50	180	2977
255_PR_3	3	64	150	45419
254_PR_3	3	65	60	40420
256_PR_3	-4	66	90	1922
257_SA_3	-4	67	5	2888
258_SA_3	3	68	120	1964
83_SA_1	-2	83	240	4744
327_SA_4	4	57	120	17046
84_LC_1	1	84	15	37707
85_PR_1	-2	85	70	158
86_PR_1	1	86	90	35371
259_SA_3	-4	69	110	444
260_SA_3	-4	70	120	314
261_SA_3	3	71	90	5377
87_SA_1	-2	87	60	2400
262_SA_3	3	72	120	1455
88_LC_1	1	88	120	44867
328_LC_4	4	58	120	41537
329_LC_4	4	59	90	56527
182_LC_2	2	82	60	53737
183_NU_2	2	83	20	537
263_SA_3	3	73	60	40293
184_SA_2	2	84	15	48061
185_SA_2	2	85	35	54862
331_SA_4	4	60	160	48845
330_SA_4	4	61	120	54152
264_SA_3	3	74	65	44174
186_PR_2	-3	86	120	334
187_SA_2	2	87	210	59072
89_PR_1	1	89	70	51510
90_SA_1	-2	90	90	138
391_LC_5	5	51	75	52740
393_PR_5	5	52	150	59202
91_PR_1	1	91	120	64985
392_PR_5	5	53	35	41382
188_VI_2	-3	88	100	162
332_PR_4	-5	62	120	1762
265_PR_3	3	75	100	62935
92_SA_1	1	92	60	52341
333_VI_4	4	63	90	46918
394_PR_5	5	54	75	33277
93_SA_1	1	93	90	1532
94_NU_1	1	94	160	43309
95_SA_1	-2	95	140	534
334_SA_4	-5	64	30	2146
96_VI_1	1	96	50	43466
98_PR_1	1	97	10	52938
97_PR_1	1	98	20	52402
335_SA_4	4	65	30	19266
266_SA_3	3	76	80	4750
99_SA_1	-2	99	75	154
267_NU_3	3	77	50	8870
336_VI_4	-5	66	240	1002
337_PR_4	4	67	1	2122
395_SA_5	-6	55	90	194
338_SA_4	-5	68	60	252
396_SA_5	5	56	60	54967
397_SA_5	5	57	10	30646
268_SA_3	3	78	90	927
398_NU_5	5	58	150	8052
340_SA_4	4	69	60	6923
339_SA_4	4	70	140	6698
189_PR_2	2	89	80	4982
399_SA_5	5	59	60	57529
190_SA_2	2	90	30	52036
100_PR_1	1	100	60	4649
269_SA_3	3	79	40	258249
400_PR_5	5	60	45	56558
270_PR_3	3	80	75	17853
