#Nombre	DiaAten	ModelId		T.Servicio	Penalty
191_PR_3	3	1	60	1964
101_PR_2	2	1	60	4644
1_PR_1	-2	1	90	3094
341_SA_5	5	1	70	9691
102_SA_2	-3	2	120	3470
2_SA_1	1	2	90	47820
103_SA_2	2	3	120	55540
104_LC_2	2	4	120	432
271_PR_4	4	1	60	19675
105_LC_2	2	5	200	61281
342_PR_5	5	2	60	1048
192_PR_3	3	2	130	2902
193_LC_3	3	3	70	2118
272_LC_4	4	2	130	51671
273_LC_4	4	3	90	5591
343_LC_5	5	3	45	45853
274_SA_4	4	4	60	44564
3_SA_1	1	3	75	52242
106_NU_2	2	6	75	53704
107_PR_2	2	7	30	44140
344_LC_5	5	4	120	41227
108_LC_2	2	8	10	49657
345_SA_5	5	5	150	2881
194_PR_3	3	4	20	50324
4_LC_1	-2	4	120	3916
195_SA_3	-4	5	150	1836
5_SA_1	1	5	90	41365
197_SA_3	3	6	120	51935
346_LC_5	5	6	70	51562
199_SA_3	3	7	80	57542
196_PR_3	3	8	45	53316
198_SA_3	3	9	60	53586
6_SA_1	1	6	30	1370
200_SA_3	3	10	60	4117
201_LC_3	-4	11	270	15052
347_SA_5	5	7	20	60601
7_SA_1	1	7	290	53067
202_SA_3	3	12	180	50530
8_SA_1	1	8	60	55709
110_SA_2	2	9	120	50653
111_SA_2	2	10	120	46886
112_SA_2	2	11	60	54476
109_SA_2	2	12	110	48945
114_SA_2	2	13	60	53389
113_SA_2	2	14	60	50269
203_SA_3	3	13	45	60864
115_PR_2	2	15	90	50371
348_SA_5	5	8	60	12920
349_SA_5	5	9	15	7128
9_SA_1	-2	9	360	13128
10_SA_1	1	10	60	14116
13_SA_1	1	11	60	4551
14_SA_1	-2	12	90	3384
350_SA_5	5	10	180	9352
12_SA_1	-2	13	75	1114
204_SA_3	3	14	80	2363
205_SA_3	3	15	60	4677
352_PR_5	5	11	70	8739
11_SA_1	-2	14	120	12742
275_SA_4	4	5	90	4729
276_SA_4	-5	6	60	4434
277_SA_4	4	7	120	3858
120_SA_2	-3	16	55	2598
279_SA_4	4	8	300	7458
280_NU_4	4	9	60	5268
119_SA_2	-3	17	60	3792
124_SA_2	2	18	30	1665
121_LC_2	2	19	45	2002
122_SA_2	2	20	50	2660
351_SA_5	5	12	60	9135
118_SA_2	-3	21	120	4436
278_PR_4	-5	10	150	848
116_SA_2	2	22	60	3522
117_SA_2	2	23	140	10079
123_SA_2	2	24	50	2609
15_SA_1	1	15	240	42596
125_SA_2	2	25	60	57807
281_PR_4	4	11	70	59819
282_LC_4	4	12	90	31872
127_PR_2	2	26	80	115175
206_PR_3	3	16	35	110676
126_PR_2	2	27	180	123443
353_SA_5	5	13	5	7979
354_PR_5	5	14	30	52533
16_SA_1	1	16	110	12774
207_SA_3	3	17	50	9086
128_SA_2	-3	28	120	6884
17_NU_1	-2	17	180	1716
129_NU_2	2	29	120	5598
283_SA_4	4	13	180	12451
355_LC_5	5	15	150	2384
130_SA_2	-3	30	90	5138
356_SA_5	5	16	150	3041
131_PR_2	2	31	215	57151
18_SA_1	1	18	90	1773
208_SA_3	3	18	90	4611
209_SA_3	3	19	45	1917
132_SA_2	2	32	20	2021
19_SA_1	1	19	180	97241
210_SA_3	3	20	180	85842
284_SA_4	4	14	240	103944
134_SA_2	2	33	60	55968
133_SA_2	2	34	90	58076
357_SA_5	5	17	60	58928
285_SA_4	4	15	60	48448
135_SA_2	2	35	60	46256
20_SA_1	1	20	60	53303
136_LC_2	2	36	30	1743
286_PR_4	4	16	60	45997
360_LC_5	5	18	10	53003
358_PR_5	5	19	70	46494
137_PR_2	2	37	150	44739
359_LC_5	5	20	10	53810
361_SA_5	5	21	10	55387
21_NU_1	1	21	90	19675
211_NU_3	3	21	40	13571
362_PR_5	5	22	240	48573
22_PR_1	1	22	60	43851
213_LC_3	3	22	90	41276
139_PR_2	2	38	60	51779
140_SA_2	2	39	50	51851
288_SA_4	4	17	60	56048
287_PR_4	4	18	90	55720
212_SA_3	3	23	40	48103
138_VI_2	2	40	90	44066
363_VI_5	-6	23	10	148
214_VI_3	-4	24	25	2698
215_PR_3	3	25	45	52053
23_SA_1	1	23	90	51415
24_PR_1	1	24	100	6410
289_LC_4	4	19	110	28829
25_PR_1	1	25	90	7801
141_NU_2	2	41	150	4255
26_NU_1	-2	26	420	1070
27_LC_1	1	27	180	12806
216_SA_3	3	26	80	5374
28_SA_1	1	28	30	10935
29_SA_1	1	29	60	47901
364_PR_5	5	24	1	1225
217_SA_3	3	27	150	7395
365_SA_5	5	25	120	11668
290_SA_4	4	20	60	6543
291_SA_4	4	21	150	8017
292_PR_4	4	22	50	4862
293_PR_4	4	23	165	7186
294_SA_4	4	24	90	27730
142_LC_2	2	42	50	10382
218_SA_3	3	28	120	2741
219_SA_3	3	29	90	3525
143_SA_2	2	43	180	8139
144_SA_2	2	44	90	1993
145_LC_2	2	45	60	12360
146_SA_2	-3	46	165	8288
147_LC_2	-3	47	30	8516
220_PR_3	3	30	60	4062
30_PR_1	1	30	60	13902
295_LC_4	4	25	60	1978
366_SA_5	5	26	20	7915
32_SA_1	1	31	90	23560
31_SA_1	1	32	90	18617
367_PR_5	5	27	15	52584
33_LC_1	-2	33	150	3788
221_PR_3	3	31	35	47651
296_SA_4	4	26	90	49906
222_PR_3	3	32	60	52997
223_PR_3	3	33	40	48774
224_PR_3	3	34	50	8935
34_LC_1	1	34	80	48552
148_SA_2	2	48	90	9126
368_PR_5	5	28	5	5947
369_SA_5	5	29	120	55225
370_SA_5	5	30	140	47948
225_SA_3	3	35	80	6056
35_SA_1	1	35	105	3448
297_SA_4	4	27	100	8253
36_LC_1	1	36	60	56362
298_PR_4	-5	28	120	1766
150_SA_2	2	49	120	9380
149_SA_2	-3	50	235	7328
151_SA_2	2	51	120	75368
38_PR_1	1	37	80	47368
371_PR_5	5	31	30	43159
37_PR_1	1	38	60	53691
39_LC_1	1	39	90	12486
226_PR_3	3	36	65	46578
372_LC_5	5	32	60	54036
227_LC_3	-4	37	120	1908
40_SA_1	1	40	60	6599
228_SA_3	3	38	100	46543
152_LC_2	-3	52	1	6404
41_LC_1	-2	41	120	8138
42_PR_1	-2	42	60	10210
299_LC_4	4	29	60	3510
43_SA_1	1	43	207	7952
300_SA_4	4	30	105	48291
301_SA_4	4	31	75	4255
44_PR_1	1	44	25	8821
153_PR_2	2	53	230	46788
302_SA_4	4	32	90	42223
373_SA_5	5	33	60	2163
154_PR_2	2	54	170	50700
374_PR_5	5	34	105	39773
155_SA_2	2	55	240	51298
375_PR_5	5	35	170	51514
229_SA_3	3	39	60	4708
156_PR_2	2	56	80	52052
45_VI_1	1	45	75	15143
46_SA_1	1	46	90	3999
47_SA_1	1	47	90	3827
230_PR_3	3	40	30	29836
303_LC_4	4	33	60	46758
376_PR_5	5	36	75	53457
304_VI_4	-5	34	120	4550
231_SA_3	3	41	80	5729
49_SA_1	1	48	60	15357
306_SA_4	4	35	270	7789
305_PR_4	4	36	25	2755
377_PR_5	5	37	30	6126
157_SA_2	-3	57	150	5388
48_SA_1	-2	49	60	2158
232_PR_3	3	42	120	1404
307_SA_4	4	37	120	53551
233_SA_3	3	43	40	45389
378_PR_5	5	38	30	49955
234_LC_3	3	44	60	8573
235_LC_3	-4	45	120	2938
379_LC_5	5	39	60	47545
50_LC_1	1	50	80	50767
158_PR_2	-3	58	85	866
236_VI_3	-4	46	90	654
308_PR_4	4	38	30	47422
237_PR_3	3	47	70	53985
159_SA_2	-3	59	55	14386
51_SA_1	1	51	90	6523
160_PR_2	2	60	60	50611
309_PR_4	4	39	60	54333
310_PR_4	4	40	120	48771
161_LC_2	2	61	180	56794
238_SA_3	-4	48	60	1866
162_SA_2	2	62	1	16946
239_SA_3	3	49	180	46164
52_PR_1	1	52	30	10692
240_PR_3	3	50	60	8341
53_NU_1	1	53	90	52856
311_PR_4	4	41	60	51876
241_SA_3	3	51	20	45231
55_LC_1	1	54	60	2637
54_LC_1	-2	55	60	5128
312_PR_4	4	42	50	205503
56_LC_1	1	56	150	3722
313_PR_4	-5	43	50	54
163_PR_2	2	63	120	13894
164_NU_2	-3	64	90	4060
314_SA_4	4	44	20	4789
380_LC_5	-6	40	234	6896
59_SA_1	1	57	60	1206
57_SA_1	1	58	60	14822
58_SA_1	1	59	60	7366
165_SA_2	2	65	120	44249
60_LC_1	-2	60	90	12440
167_SA_2	2	66	60	40626
64_SA_1	1	61	10	49316
62_SA_1	1	62	150	43677
61_SA_1	1	63	30	54500
166_SA_2	2	67	40	48830
65_SA_1	1	64	30	54668
63_SA_1	1	65	75	53871
381_SA_5	5	41	60	43211
242_LC_3	3	52	40	46287
315_SA_4	4	45	180	13201
316_NU_4	-5	46	60	1100
66_PR_1	1	66	75	6054
168_SA_2	2	68	60	3084
67_SA_1	1	67	60	3300
317_LC_4	4	47	45	45462
243_SA_3	-4	53	120	1424
318_SA_4	-5	48	240	10050
68_SA_1	1	68	120	9888
69_VI_1	1	69	60	48176
382_PR_5	5	42	30	2078
319_PR_4	4	49	90	8940
71_PR_1	1	70	520	13407
70_SA_1	1	71	180	19661
170_SA_2	2	69	120	15045
244_SA_3	3	54	80	11629
169_LC_2	2	70	135	10028
171_PR_2	-3	71	65	322
172_NU_2	2	72	60	44135
321_SA_4	4	50	240	43892
383_SA_5	5	43	240	42341
73_PR_1	1	72	120	46383
72_SA_1	1	73	195	54416
320_SA_4	4	51	120	47854
322_SA_4	4	52	90	43918
245_SA_3	3	55	160	4706
384_SA_5	-6	44	240	1930
323_SA_4	4	53	120	1017
246_LC_3	3	56	100	10298
247_SA_3	3	57	90	59897
74_SA_1	-2	74	60	10316
75_SA_1	1	75	75	50727
174_SA_2	2	73	360	41053
173_SA_2	2	74	55	52571
175_SA_2	2	75	90	50129
385_SA_5	5	45	60	49296
248_SA_3	3	58	60	5040
176_SA_2	2	76	90	3885
177_PR_2	2	77	50	1169
249_SA_3	3	59	75	50944
76_SA_1	1	76	100	5740
250_SA_3	3	60	60	46355
77_SA_1	1	77	120	53604
178_NU_2	2	78	20	1395
324_SA_4	4	54	130	51747
325_PR_4	4	55	180	992
386_SA_5	5	46	90	47431
179_PR_2	2	79	100	44815
251_PR_3	3	61	60	9962
180_LC_2	2	80	60	52418
326_SA_4	-5	56	1	674
78_SA_1	1	78	60	1567
79_SA_1	-2	79	100	1936
181_LC_2	-3	81	120	2576
252_SA_3	3	62	55	364
387_SA_5	5	47	90	53708
80_SA_1	1	80	90	46666
81_SA_1	-2	81	60	6474
388_SA_5	5	48	60	2408
389_SA_5	5	49	90	56767
253_SA_3	3	63	60	48958
82_VI_1	1	82	30	10454
390_LC_5	5	50	180	3607
255_PR_3	3	64	150	44129
254_PR_3	3	65	60	58806
256_PR_3	3	66	90	10077
257_SA_3	3	67	5	5293
258_SA_3	3	68	120	2886
83_SA_1	1	83	240	7619
327_SA_4	4	57	120	7133
84_LC_1	1	84	15	50772
85_PR_1	1	85	70	4455
86_PR_1	1	86	90	44940
259_SA_3	3	69	110	2985
260_SA_3	-4	70	120	1868
261_SA_3	3	71	90	3868
87_SA_1	1	87	60	4163
262_SA_3	3	72	120	1309
88_LC_1	1	88	120	52399
328_LC_4	4	58	120	48624
329_LC_4	4	59	90	50547
182_LC_2	2	82	60	50412
183_NU_2	2	83	20	5485
263_SA_3	3	73	60	46707
184_SA_2	2	84	15	59469
185_SA_2	2	85	35	56787
331_SA_4	4	60	160	52582
330_SA_4	4	61	120	50791
264_SA_3	3	74	65	52502
186_PR_2	-3	86	120	672
187_SA_2	2	87	210	53715
89_PR_1	1	89	70	52315
90_SA_1	1	90	90	4704
391_LC_5	5	51	75	49113
393_PR_5	5	52	150	57052
91_PR_1	1	91	120	49756
392_PR_5	5	53	35	44844
188_VI_2	-3	88	100	11342
332_PR_4	4	62	120	6578
265_PR_3	3	75	100	34493
92_SA_1	1	92	60	52792
333_VI_4	4	63	90	43047
394_PR_5	5	54	75	44984
93_SA_1	1	93	90	10561
94_NU_1	1	94	160	48834
95_SA_1	1	95	140	1559
334_SA_4	4	64	30	2399
96_VI_1	1	96	50	46476
98_PR_1	1	97	10	52872
97_PR_1	1	98	20	57683
335_SA_4	4	65	30	8432
266_SA_3	3	76	80	12989
99_SA_1	-2	99	75	14708
267_NU_3	3	77	50	2851
336_VI_4	4	66	240	5239
337_PR_4	-5	67	1	130
395_SA_5	-6	55	90	3684
338_SA_4	4	68	60	2454
396_SA_5	5	56	60	58845
397_SA_5	5	57	10	49041
268_SA_3	3	78	90	4383
398_NU_5	5	58	150	11311
340_SA_4	4	69	60	11511
339_SA_4	4	70	140	7709
189_PR_2	2	89	80	15889
399_SA_5	5	59	60	58437
190_SA_2	2	90	30	51699
100_PR_1	-2	100	60	7474
269_SA_3	3	79	40	303231
400_PR_5	5	60	45	52777
270_PR_3	3	80	75	9550
