#Nombre	DiaAten	ModelId		T.Servicio	Penalty
191_PR_3	-4	1	60	826
101_PR_2	-3	1	60	826
1_PR_1	-2	1	90	1030
341_SA_5	-6	1	70	1078
102_SA_2	-3	2	120	1150
2_SA_1	-2	2	90	1156
103_SA_2	-3	3	120	1218
104_LC_2	-3	4	120	1232
271_PR_4	-5	1	60	1240
105_LC_2	-3	5	200	1244
342_PR_5	-6	2	60	1248
192_PR_3	-4	2	130	1248
193_LC_3	-4	3	70	1260
272_LC_4	-5	2	130	1314
273_LC_4	-5	3	90	1318
343_LC_5	-6	3	45	1320
274_SA_4	-5	4	60	1324
3_SA_1	-2	3	75	1330
106_NU_2	-3	6	75	1336
107_PR_2	-3	7	30	1342
344_LC_5	-6	4	120	1356
108_LC_2	-3	8	10	1356
345_SA_5	-6	5	150	1386
194_PR_3	-4	4	20	1396
4_LC_1	-2	4	120	1400
195_SA_3	-4	5	150	1418
5_SA_1	-2	5	90	1420
197_SA_3	-4	6	120	1420
346_LC_5	-6	6	70	1420
199_SA_3	-4	7	80	1420
196_PR_3	-4	8	45	1420
198_SA_3	-4	9	60	1420
6_SA_1	-2	6	30	1422
200_SA_3	-4	10	60	1422
201_LC_3	-4	11	270	1422
347_SA_5	-6	7	20	1450
7_SA_1	-2	7	290	1450
202_SA_3	-4	12	180	1450
8_SA_1	-2	8	60	1450
110_SA_2	-3	9	120	1450
111_SA_2	-3	10	120	1450
112_SA_2	-3	11	60	1450
109_SA_2	-3	12	110	1450
114_SA_2	-3	13	60	1450
113_SA_2	-3	14	60	1450
203_SA_3	-4	13	45	1450
115_PR_2	-3	15	90	1462
348_SA_5	-6	8	60	1462
349_SA_5	-6	9	15	1462
9_SA_1	-2	9	360	1476
10_SA_1	-2	10	60	1476
13_SA_1	-2	11	60	1476
14_SA_1	-2	12	90	1476
350_SA_5	-6	10	180	1476
12_SA_1	-2	13	75	1476
204_SA_3	-4	14	80	1476
205_SA_3	-4	15	60	1476
352_PR_5	-6	11	70	1476
11_SA_1	-2	14	120	1476
275_SA_4	-5	5	90	1476
276_SA_4	-5	6	60	1476
277_SA_4	-5	7	120	1476
120_SA_2	-3	16	55	1476
279_SA_4	-5	8	300	1476
280_NU_4	-5	9	60	1476
119_SA_2	-3	17	60	1476
124_SA_2	-3	18	30	1476
121_LC_2	-3	19	45	1476
122_SA_2	-3	20	50	1476
351_SA_5	-6	12	60	1476
118_SA_2	-3	21	120	1476
278_PR_4	-5	10	150	1476
116_SA_2	-3	22	60	1476
117_SA_2	-3	23	140	1476
123_SA_2	-3	24	50	1476
15_SA_1	-2	15	240	1482
125_SA_2	-3	25	60	1486
281_PR_4	-5	11	70	1486
282_LC_4	-5	12	90	1488
127_PR_2	-3	26	80	1500
206_PR_3	-4	16	35	1500
126_PR_2	-3	27	180	1500
353_SA_5	-6	13	5	1506
354_PR_5	-6	14	30	1510
16_SA_1	-2	16	110	1528
207_SA_3	-4	17	50	1528
128_SA_2	-3	28	120	1540
17_NU_1	-2	17	180	1556
129_NU_2	-3	29	120	1556
283_SA_4	-5	13	180	1562
355_LC_5	-6	15	150	1564
130_SA_2	-3	30	90	1564
356_SA_5	-6	16	150	1592
131_PR_2	-3	31	215	1598
18_SA_1	-2	18	90	1598
208_SA_3	-4	18	90	1598
209_SA_3	-4	19	45	1598
132_SA_2	-3	32	20	1598
19_SA_1	-2	19	180	1606
210_SA_3	-4	20	180	1606
284_SA_4	-5	14	240	1606
134_SA_2	-3	33	60	1610
133_SA_2	-3	34	90	1610
357_SA_5	-6	17	60	1610
285_SA_4	-5	15	60	1612
135_SA_2	-3	35	60	1614
20_SA_1	-2	20	60	1614
136_LC_2	-3	36	30	1622
286_PR_4	-5	16	60	1622
360_LC_5	-6	18	10	1622
358_PR_5	-6	19	70	1622
137_PR_2	-3	37	150	1622
359_LC_5	-6	20	10	1622
361_SA_5	-6	21	10	1622
21_NU_1	-2	21	90	1638
211_NU_3	-4	21	40	1638
362_PR_5	-6	22	240	1650
22_PR_1	-2	22	60	1662
213_LC_3	-4	22	90	1662
139_PR_2	-3	38	60	1662
140_SA_2	-3	39	50	1662
288_SA_4	-5	17	60	1662
287_PR_4	-5	18	90	1662
212_SA_3	-4	23	40	1662
138_VI_2	-3	40	90	1662
363_VI_5	-6	23	10	1666
214_VI_3	-4	24	25	1666
215_PR_3	-4	25	45	1666
23_SA_1	-2	23	90	1692
24_PR_1	-2	24	100	1694
289_LC_4	-5	19	110	1708
25_PR_1	-2	25	90	1708
141_NU_2	-3	41	150	1712
26_NU_1	-2	26	420	1712
27_LC_1	-2	27	180	1714
216_SA_3	-4	26	80	1718
28_SA_1	-2	28	30	1744
29_SA_1	-2	29	60	1748
364_PR_5	-6	24	1	1750
217_SA_3	-4	27	150	1756
365_SA_5	-6	25	120	1756
290_SA_4	-5	20	60	1756
291_SA_4	-5	21	150	1762
292_PR_4	-5	22	50	1768
293_PR_4	-5	23	165	1768
294_SA_4	-5	24	90	1784
142_LC_2	-3	42	50	1792
218_SA_3	-4	28	120	1794
219_SA_3	-4	29	90	1794
143_SA_2	-3	43	180	1794
144_SA_2	-3	44	90	1796
145_LC_2	-3	45	60	1812
146_SA_2	-3	46	165	1812
147_LC_2	-3	47	30	1812
220_PR_3	-4	30	60	1812
30_PR_1	-2	30	60	1816
295_LC_4	-5	25	60	1826
366_SA_5	-6	26	20	1832
32_SA_1	-2	31	90	1840
31_SA_1	-2	32	90	1840
367_PR_5	-6	27	15	1840
33_LC_1	-2	33	150	1844
221_PR_3	-4	31	35	1852
296_SA_4	-5	26	90	1862
222_PR_3	-4	32	60	1862
223_PR_3	-4	33	40	1868
224_PR_3	-4	34	50	1882
34_LC_1	-2	34	80	1894
148_SA_2	-3	48	90	1896
368_PR_5	-6	28	5	1896
369_SA_5	-6	29	120	1904
370_SA_5	-6	30	140	1904
225_SA_3	-4	35	80	1906
35_SA_1	-2	35	105	1906
297_SA_4	-5	27	100	1908
36_LC_1	-2	36	60	1914
298_PR_4	-5	28	120	1916
150_SA_2	-3	49	120	1920
149_SA_2	-3	50	235	1920
151_SA_2	-3	51	120	1922
38_PR_1	-2	37	80	1924
371_PR_5	-6	31	30	1924
37_PR_1	-2	38	60	1924
39_LC_1	-2	39	90	1932
226_PR_3	-4	36	65	1954
372_LC_5	-6	32	60	1956
227_LC_3	-4	37	120	1960
40_SA_1	-2	40	60	1962
228_SA_3	-4	38	100	1972
152_LC_2	-3	52	1	1974
41_LC_1	-2	41	120	1980
42_PR_1	-2	42	60	1980
299_LC_4	-5	29	60	1982
43_SA_1	-2	43	207	1982
300_SA_4	-5	30	105	1996
301_SA_4	-5	31	75	2000
44_PR_1	-2	44	25	2006
153_PR_2	-3	53	230	2008
302_SA_4	-5	32	90	2014
373_SA_5	-6	33	60	2018
154_PR_2	-3	54	170	2020
374_PR_5	-6	34	105	2020
155_SA_2	-3	55	240	2028
375_PR_5	-6	35	170	2028
229_SA_3	-4	39	60	2034
156_PR_2	-3	56	80	2040
45_VI_1	-2	45	75	2046
46_SA_1	-2	46	90	2054
47_SA_1	-2	47	90	2054
230_PR_3	-4	40	30	2072
303_LC_4	-5	33	60	2074
376_PR_5	-6	36	75	2074
304_VI_4	-5	34	120	2080
231_SA_3	-4	41	80	2080
49_SA_1	-2	48	60	2080
306_SA_4	-5	35	270	2080
305_PR_4	-5	36	25	2080
377_PR_5	-6	37	30	2080
157_SA_2	-3	57	150	2080
48_SA_1	-2	49	60	2080
232_PR_3	-4	42	120	2080
307_SA_4	-5	37	120	2084
233_SA_3	-4	43	40	2084
378_PR_5	-6	38	30	2096
234_LC_3	-4	44	60	2100
235_LC_3	-4	45	120	2116
379_LC_5	-6	39	60	2124
50_LC_1	-2	50	80	2128
158_PR_2	-3	58	85	2130
236_VI_3	-4	46	90	2132
308_PR_4	-5	38	30	2142
237_PR_3	-4	47	70	2142
159_SA_2	-3	59	55	2156
51_SA_1	-2	51	90	2156
160_PR_2	-3	60	60	2158
309_PR_4	-5	39	60	2160
310_PR_4	-5	40	120	2160
161_LC_2	-3	61	180	2174
238_SA_3	-4	48	60	2178
162_SA_2	-3	62	1	2190
239_SA_3	-4	49	180	2208
52_PR_1	-2	52	30	2208
240_PR_3	-4	50	60	2208
53_NU_1	-2	53	90	2212
311_PR_4	-5	41	60	2232
241_SA_3	-4	51	20	2240
55_LC_1	-2	54	60	2242
54_LC_1	-2	55	60	2242
312_PR_4	-5	42	50	2262
56_LC_1	-2	56	150	2264
313_PR_4	-5	43	50	2272
163_PR_2	-3	63	120	2272
164_NU_2	-3	64	90	2272
314_SA_4	-5	44	20	2272
380_LC_5	-6	40	234	2284
59_SA_1	-2	57	60	2286
57_SA_1	-2	58	60	2286
58_SA_1	-2	59	60	2286
165_SA_2	-3	65	120	2294
60_LC_1	-2	60	90	2304
167_SA_2	-3	66	60	2314
64_SA_1	-2	61	10	2314
62_SA_1	-2	62	150	2314
61_SA_1	-2	63	30	2314
166_SA_2	-3	67	40	2314
65_SA_1	-2	64	30	2314
63_SA_1	-2	65	75	2314
381_SA_5	-6	41	60	2314
242_LC_3	-4	52	40	2314
315_SA_4	-5	45	180	2326
316_NU_4	-5	46	60	2336
66_PR_1	-2	66	75	2352
168_SA_2	-3	68	60	2364
67_SA_1	-2	67	60	2364
317_LC_4	-5	47	45	2392
243_SA_3	-4	53	120	2404
318_SA_4	-5	48	240	2404
68_SA_1	-2	68	120	2426
69_VI_1	-2	69	60	2432
382_PR_5	-6	42	30	2432
319_PR_4	-5	49	90	2434
71_PR_1	-2	70	520	2440
70_SA_1	-2	71	180	2440
170_SA_2	-3	69	120	2440
244_SA_3	-4	54	80	2440
169_LC_2	-3	70	135	2440
171_PR_2	-3	71	65	2442
172_NU_2	-3	72	60	2448
321_SA_4	-5	50	240	2478
383_SA_5	-6	43	240	2478
73_PR_1	-2	72	120	2478
72_SA_1	-2	73	195	2478
320_SA_4	-5	51	120	2478
322_SA_4	-5	52	90	2478
245_SA_3	-4	55	160	2492
384_SA_5	-6	44	240	2492
323_SA_4	-5	53	120	2492
246_LC_3	-4	56	100	2500
247_SA_3	-4	57	90	2502
74_SA_1	-2	74	60	2512
75_SA_1	-2	75	75	2534
174_SA_2	-3	73	360	2534
173_SA_2	-3	74	55	2534
175_SA_2	-3	75	90	2534
385_SA_5	-6	45	60	2534
248_SA_3	-4	58	60	2536
176_SA_2	-3	76	90	2548
177_PR_2	-3	77	50	2556
249_SA_3	-4	59	75	2572
76_SA_1	-2	76	100	2642
250_SA_3	-4	60	60	2650
77_SA_1	-2	77	120	2650
178_NU_2	-3	78	20	2658
324_SA_4	-5	54	130	2668
325_PR_4	-5	55	180	2674
386_SA_5	-6	46	90	2678
179_PR_2	-3	79	100	2690
251_PR_3	-4	61	60	2696
180_LC_2	-3	80	60	2702
326_SA_4	-5	56	1	2710
78_SA_1	-2	78	60	2710
79_SA_1	-2	79	100	2710
181_LC_2	-3	81	120	2710
252_SA_3	-4	62	55	2710
387_SA_5	-6	47	90	2720
80_SA_1	-2	80	90	2720
81_SA_1	1	81	60	1363
388_SA_5	-6	48	60	2728
389_SA_5	-6	49	90	2728
253_SA_3	-4	63	60	2728
82_VI_1	1	82	30	1364
390_LC_5	-6	50	180	2730
255_PR_3	-4	64	150	2738
254_PR_3	3	65	60	1369
256_PR_3	-4	66	90	2746
257_SA_3	-4	67	5	2752
258_SA_3	-4	68	120	2760
83_SA_1	1	83	240	1380
327_SA_4	-5	57	120	2762
84_LC_1	1	84	15	1394
85_PR_1	1	85	70	1395
86_PR_1	1	86	90	1398
259_SA_3	-4	69	110	2808
260_SA_3	-4	70	120	2810
261_SA_3	-4	71	90	2814
87_SA_1	1	87	60	1409
262_SA_3	-4	72	120	2818
88_LC_1	1	88	120	1420
328_LC_4	-5	58	120	2868
329_LC_4	-5	59	90	2868
182_LC_2	-3	82	60	2910
183_NU_2	-3	83	20	2918
263_SA_3	-4	73	60	2976
184_SA_2	-3	84	15	2976
185_SA_2	-3	85	35	3020
331_SA_4	-5	60	160	3020
330_SA_4	-5	61	120	3020
264_SA_3	-4	74	65	3038
186_PR_2	-3	86	120	3038
187_SA_2	-3	87	210	3042
89_PR_1	1	89	70	1529
90_SA_1	1	90	90	1556
391_LC_5	-6	51	75	3116
393_PR_5	-6	52	150	3118
91_PR_1	1	91	120	1559
392_PR_5	-6	53	35	3118
188_VI_2	-3	88	100	3144
332_PR_4	-5	62	120	3144
265_PR_3	-4	75	100	3160
92_SA_1	1	92	60	1581
333_VI_4	-5	63	90	3174
394_PR_5	-6	54	75	3200
93_SA_1	1	93	90	1629
94_NU_1	1	94	160	1630
95_SA_1	1	95	140	1646
334_SA_4	-5	64	30	3382
96_VI_1	1	96	50	1707
98_PR_1	1	97	10	1718
97_PR_1	1	98	20	1718
335_SA_4	-5	65	30	3556
266_SA_3	-4	76	80	3600
99_SA_1	1	99	75	1807
267_NU_3	-4	77	50	3624
336_VI_4	-5	66	240	3666
337_PR_4	-5	67	1	3692
395_SA_5	-6	55	90	3848
338_SA_4	-5	68	60	3848
396_SA_5	-6	56	60	3852
397_SA_5	-6	57	10	3852
268_SA_3	-4	78	90	3984
398_NU_5	-6	58	150	4030
340_SA_4	-5	69	60	4030
339_SA_4	-5	70	140	4030
189_PR_2	-3	89	80	4030
399_SA_5	-6	59	60	4070
190_SA_2	-3	90	30	4070
100_PR_1	1	100	60	2084
269_SA_3	-4	79	40	4432
400_PR_5	-6	60	45	4446
270_PR_3	-4	80	75	4728
