#Nombre	DiaAten	ModelId		T.Servicio	Penalty
1_PR_1	1	1	90	27830
2_SA_1	-2	2	90	58762
3_SA_1	1	3	75	27587
4_LC_1	1	4	120	29127
5_SA_1	1	5	90	28332
6_SA_1	1	6	30	29365
7_SA_1	1	7	290	30556
8_SA_1	1	8	60	30556
9_SA_1	1	9	360	28402
10_SA_1	1	10	60	28402
11_SA_1	1	11	120	28402
12_SA_1	1	12	75	28402
13_SA_1	1	13	60	28402
14_SA_1	1	14	90	28402
15_SA_1	1	15	240	27276
16_SA_1	1	16	110	29814
17_NU_1	1	17	180	28011
18_SA_1	1	18	90	28660
19_SA_1	1	19	180	27809
20_SA_1	1	20	60	30512
21_NU_1	1	21	90	31036
22_PR_1	1	22	60	29687
23_SA_1	1	23	90	29449
24_PR_1	-2	24	100	53828
25_PR_1	1	25	90	27585
26_NU_1	-2	26	420	58372
27_LC_1	1	27	180	27486
28_SA_1	1	28	30	28835
29_SA_1	1	29	60	26486
30_PR_1	1	30	60	27992
31_SA_1	1	31	90	26712
32_SA_1	1	32	90	26712
33_LC_1	1	33	150	28247
34_LC_1	1	34	80	28052
35_SA_1	1	35	105	29291
36_LC_1	1	36	60	28910
37_PR_1	1	37	60	28381
38_PR_1	1	38	80	28381
39_LC_1	1	39	90	27298
40_SA_1	1	40	60	30084
41_LC_1	1	41	120	31923
42_PR_1	1	42	60	31923
43_SA_1	1	43	207	30671
44_PR_1	1	44	25	27851
45_VI_1	1	45	75	30142
46_SA_1	1	46	90	27686
47_SA_1	1	47	90	27686
48_SA_1	1	48	60	29757
49_SA_1	1	49	60	29757
50_LC_1	1	50	80	29135
51_SA_1	1	51	90	27045
52_PR_1	1	52	30	26882
53_NU_1	1	53	90	26032
54_LC_1	1	54	60	31583
55_LC_1	1	55	60	31583
56_LC_1	1	56	150	27484
57_SA_1	1	57	60	27680
58_SA_1	1	58	60	27680
59_SA_1	1	59	60	27680
60_LC_1	1	60	90	29561
61_SA_1	-2	61	30	58736
62_SA_1	1	62	150	29368
63_SA_1	1	63	75	29368
64_SA_1	1	64	10	29368
65_SA_1	1	65	30	29368
66_PR_1	1	66	75	28992
67_SA_1	1	67	60	28867
68_SA_1	1	68	120	30008
69_VI_1	1	69	60	27115
70_SA_1	1	70	180	29194
71_PR_1	-2	71	520	58388
72_SA_1	1	72	195	32636
73_PR_1	1	73	120	32636
74_SA_1	1	74	60	29553
75_SA_1	1	75	75	28388
76_SA_1	1	76	100	30847
77_SA_1	1	77	120	29156
78_SA_1	1	78	60	29061
79_SA_1	1	79	100	29061
80_SA_1	1	80	90	26117
81_SA_1	-2	81	60	54448
82_VI_1	1	82	30	28872
83_SA_1	1	83	240	28944
84_LC_1	1	84	15	29286
85_PR_1	-2	85	70	58508
86_PR_1	1	86	90	27018
87_SA_1	1	87	60	29091
88_LC_1	1	88	120	28158
89_PR_1	1	89	70	28724
90_SA_1	1	90	90	28611
91_PR_1	1	91	120	28801
92_SA_1	1	92	60	29079
93_SA_1	1	93	90	29768
94_NU_1	1	94	160	28534
95_SA_1	1	95	140	27213
96_VI_1	1	96	50	30189
97_PR_1	1	97	20	33224
98_PR_1	1	98	10	33224
99_SA_1	-2	99	75	59794
100_PR_1	1	100	60	28012
101_PR_2	2	1	60	26885
102_SA_2	2	2	120	29783
103_SA_2	2	3	120	29106
104_LC_2	2	4	120	29831
105_LC_2	2	5	200	28659
106_NU_2	2	6	75	28596
107_PR_2	2	7	30	26284
108_LC_2	2	8	10	28421
109_SA_2	2	9	110	30556
110_SA_2	2	10	120	30556
111_SA_2	2	11	120	30556
112_SA_2	2	12	60	30556
113_SA_2	2	13	60	30556
114_SA_2	2	14	60	30556
115_PR_2	2	15	90	30806
116_SA_2	2	16	60	28402
117_SA_2	2	17	140	28402
118_SA_2	2	18	120	28402
119_SA_2	2	19	60	28402
120_SA_2	2	20	55	28402
121_LC_2	2	21	45	28402
122_SA_2	2	22	50	28402
123_SA_2	2	23	50	28402
124_SA_2	2	24	30	28402
125_SA_2	2	25	60	29760
126_PR_2	2	26	180	28699
127_PR_2	2	27	80	28699
128_SA_2	2	28	120	29117
129_NU_2	2	29	120	28011
130_SA_2	2	30	90	31736
131_PR_2	-3	31	215	53438
132_SA_2	2	32	20	28660
133_SA_2	2	33	90	28939
134_SA_2	-3	34	60	57878
135_SA_2	2	35	60	30512
136_LC_2	2	36	30	30613
137_PR_2	2	37	150	28186
138_VI_2	2	38	90	29687
139_PR_2	2	39	60	29687
140_SA_2	2	40	50	29687
141_NU_2	2	41	150	29186
142_LC_2	2	42	50	28780
143_SA_2	2	43	180	29770
144_SA_2	2	44	90	31021
145_LC_2	2	45	60	28922
146_SA_2	2	46	165	28922
147_LC_2	2	47	30	28922
148_SA_2	2	48	90	27654
149_SA_2	2	49	235	29056
150_SA_2	2	50	120	29056
151_SA_2	2	51	120	26534
152_LC_2	2	52	1	26782
153_PR_2	-3	53	230	54766
154_PR_2	2	54	170	31339
155_SA_2	2	55	240	28878
156_PR_2	2	56	80	29425
157_SA_2	2	57	150	29757
158_PR_2	2	58	85	30004
159_SA_2	2	59	55	27045
160_PR_2	2	60	60	27940
161_LC_2	2	61	180	27816
162_SA_2	2	62	1	26106
163_PR_2	2	63	120	28093
164_NU_2	-3	64	90	54906
165_SA_2	2	65	120	29189
166_SA_2	2	66	40	29368
167_SA_2	2	67	60	29368
168_SA_2	2	68	60	29624
169_LC_2	2	69	135	29194
170_SA_2	2	70	120	29194
171_PR_2	2	71	65	28598
172_NU_2	2	72	60	28604
173_SA_2	2	73	55	28388
174_SA_2	2	74	360	28388
175_SA_2	2	75	90	28388
176_SA_2	-3	76	90	57372
177_PR_2	2	77	50	29589
178_NU_2	2	78	20	27488
179_PR_2	-3	79	100	54420
180_LC_2	2	80	60	28791
181_LC_2	2	81	120	29061
182_LC_2	2	82	60	27739
183_NU_2	2	83	20	28870
184_SA_2	2	84	15	30039
185_SA_2	2	85	35	30111
186_PR_2	-3	86	120	59868
187_SA_2	2	87	210	24857
188_VI_2	2	88	100	28389
189_PR_2	2	89	80	29513
190_SA_2	2	90	30	29318
191_PR_3	3	1	60	26885
192_PR_3	3	2	130	31048
193_LC_3	3	3	70	26493
194_PR_3	3	4	20	29533
195_SA_3	3	5	150	30153
196_PR_3	3	6	45	28332
197_SA_3	3	7	120	28332
198_SA_3	3	8	60	28332
199_SA_3	3	9	80	28332
200_SA_3	3	10	60	29365
201_LC_3	3	11	270	29365
202_SA_3	3	12	180	30556
203_SA_3	3	13	45	30556
204_SA_3	3	14	80	28402
205_SA_3	3	15	60	28402
206_PR_3	3	16	35	28699
207_SA_3	3	17	50	29814
208_SA_3	3	18	90	28660
209_SA_3	3	19	45	28660
210_SA_3	-4	20	180	55618
211_NU_3	3	21	40	31036
212_SA_3	3	22	40	29687
213_LC_3	3	23	90	29687
214_VI_3	3	24	25	27653
215_PR_3	3	25	45	29308
216_SA_3	3	26	80	31253
217_SA_3	3	27	150	27611
218_SA_3	3	28	120	29770
219_SA_3	3	29	90	29770
220_PR_3	3	30	60	28922
221_PR_3	3	31	35	29680
222_PR_3	3	32	60	29588
223_PR_3	3	33	40	28118
224_PR_3	3	34	50	26067
225_SA_3	3	35	80	29291
226_PR_3	3	36	65	29846
227_LC_3	3	37	120	29700
228_SA_3	3	38	100	30218
229_SA_3	3	39	60	28247
230_PR_3	3	40	30	26160
231_SA_3	3	41	80	29757
232_PR_3	3	42	120	29757
233_SA_3	3	43	40	26548
234_LC_3	3	44	60	30266
235_LC_3	-4	45	120	57478
236_VI_3	3	46	90	28516
237_PR_3	3	47	70	29453
238_SA_3	3	48	60	30544
239_SA_3	3	49	180	30216
240_PR_3	3	50	60	26882
241_SA_3	3	51	20	29865
242_LC_3	3	52	40	29032
243_SA_3	-4	53	120	54640
244_SA_3	3	54	80	29194
245_SA_3	3	55	160	30201
246_LC_3	3	56	100	29653
247_SA_3	3	57	90	28907
248_SA_3	3	58	60	28591
249_SA_3	3	59	75	27393
250_SA_3	3	60	60	29156
251_PR_3	3	61	60	27598
252_SA_3	3	62	55	29061
253_SA_3	3	63	60	30227
254_PR_3	3	64	60	30590
255_PR_3	3	65	150	30590
256_PR_3	3	66	90	30089
257_SA_3	3	67	5	28956
258_SA_3	3	68	120	28944
259_SA_3	3	69	110	28318
260_SA_3	3	70	120	27030
261_SA_3	3	71	90	28153
262_SA_3	3	72	120	29091
263_SA_3	3	73	60	30039
264_SA_3	3	74	65	28954
265_PR_3	3	75	100	27880
266_SA_3	3	76	80	26374
267_NU_3	3	77	50	30832
268_SA_3	3	78	90	29725
269_SA_3	3	79	40	27781
270_PR_3	3	80	75	29502
271_PR_4	4	1	60	28497
272_LC_4	4	2	130	28426
273_LC_4	4	3	90	31701
274_SA_4	4	4	60	30211
275_SA_4	4	5	90	28402
276_SA_4	4	6	60	28402
277_SA_4	4	7	120	28402
278_PR_4	4	8	150	28402
279_SA_4	4	9	300	28402
280_NU_4	4	10	60	28402
281_PR_4	4	11	70	29760
282_LC_4	4	12	90	27696
283_SA_4	4	13	180	28508
284_SA_4	4	14	240	27809
285_SA_4	4	15	60	28965
286_PR_4	4	16	60	28186
287_PR_4	4	17	90	29687
288_SA_4	4	18	60	29687
289_LC_4	4	19	110	28261
290_SA_4	4	20	60	27611
291_SA_4	4	21	150	29842
292_PR_4	4	22	50	28276
293_PR_4	4	23	165	28276
294_SA_4	4	24	90	28138
295_LC_4	4	25	60	29965
296_SA_4	4	26	90	27005
297_SA_4	4	27	100	28993
298_PR_4	4	28	120	28529
299_LC_4	4	29	60	31578
300_SA_4	4	30	105	29864
301_SA_4	4	31	75	28572
302_SA_4	4	32	90	32267
303_LC_4	4	33	60	28749
304_VI_4	4	34	120	29757
305_PR_4	4	35	25	29757
306_SA_4	4	36	270	29757
307_SA_4	4	37	120	25816
308_PR_4	4	38	30	29453
309_PR_4	4	39	60	29581
310_PR_4	4	40	120	29581
311_PR_4	4	41	60	26127
312_PR_4	4	42	50	30148
313_PR_4	4	43	50	28093
314_SA_4	4	44	20	31644
315_SA_4	4	45	180	30032
316_NU_4	4	46	60	30973
317_LC_4	4	47	45	29828
318_SA_4	4	48	240	27320
319_PR_4	4	49	90	30852
320_SA_4	4	50	120	32636
321_SA_4	4	51	240	32636
322_SA_4	4	52	90	32636
323_SA_4	4	53	120	30201
324_SA_4	4	54	130	27030
325_PR_4	4	55	180	29213
326_SA_4	4	56	1	29061
327_SA_4	4	57	120	30347
328_LC_4	4	58	120	30222
329_LC_4	4	59	90	30222
330_SA_4	4	60	120	30111
331_SA_4	4	61	160	30111
332_PR_4	4	62	120	28197
333_VI_4	4	63	90	29373
334_SA_4	4	64	30	28726
335_SA_4	4	65	30	26992
336_VI_4	4	66	240	29337
337_PR_4	4	67	1	28332
338_SA_4	4	68	60	31168
339_SA_4	4	69	140	29513
340_SA_4	4	70	60	29513
341_SA_5	5	1	70	25601
342_PR_5	5	2	60	26798
343_LC_5	5	3	45	28936
344_LC_5	5	4	120	28421
345_SA_5	5	5	150	27546
346_LC_5	5	6	70	28332
347_SA_5	5	7	20	30205
348_SA_5	5	8	60	30330
349_SA_5	5	9	15	30330
350_SA_5	5	10	180	28402
351_SA_5	5	11	60	28402
352_PR_5	5	12	70	28402
353_SA_5	5	13	5	29330
354_PR_5	5	14	30	30301
355_LC_5	5	15	150	31736
356_SA_5	5	16	150	26321
357_SA_5	5	17	60	28939
358_PR_5	5	18	70	28186
359_LC_5	5	19	10	28186
360_LC_5	5	20	10	28186
361_SA_5	5	21	10	28186
362_PR_5	5	22	240	30379
363_VI_5	5	23	10	27653
364_PR_5	5	24	1	27558
365_SA_5	5	25	120	27611
366_SA_5	5	26	20	29804
367_PR_5	5	27	15	30346
368_PR_5	5	28	5	29574
369_SA_5	5	29	120	27755
370_SA_5	5	30	140	27755
371_PR_5	5	31	30	28381
372_LC_5	5	32	60	28412
373_SA_5	5	33	60	29404
374_PR_5	5	34	105	31339
375_PR_5	5	35	170	29228
376_PR_5	5	36	75	29271
377_PR_5	5	37	30	29757
378_PR_5	5	38	30	29428
379_LC_5	5	39	60	29943
380_LC_5	5	40	234	28072
381_SA_5	5	41	60	29368
382_PR_5	5	42	30	31123
383_SA_5	5	43	240	32636
384_SA_5	5	44	240	30201
385_SA_5	5	45	60	28388
386_SA_5	5	46	90	27507
387_SA_5	5	47	90	29858
388_SA_5	5	48	60	28341
389_SA_5	5	49	90	30227
390_LC_5	5	50	180	28899
391_LC_5	5	51	75	27683
392_PR_5	5	52	35	28801
393_PR_5	5	53	150	28801
394_PR_5	5	54	75	30366
395_SA_5	5	55	90	31168
396_SA_5	5	56	60	29044
397_SA_5	5	57	10	29044
398_NU_5	5	58	150	29513
399_SA_5	5	59	60	29318
400_PR_5	5	60	45	29685
