Iter 61
MasterProb = 28263.9

s [*] :=
1  17
2  10
3   8
4   9
5  57
;

SubProb = -4320
d = 0

distanceCost*(sum{l in 1 .. Lcap - 1} t[l]) = 3520

Iter 62
MasterProb = 28213.5

s [*] :=
1  44
2  10
3  61
4  62
5  63
;

SubProb = -1063.15
d = 0

distanceCost*(sum{l in 1 .. Lcap - 1} t[l]) = 880

Iter 63
MasterProb = 28163.7

s [*] :=
1  39
2  50
3  61
4  62
5  63
;

SubProb = -409.75
d = 0

distanceCost*(sum{l in 1 .. Lcap - 1} t[l]) = 495

Iter 64
MasterProb = 28163.7

s [*] :=
1  40
2  19
3  61
4  62
5  63
;

SubProb = -409.75
d = 0

distanceCost*(sum{l in 1 .. Lcap - 1} t[l]) = 495

Iter 65
MasterProb = 28086.5

s [*] :=
1  40
2   3
3  61
4  62
5  63
;

SubProb = -232.849
d = 0

distanceCost*(sum{l in 1 .. Lcap - 1} t[l]) = 495

Iter 66
MasterProb = 28009

s [*] :=
1  36
2  22
3  61
4  62
5  63
;

SubProb = -275.585
d = 0

distanceCost*(sum{l in 1 .. Lcap - 1} t[l]) = 660

Iter 67
MasterProb = 27941

s [*] :=
1  28
2  42
3  61
4  62
5  63
;

SubProb = -270.686
d = 0

distanceCost*(sum{l in 1 .. Lcap - 1} t[l]) = 660

Iter 68
MasterProb = 27937.8

s [*] :=
1   2
2  53
3  61
4  62
5  63
;

SubProb = -205.7
d = 0

distanceCost*(sum{l in 1 .. Lcap - 1} t[l]) = 660

Iter 69
MasterProb = 27931

s [*] :=
1  53
2  60
3  61
4  62
5  63
;

SubProb = -147.81
d = 0

distanceCost*(sum{l in 1 .. Lcap - 1} t[l]) = 660

Iter 70
MasterProb = 27877.8

s [*] :=
1   6
2   4
3  61
4  62
5  63
;

SubProb = -328.301
d = 0

distanceCost*(sum{l in 1 .. Lcap - 1} t[l]) = 495

Iter 71
MasterProb = 27715.2

s [*] :=
1   1
2  25
3  44
4  61
5  62
;

SubProb = -293.333
d = 0

distanceCost*(sum{l in 1 .. Lcap - 1} t[l]) = 1760

Iter 72
MasterProb = 27678.8

s [*] :=
1  30
2  59
3  33
4   5
5  61
;

SubProb = -340.645
d = 0

distanceCost*(sum{l in 1 .. Lcap - 1} t[l]) = 2640

Iter 73
MasterProb = 27639.8

s [*] :=
1  14
2  58
3   2
4  61
5  62
;

SubProb = -317.484
d = 0

distanceCost*(sum{l in 1 .. Lcap - 1} t[l]) = 1210

Iter 74
MasterProb = 27605

s [*] :=
1   3
2  20
3  61
4  62
5  63
;

SubProb = -184.021
d = 0

distanceCost*(sum{l in 1 .. Lcap - 1} t[l]) = 495

Iter 75
MasterProb = 27587.8

s [*] :=
1  26
2  25
3  46
4  45
5  56
;

SubProb = -320.833
d = 0

distanceCost*(sum{l in 1 .. Lcap - 1} t[l]) = 3520

Iter 76
MasterProb = 27491.1

s [*] :=
1  32
2   4
3  20
4  61
5  62
;

SubProb = -567.875
d = 0

distanceCost*(sum{l in 1 .. Lcap - 1} t[l]) = 990

Iter 77
MasterProb = 27261

s [*] :=
1  34
2  58
3  61
4  62
5  63
;

SubProb = -215.769
d = 0

distanceCost*(sum{l in 1 .. Lcap - 1} t[l]) = 605

Iter 78
MasterProb = 27243.3

s [*] :=
1  21
2   1
3  48
4  46
5  25
;

SubProb = 0
d = 0

distanceCost*(sum{l in 1 .. Lcap - 1} t[l]) = 3520

Problema Entero
MasterProb = 29275

fo1 = 29275
fo2 = 0

x[j] [*] :=
  5  1
  9  1
 15  1
 23  1
 25  1
 30  1
 35  1
 45  1
 48  1
 72  1
 74  1
 78  1
 79  1
 81  1
 86  1
 95  1
105  1
110  1
121  1
122  1
123  1
128  1
139  1
;

aa[i,j] [*,*]
:    5   9  15  23  25  30  35  45  48  72  74  78  79  81  86  95 105 110 121 :=
1    0   0   0   0   0   0   0   0   0   0   0   0   0   0   0   0   0   0   1
2    0   0   0   0   0   0   0   0   0   0   0   0   0   0   0   0   0   0   0
3    0   0   0   0   0   0   0   0   0   0   0   1   0   0   0   0   0   0   0
4    0   0   0   0   0   0   0   0   0   0   0   0   0   1   0   0   0   0   0
5    1   0   0   0   0   0   0   0   0   0   0   0   0   0   0   0   0   0   0
6    0   0   0   0   0   0   0   0   0   0   0   0   0   1   0   0   0   0   0
7    0   0   0   0   0   0   0   0   0   0   0   0   0   0   1   0   0   0   0
8    0   0   0   0   0   0   0   0   0   0   0   0   1   0   0   0   0   0   0
9    0   1   0   0   0   0   0   0   0   0   0   0   0   0   0   0   0   0   0
10   0   0   0   0   0   0   0   0   0   0   0   0   0   0   0   0   0   0   0
11   0   0   0   0   0   0   0   0   0   0   1   0   0   0   0   0   0   0   0
12   0   0   0   0   0   0   0   0   0   0   0   0   0   0   0   0   0   0   0
13   0   0   0   0   0   0   0   0   0   0   0   0   0   1   0   0   0   0   0
14   0   0   0   0   0   0   0   0   0   0   0   0   0   0   0   0   0   0   0
15   0   0   1   0   0   0   0   0   0   0   0   0   0   0   0   0   0   0   0
16   0   0   0   0   0   0   0   0   0   0   0   0   0   0   1   0   0   0   0
17   0   0   0   0   0   0   0   0   0   0   0   0   0   0   0   0   1   0   0
18   0   0   0   0   0   0   0   0   0   1   0   0   0   0   0   0   0   0   0
19   0   0   0   0   0   0   0   0   0   0   0   1   0   0   0   0   0   0   0
20   0   0   0   0   0   0   0   0   0   0   0   0   0   0   0   0   0   1   0
21   0   0   0   0   0   0   0   0   0   0   0   0   0   0   1   0   0   0   0
22   0   0   0   0   0   0   0   0   0   0   0   0   0   0   0   1   0   0   0
23   0   0   0   1   0   0   0   0   0   0   0   0   0   0   0   0   0   0   0
24   0   0   0   0   0   0   0   0   0   0   0   0   0   0   0   0   0   0   0
25   0   0   0   0   1   0   0   0   0   0   0   0   0   0   0   0   0   0   0
26   0   0   0   0   0   0   0   0   0   0   0   0   0   0   0   0   1   0   0
27   0   0   0   0   0   0   0   0   0   1   0   0   0   0   0   0   0   0   0
28   0   0   0   0   0   0   0   0   0   0   0   1   0   0   0   0   0   0   0
29   0   0   0   0   0   0   0   0   0   0   0   0   0   0   0   0   0   0   1
30   0   0   0   0   0   1   0   0   0   0   0   0   0   0   0   0   0   0   0
31   0   0   0   0   0   0   0   0   0   0   0   0   0   0   0   0   0   0   0
32   0   0   0   0   0   0   0   0   0   0   0   0   1   0   0   0   0   0   0
33   0   0   0   0   0   0   0   0   0   0   1   0   0   0   0   0   0   0   0
34   0   0   0   0   0   0   0   0   0   0   0   0   0   1   0   0   0   0   0
35   0   0   0   0   0   0   1   0   0   0   0   0   0   0   0   0   0   0   0
36   0   0   0   0   0   0   0   0   0   0   0   1   0   0   0   0   0   0   0
37   0   0   0   0   0   0   0   0   0   0   1   0   0   0   0   0   0   0   0
38   0   0   0   0   0   0   0   0   0   0   0   0   0   0   0   0   0   0   0
39   0   0   0   0   0   0   0   0   0   0   0   0   1   0   0   0   0   0   0
40   0   0   0   0   0   0   0   0   0   0   0   0   1   0   0   0   0   0   0
41   0   0   0   0   0   0   0   0   0   0   0   0   0   0   0   0   0   0   1
42   0   0   0   0   0   0   0   0   0   1   0   0   0   0   0   0   0   0   0
43   0   0   0   0   0   0   0   0   0   0   0   0   0   0   0   0   1   0   0
44   0   0   0   0   0   0   0   0   0   0   0   0   0   0   0   0   0   0   0
45   0   0   0   0   0   0   0   1   0   0   0   0   0   0   0   0   0   0   0
46   0   0   0   0   0   0   0   0   0   0   0   0   0   0   1   0   0   0   0
47   0   0   0   0   0   0   0   0   0   0   0   0   0   0   1   0   0   0   0
48   0   0   0   0   0   0   0   0   1   0   0   0   0   0   0   0   0   0   0
49   0   0   0   0   0   0   0   0   0   0   0   0   0   0   0   0   0   0   1
50   0   0   0   0   0   0   0   0   0   0   0   1   0   0   0   0   0   0   0
51   0   0   0   0   0   0   0   0   0   0   0   0   0   0   0   0   0   1   0
52   0   0   0   0   0   0   0   0   0   1   0   0   0   0   0   0   0   0   0
53   0   0   0   0   0   0   0   0   0   0   1   0   0   0   0   0   0   0   0
54   0   0   0   0   0   0   0   0   0   1   0   0   0   0   0   0   0   0   0
55   0   0   0   0   0   0   0   0   0   0   0   0   0   1   0   0   0   0   0
56   0   0   0   0   0   0   0   0   0   0   1   0   0   0   0   0   0   0   0
57   0   0   0   0   0   0   0   0   0   0   0   0   1   0   0   0   0   0   0
58   0   0   0   0   0   0   0   0   0   0   0   0   0   0   0   0   0   0   0
59   0   0   0   0   0   0   0   0   0   0   0   0   0   0   0   0   0   0   1
60   0   0   0   0   0   0   0   0   0   0   0   0   0   0   0   1   0   0   0

:  122 123 128 139    :=
1    0   0   0   0
2    0   0   0   1
3    0   0   0   0
4    0   0   0   0
5    0   0   0   0
6    0   0   0   0
7    0   0   0   0
8    0   0   0   0
9    0   0   0   0
10   0   0   1   0
11   0   0   0   0
12   1   0   0   0
13   0   0   0   0
14   0   0   0   1
15   0   0   0   0
16   0   0   0   0
17   0   0   0   0
18   0   0   0   0
19   0   0   0   0
20   0   0   0   0
21   0   0   0   0
22   0   0   0   0
23   0   0   0   0
24   0   1   0   0
25   0   0   0   0
26   0   0   0   0
27   0   0   0   0
28   0   0   0   0
29   0   0   0   0
30   0   0   0   0
31   1   0   0   0
32   0   0   0   0
33   0   0   0   0
34   0   0   0   0
35   0   0   0   0
36   0   0   0   0
37   0   0   0   0
38   0   1   0   0
39   0   0   0   0
40   0   0   0   0
41   0   0   0   0
42   0   0   0   0
43   0   0   0   0
44   0   0   1   0
45   0   0   0   0
46   0   0   0   0
47   0   0   0   0
48   0   0   0   0
49   0   0   0   0
50   0   0   0   0
51   0   0   0   0
52   0   0   0   0
53   0   0   0   0
54   0   0   0   0
55   0   0   0   0
56   0   0   0   0
57   0   0   0   0
58   0   0   0   1
59   0   0   0   0
60   0   0   0   0
;

vi[i] [*] :=
;

:   x[i]   c[i] travel[i] delay[i]    :=
5     1       0       0        0
9     1       0       0        0
15    1       0       0        0
23    1       0       0        0
25    1       0       0        0
30    1       0       0        0
35    1       0       0        0
45    1       0       0        0
48    1       0       0        0
72    1    2640    2640        0
74    1    3575    3575        0
78    1    2530    2530        0
79    1    3755    3355      400
81    1    3410    3410        0
86    1    3520    3520        0
95    1     660     660        0
105   1    1760    1760        0
110   1     495     495        0
121   1    3520    3520        0
122   1     660     660        0
123   1     660     660        0
128   1     880     880        0
139   1    1210    1210        0
;

