#Nombre	DiaAten	ModelId		T.Servicio	Penalty
1_PR_1	1	1	90	31978
2_SA_1	1	2	90	31092
3_SA_1	1	3	75	26367
4_LC_1	1	4	120	30296
5_SA_1	1	5	90	28848
6_SA_1	1	6	30	29112
7_SA_1	1	7	290	29964
8_SA_1	1	8	60	29964
9_SA_1	1	9	360	30870
10_SA_1	1	10	60	30870
11_SA_1	1	11	120	30870
12_SA_1	1	12	75	30870
13_SA_1	1	13	60	30870
14_SA_1	1	14	90	30870
15_SA_1	1	15	240	27195
16_SA_1	1	16	110	29709
17_NU_1	1	17	180	26131
18_SA_1	-2	18	90	46654
19_SA_1	1	19	180	32584
20_SA_1	1	20	60	35052
21_NU_1	1	21	90	32500
22_PR_1	1	22	60	29616
23_SA_1	1	23	90	34333
24_PR_1	1	24	100	27503
25_PR_1	1	25	90	33041
26_NU_1	1	26	420	30226
27_LC_1	1	27	180	32261
28_SA_1	1	28	30	25812
29_SA_1	1	29	60	31358
30_PR_1	-2	30	60	46186
31_SA_1	1	31	90	24634
32_SA_1	1	32	90	24634
33_LC_1	-2	33	150	54564
34_LC_1	1	34	80	25451
35_SA_1	1	35	105	21164
36_LC_1	1	36	60	27679
37_PR_1	1	37	60	24152
38_PR_1	1	38	80	24152
39_LC_1	1	39	90	34752
40_SA_1	1	40	60	31995
41_LC_1	1	41	120	31830
42_PR_1	1	42	60	31830
43_SA_1	1	43	207	30789
44_PR_1	1	44	25	33470
45_VI_1	1	45	75	27448
46_SA_1	1	46	90	28137
47_SA_1	1	47	90	28137
48_SA_1	1	48	60	30121
49_SA_1	1	49	60	30121
50_LC_1	1	50	80	26500
51_SA_1	1	51	90	26448
52_PR_1	1	52	30	31684
53_NU_1	1	53	90	28779
54_LC_1	1	54	60	22514
55_LC_1	1	55	60	22514
56_LC_1	1	56	150	27713
57_SA_1	1	57	60	30895
58_SA_1	1	58	60	30895
59_SA_1	1	59	60	30895
60_LC_1	1	60	90	29698
61_SA_1	1	61	30	26253
62_SA_1	1	62	150	26253
63_SA_1	1	63	75	26253
64_SA_1	-2	64	10	52506
65_SA_1	1	65	30	26253
66_PR_1	1	66	75	30562
67_SA_1	-2	67	60	60796
68_SA_1	1	68	120	25173
69_VI_1	1	69	60	34689
70_SA_1	1	70	180	29667
71_PR_1	-2	71	520	59334
72_SA_1	1	72	195	25657
73_PR_1	1	73	120	25657
74_SA_1	1	74	60	33503
75_SA_1	1	75	75	30015
76_SA_1	1	76	100	30005
77_SA_1	1	77	120	28585
78_SA_1	-2	78	60	55238
79_SA_1	1	79	100	27619
80_SA_1	1	80	90	28955
81_SA_1	1	81	60	27731
82_VI_1	1	82	30	32846
83_SA_1	1	83	240	27463
84_LC_1	1	84	15	31755
85_PR_1	1	85	70	25570
86_PR_1	1	86	90	31025
87_SA_1	1	87	60	30948
88_LC_1	1	88	120	29403
89_PR_1	1	89	70	30956
90_SA_1	1	90	90	31265
91_PR_1	1	91	120	27518
92_SA_1	1	92	60	28201
93_SA_1	-2	93	90	59420
94_NU_1	1	94	160	26844
95_SA_1	1	95	140	29372
96_VI_1	1	96	50	31482
97_PR_1	1	97	20	32530
98_PR_1	1	98	10	32530
99_SA_1	1	99	75	33308
100_PR_1	1	100	60	30008
101_PR_2	2	1	60	29070
102_SA_2	2	2	120	27435
103_SA_2	2	3	120	35009
104_LC_2	2	4	120	27853
105_LC_2	2	5	200	27133
106_NU_2	2	6	75	30280
107_PR_2	2	7	30	30993
108_LC_2	2	8	10	29982
109_SA_2	2	9	110	29964
110_SA_2	2	10	120	29964
111_SA_2	2	11	120	29964
112_SA_2	2	12	60	29964
113_SA_2	2	13	60	29964
114_SA_2	2	14	60	29964
115_PR_2	2	15	90	32569
116_SA_2	2	16	60	30870
117_SA_2	2	17	140	30870
118_SA_2	2	18	120	30870
119_SA_2	2	19	60	30870
120_SA_2	2	20	55	30870
121_LC_2	2	21	45	30870
122_SA_2	2	22	50	30870
123_SA_2	2	23	50	30870
124_SA_2	-3	24	30	61740
125_SA_2	2	25	60	23920
126_PR_2	2	26	180	28280
127_PR_2	2	27	80	28280
128_SA_2	2	28	120	30617
129_NU_2	2	29	120	26131
130_SA_2	2	30	90	32819
131_PR_2	-3	31	215	47050
132_SA_2	2	32	20	23327
133_SA_2	2	33	90	31338
134_SA_2	2	34	60	31338
135_SA_2	2	35	60	35052
136_LC_2	2	36	30	35418
137_PR_2	2	37	150	27951
138_VI_2	2	38	90	29616
139_PR_2	2	39	60	29616
140_SA_2	2	40	50	29616
141_NU_2	2	41	150	30226
142_LC_2	2	42	50	24524
143_SA_2	2	43	180	27992
144_SA_2	2	44	90	32617
145_LC_2	2	45	60	29388
146_SA_2	2	46	165	29388
147_LC_2	2	47	30	29388
148_SA_2	2	48	90	28186
149_SA_2	2	49	235	29651
150_SA_2	2	50	120	29651
151_SA_2	2	51	120	25210
152_LC_2	2	52	1	25593
153_PR_2	2	53	230	26319
154_PR_2	2	54	170	29449
155_SA_2	2	55	240	27538
156_PR_2	2	56	80	33295
157_SA_2	2	57	150	30121
158_PR_2	2	58	85	26901
159_SA_2	2	59	55	26448
160_PR_2	-3	60	60	53606
161_LC_2	2	61	180	32788
162_SA_2	2	62	1	29796
163_PR_2	2	63	120	28523
164_NU_2	2	64	90	27621
165_SA_2	2	65	120	26815
166_SA_2	2	66	40	26253
167_SA_2	2	67	60	26253
168_SA_2	2	68	60	28235
169_LC_2	2	69	135	29667
170_SA_2	2	70	120	29667
171_PR_2	2	71	65	24970
172_NU_2	-3	72	60	49464
173_SA_2	2	73	55	30015
174_SA_2	2	74	360	30015
175_SA_2	2	75	90	30015
176_SA_2	2	76	90	34015
177_PR_2	2	77	50	28954
178_NU_2	2	78	20	27503
179_PR_2	2	79	100	28913
180_LC_2	2	80	60	25096
181_LC_2	-3	81	120	55238
182_LC_2	2	82	60	30367
183_NU_2	2	83	20	25752
184_SA_2	2	84	15	22377
185_SA_2	2	85	35	27034
186_PR_2	2	86	120	26687
187_SA_2	2	87	210	30513
188_VI_2	2	88	100	30484
189_PR_2	2	89	80	30441
190_SA_2	2	90	30	26855
191_PR_3	3	1	60	29070
192_PR_3	3	2	130	29834
193_LC_3	3	3	70	27165
194_PR_3	3	4	20	30392
195_SA_3	-4	5	150	48742
196_PR_3	3	6	45	28848
197_SA_3	3	7	120	28848
198_SA_3	3	8	60	28848
199_SA_3	3	9	80	28848
200_SA_3	3	10	60	29112
201_LC_3	3	11	270	29112
202_SA_3	3	12	180	29964
203_SA_3	3	13	45	29964
204_SA_3	3	14	80	30870
205_SA_3	3	15	60	30870
206_PR_3	3	16	35	28280
207_SA_3	3	17	50	29709
208_SA_3	3	18	90	23327
209_SA_3	3	19	45	23327
210_SA_3	3	20	180	32584
211_NU_3	3	21	40	32500
212_SA_3	3	22	40	29616
213_LC_3	3	23	90	29616
214_VI_3	3	24	25	26327
215_PR_3	3	25	45	25377
216_SA_3	3	26	80	29202
217_SA_3	3	27	150	31448
218_SA_3	3	28	120	27992
219_SA_3	3	29	90	27992
220_PR_3	3	30	60	29388
221_PR_3	3	31	35	28114
222_PR_3	-4	32	60	54656
223_PR_3	3	33	40	29432
224_PR_3	3	34	50	29185
225_SA_3	3	35	80	21164
226_PR_3	3	36	65	25647
227_LC_3	3	37	120	27362
228_SA_3	3	38	100	31853
229_SA_3	3	39	60	26036
230_PR_3	3	40	30	29619
231_SA_3	3	41	80	30121
232_PR_3	3	42	120	30121
233_SA_3	3	43	40	32436
234_LC_3	3	44	60	30000
235_LC_3	3	45	120	27944
236_VI_3	3	46	90	25157
237_PR_3	3	47	70	29452
238_SA_3	3	48	60	27175
239_SA_3	3	49	180	26084
240_PR_3	3	50	60	31684
241_SA_3	3	51	20	33196
242_LC_3	3	52	40	29672
243_SA_3	3	53	120	23616
244_SA_3	3	54	80	29667
245_SA_3	3	55	160	29839
246_LC_3	3	56	100	27732
247_SA_3	3	57	90	27515
248_SA_3	3	58	60	24948
249_SA_3	3	59	75	31270
250_SA_3	3	60	60	28585
251_PR_3	3	61	60	28567
252_SA_3	-4	62	55	55238
253_SA_3	3	63	60	22727
254_PR_3	3	64	60	32463
255_PR_3	3	65	150	32463
256_PR_3	3	66	90	32125
257_SA_3	3	67	5	33251
258_SA_3	3	68	120	27463
259_SA_3	3	69	110	30208
260_SA_3	3	70	120	25784
261_SA_3	3	71	90	34988
262_SA_3	3	72	120	30948
263_SA_3	3	73	60	22377
264_SA_3	3	74	65	33473
265_PR_3	3	75	100	25218
266_SA_3	3	76	80	33002
267_NU_3	3	77	50	26514
268_SA_3	3	78	90	30913
269_SA_3	3	79	40	29796
270_PR_3	3	80	75	25792
271_PR_4	4	1	60	31004
272_LC_4	4	2	130	27349
273_LC_4	4	3	90	25606
274_SA_4	4	4	60	26430
275_SA_4	4	5	90	30870
276_SA_4	4	6	60	30870
277_SA_4	4	7	120	30870
278_PR_4	4	8	150	30870
279_SA_4	4	9	300	30870
280_NU_4	4	10	60	30870
281_PR_4	4	11	70	23920
282_LC_4	4	12	90	25156
283_SA_4	4	13	180	32010
284_SA_4	4	14	240	32584
285_SA_4	4	15	60	28163
286_PR_4	4	16	60	27951
287_PR_4	4	17	90	29616
288_SA_4	4	18	60	29616
289_LC_4	4	19	110	26435
290_SA_4	4	20	60	31448
291_SA_4	4	21	150	31432
292_PR_4	4	22	50	33868
293_PR_4	4	23	165	33868
294_SA_4	4	24	90	25379
295_LC_4	4	25	60	27472
296_SA_4	4	26	90	23602
297_SA_4	4	27	100	28833
298_PR_4	4	28	120	31876
299_LC_4	4	29	60	31367
300_SA_4	4	30	105	31076
301_SA_4	4	31	75	30145
302_SA_4	4	32	90	33018
303_LC_4	4	33	60	29484
304_VI_4	4	34	120	30121
305_PR_4	4	35	25	30121
306_SA_4	4	36	270	30121
307_SA_4	4	37	120	19067
308_PR_4	4	38	30	29452
309_PR_4	4	39	60	30722
310_PR_4	4	40	120	30722
311_PR_4	4	41	60	27493
312_PR_4	4	42	50	31031
313_PR_4	4	43	50	28523
314_SA_4	4	44	20	25080
315_SA_4	4	45	180	32889
316_NU_4	4	46	60	31060
317_LC_4	4	47	45	30317
318_SA_4	4	48	240	23616
319_PR_4	4	49	90	24960
320_SA_4	4	50	120	25657
321_SA_4	4	51	240	25657
322_SA_4	4	52	90	25657
323_SA_4	4	53	120	29839
324_SA_4	4	54	130	21971
325_PR_4	4	55	180	34387
326_SA_4	4	56	1	27619
327_SA_4	4	57	120	24267
328_LC_4	4	58	120	28979
329_LC_4	4	59	90	28979
330_SA_4	4	60	120	27034
331_SA_4	4	61	160	27034
332_PR_4	4	62	120	27395
333_VI_4	4	63	90	27935
334_SA_4	4	64	30	26147
335_SA_4	4	65	30	24079
336_VI_4	4	66	240	31810
337_PR_4	4	67	1	31442
338_SA_4	4	68	60	27860
339_SA_4	4	69	140	30441
340_SA_4	4	70	60	30441
341_SA_5	5	1	70	26319
342_PR_5	5	2	60	32648
343_LC_5	5	3	45	31688
344_LC_5	5	4	120	29982
345_SA_5	5	5	150	32677
346_LC_5	5	6	70	28848
347_SA_5	5	7	20	29442
348_SA_5	5	8	60	31132
349_SA_5	5	9	15	31132
350_SA_5	5	10	180	30870
351_SA_5	5	11	60	30870
352_PR_5	5	12	70	30870
353_SA_5	5	13	5	31457
354_PR_5	5	14	30	32052
355_LC_5	5	15	150	32819
356_SA_5	5	16	150	30576
357_SA_5	5	17	60	31338
358_PR_5	5	18	70	27951
359_LC_5	5	19	10	27951
360_LC_5	5	20	10	27951
361_SA_5	5	21	10	27951
362_PR_5	5	22	240	28529
363_VI_5	5	23	10	26327
364_PR_5	5	24	1	32497
365_SA_5	5	25	120	31448
366_SA_5	5	26	20	22786
367_PR_5	5	27	15	23683
368_PR_5	5	28	5	24664
369_SA_5	5	29	120	33336
370_SA_5	5	30	140	33336
371_PR_5	5	31	30	24152
372_LC_5	5	32	60	29817
373_SA_5	5	33	60	33386
374_PR_5	5	34	105	29449
375_PR_5	5	35	170	23421
376_PR_5	5	36	75	34885
377_PR_5	5	37	30	30121
378_PR_5	5	38	30	28288
379_LC_5	5	39	60	23287
380_LC_5	5	40	234	23695
381_SA_5	5	41	60	26253
382_PR_5	5	42	30	23395
383_SA_5	5	43	240	25657
384_SA_5	5	44	240	29839
385_SA_5	5	45	60	30015
386_SA_5	5	46	90	30696
387_SA_5	5	47	90	29472
388_SA_5	5	48	60	28399
389_SA_5	5	49	90	22727
390_LC_5	5	50	180	30802
391_LC_5	5	51	75	33685
392_PR_5	5	52	35	27518
393_PR_5	5	53	150	27518
394_PR_5	5	54	75	25655
395_SA_5	5	55	90	27860
396_SA_5	5	56	60	30081
397_SA_5	5	57	10	30081
398_NU_5	5	58	150	30441
399_SA_5	5	59	60	26855
400_PR_5	5	60	45	31730
