#Nombre	DiaAten	ModelId		T.Servicio	Penalty
191_PR_3	3	1	60	121
101_PR_2	-3	1	60	242
1_PR_1	-2	1	90	726
341_SA_5	-6	1	70	886
102_SA_2	-3	2	120	1480
2_SA_1	-2	2	90	3406
103_SA_2	-3	3	120	3674
104_LC_2	-3	4	120	5908
271_PR_4	-5	1	60	7048
105_LC_2	-3	5	200	9684
342_PR_5	5	2	60	5746
192_PR_3	-4	2	130	14014
193_LC_3	-4	3	70	14980
272_LC_4	-5	2	130	15344
273_LC_4	-5	3	90	15610
343_LC_5	5	3	45	8154
274_SA_4	-5	4	60	16570
3_SA_1	1	3	75	8477
106_NU_2	2	6	75	8680
107_PR_2	2	7	30	9380
344_LC_5	5	4	120	10061
108_LC_2	-3	8	10	20122
345_SA_5	5	5	150	10217
194_PR_3	-4	4	20	21658
4_LC_1	-2	4	120	21878
195_SA_3	-4	5	150	23182
5_SA_1	1	5	90	11708
197_SA_3	-4	6	120	23416
346_LC_5	5	6	70	11708
199_SA_3	-4	7	80	23416
196_PR_3	-4	8	45	23416
198_SA_3	3	9	60	11708
6_SA_1	1	6	30	14433
200_SA_3	3	10	60	14433
201_LC_3	3	11	270	14433
347_SA_5	5	7	20	14616
7_SA_1	-2	7	290	29292
202_SA_3	-4	12	180	29292
8_SA_1	1	8	60	14646
110_SA_2	-3	9	120	29292
111_SA_2	-3	10	120	29292
112_SA_2	2	11	60	14646
109_SA_2	2	12	110	14646
114_SA_2	-3	13	60	29292
113_SA_2	2	14	60	14646
203_SA_3	-4	13	45	29292
115_PR_2	-3	15	90	29820
348_SA_5	5	8	60	14920
349_SA_5	5	9	15	14920
9_SA_1	-2	9	360	31018
10_SA_1	1	10	60	15509
13_SA_1	1	11	60	15509
14_SA_1	1	12	90	15509
350_SA_5	5	10	180	15509
12_SA_1	1	13	75	15509
204_SA_3	3	14	80	15509
205_SA_3	-4	15	60	31018
352_PR_5	5	11	70	15509
11_SA_1	-2	14	120	31018
275_SA_4	4	5	90	15509
276_SA_4	4	6	60	15509
277_SA_4	4	7	120	15509
120_SA_2	-3	16	55	31018
279_SA_4	4	8	300	15509
280_NU_4	4	9	60	15509
119_SA_2	2	17	60	15509
124_SA_2	2	18	30	15509
121_LC_2	2	19	45	15509
122_SA_2	2	20	50	15509
351_SA_5	5	12	60	15509
118_SA_2	2	21	120	15509
278_PR_4	4	10	150	15509
116_SA_2	-3	22	60	31018
117_SA_2	-3	23	140	31018
123_SA_2	2	24	50	15509
15_SA_1	1	15	240	15757
125_SA_2	2	25	60	15833
281_PR_4	4	11	70	15833
282_LC_4	4	12	90	16135
127_PR_2	2	26	80	16252
206_PR_3	3	16	35	16252
126_PR_2	-3	27	180	32504
353_SA_5	5	13	5	16353
354_PR_5	5	14	30	16383
16_SA_1	1	16	110	16776
207_SA_3	3	17	50	16776
128_SA_2	-3	28	120	33700
17_NU_1	1	17	180	16855
129_NU_2	2	29	120	16855
283_SA_4	4	13	180	17298
355_LC_5	5	15	150	17606
130_SA_2	2	30	90	17606
356_SA_5	5	16	150	17663
131_PR_2	2	31	215	17892
18_SA_1	-2	18	90	36220
208_SA_3	-4	18	90	36220
209_SA_3	3	19	45	18110
132_SA_2	-3	32	20	36220
19_SA_1	1	19	180	18207
210_SA_3	-4	20	180	36414
284_SA_4	-5	14	240	36414
134_SA_2	-3	33	60	36576
133_SA_2	2	34	90	18288
357_SA_5	5	17	60	18288
285_SA_4	4	15	60	18564
135_SA_2	2	35	60	18643
20_SA_1	-2	20	60	37286
136_LC_2	2	36	30	18987
286_PR_4	4	16	60	19141
360_LC_5	5	18	10	19141
358_PR_5	5	19	70	19141
137_PR_2	2	37	150	19141
359_LC_5	5	20	10	19141
361_SA_5	5	21	10	19141
21_NU_1	1	21	90	19354
211_NU_3	3	21	40	19354
362_PR_5	5	22	240	19366
22_PR_1	1	22	60	19512
213_LC_3	3	22	90	19512
139_PR_2	2	38	60	19512
140_SA_2	2	39	50	19512
288_SA_4	4	17	60	19512
287_PR_4	4	18	90	19512
212_SA_3	3	23	40	19512
138_VI_2	-3	40	90	39024
363_VI_5	5	23	10	19615
214_VI_3	-4	24	25	39230
215_PR_3	3	25	45	19901
23_SA_1	1	23	90	20093
24_PR_1	-2	24	100	40332
289_LC_4	4	19	110	20226
25_PR_1	1	25	90	20519
141_NU_2	2	41	150	20913
26_NU_1	-2	26	420	41826
27_LC_1	1	27	180	21019
216_SA_3	3	26	80	21111
28_SA_1	-2	28	30	43086
29_SA_1	1	29	60	21617
364_PR_5	5	24	1	21797
217_SA_3	3	27	150	22043
365_SA_5	5	25	120	22043
290_SA_4	4	20	60	22043
291_SA_4	4	21	150	22243
292_PR_4	4	22	50	22269
293_PR_4	-5	23	165	44538
294_SA_4	4	24	90	22294
142_LC_2	2	42	50	22354
218_SA_3	3	28	120	22568
219_SA_3	3	29	90	22568
143_SA_2	2	43	180	22568
144_SA_2	-3	44	90	45352
145_LC_2	2	45	60	22764
146_SA_2	2	46	165	22764
147_LC_2	2	47	30	22764
220_PR_3	3	30	60	22764
30_PR_1	1	30	60	23316
295_LC_4	4	25	60	23348
366_SA_5	5	26	20	23943
32_SA_1	1	31	90	24034
31_SA_1	1	32	90	24034
367_PR_5	5	27	15	24054
33_LC_1	1	33	150	24243
221_PR_3	3	31	35	24582
296_SA_4	4	26	90	24762
222_PR_3	3	32	60	24779
223_PR_3	3	33	40	24866
224_PR_3	3	34	50	24963
34_LC_1	1	34	80	25367
148_SA_2	2	48	90	25616
368_PR_5	5	28	5	25627
369_SA_5	5	29	120	25976
370_SA_5	5	30	140	25976
225_SA_3	3	35	80	26274
35_SA_1	1	35	105	26274
297_SA_4	4	27	100	26501
36_LC_1	1	36	60	27087
298_PR_4	4	28	120	27112
150_SA_2	2	49	120	27159
149_SA_2	2	50	235	27159
151_SA_2	2	51	120	27174
38_PR_1	1	37	80	27433
371_PR_5	5	31	30	27433
37_PR_1	1	38	60	27433
39_LC_1	1	39	90	27963
226_PR_3	3	36	65	28460
372_LC_5	5	32	60	28540
227_LC_3	3	37	120	28605
40_SA_1	1	40	60	28661
228_SA_3	3	38	100	28972
152_LC_2	2	52	1	29165
41_LC_1	1	41	120	29659
42_PR_1	1	42	60	29659
299_LC_4	4	29	60	29740
43_SA_1	1	43	207	29773
300_SA_4	4	30	105	30116
301_SA_4	4	31	75	30129
44_PR_1	1	44	25	30130
153_PR_2	2	53	230	30645
302_SA_4	4	32	90	30767
373_SA_5	5	33	60	30777
154_PR_2	2	54	170	30947
374_PR_5	5	34	105	30947
155_SA_2	2	55	240	31041
375_PR_5	5	35	170	31546
229_SA_3	3	39	60	31863
156_PR_2	2	56	80	31963
45_VI_1	1	45	75	31981
46_SA_1	1	46	90	32021
47_SA_1	-2	47	90	64042
230_PR_3	3	40	30	32173
303_LC_4	4	33	60	32241
376_PR_5	5	36	75	32453
304_VI_4	4	34	120	32476
231_SA_3	3	41	80	32476
49_SA_1	1	48	60	32476
306_SA_4	4	35	270	32476
305_PR_4	4	36	25	32476
377_PR_5	5	37	30	32476
157_SA_2	2	57	150	32476
48_SA_1	1	49	60	32476
232_PR_3	3	42	120	32476
307_SA_4	4	37	120	32484
233_SA_3	3	43	40	32616
378_PR_5	5	38	30	32856
234_LC_3	3	44	60	32937
235_LC_3	3	45	120	33004
379_LC_5	5	39	60	33221
50_LC_1	1	50	80	33428
158_PR_2	2	58	85	33551
236_VI_3	3	46	90	33665
308_PR_4	4	38	30	33932
237_PR_3	3	47	70	33932
159_SA_2	2	59	55	34752
51_SA_1	1	51	90	34752
160_PR_2	2	60	60	35197
309_PR_4	4	39	60	35216
310_PR_4	4	40	120	35216
161_LC_2	2	61	180	35263
238_SA_3	3	48	60	36003
162_SA_2	2	62	1	36081
239_SA_3	3	49	180	36176
52_PR_1	-2	52	30	72372
240_PR_3	3	50	60	36186
53_NU_1	1	53	90	36302
311_PR_4	4	41	60	37010
241_SA_3	3	51	20	37344
55_LC_1	1	54	60	37463
54_LC_1	1	55	60	37463
312_PR_4	4	42	50	37599
56_LC_1	1	56	150	37664
313_PR_4	4	43	50	37837
163_PR_2	2	63	120	37837
164_NU_2	2	64	90	37962
314_SA_4	4	44	20	37990
380_LC_5	5	40	234	38092
59_SA_1	1	57	60	38297
57_SA_1	1	58	60	38297
58_SA_1	1	59	60	38297
165_SA_2	2	65	120	38706
60_LC_1	1	60	90	38759
167_SA_2	2	66	60	38892
64_SA_1	1	61	10	38892
62_SA_1	1	62	150	38892
61_SA_1	1	63	30	38892
166_SA_2	2	67	40	38892
65_SA_1	1	64	30	38892
63_SA_1	-2	65	75	77784
381_SA_5	5	41	60	38892
242_LC_3	3	52	40	39185
315_SA_4	4	45	180	39469
316_NU_4	4	46	60	39616
66_PR_1	1	66	75	39697
168_SA_2	2	68	60	39993
67_SA_1	1	67	60	40068
317_LC_4	4	47	45	40095
243_SA_3	3	53	120	40546
318_SA_4	4	48	240	40546
68_SA_1	1	68	120	40770
69_VI_1	1	69	60	40824
382_PR_5	5	42	30	41121
319_PR_4	4	49	90	41156
71_PR_1	1	70	520	41284
70_SA_1	-2	71	180	82568
170_SA_2	2	69	120	41284
244_SA_3	3	54	80	41284
169_LC_2	2	70	135	41284
171_PR_2	2	71	65	41411
172_NU_2	2	72	60	41708
321_SA_4	4	50	240	41752
383_SA_5	5	43	240	41752
73_PR_1	1	72	120	41752
72_SA_1	1	73	195	41752
320_SA_4	4	51	120	41752
322_SA_4	4	52	90	41752
245_SA_3	3	55	160	42081
384_SA_5	5	44	240	42081
323_SA_4	4	53	120	42081
246_LC_3	3	56	100	42178
247_SA_3	3	57	90	42343
74_SA_1	1	74	60	42497
75_SA_1	1	75	75	42733
174_SA_2	2	73	360	42733
173_SA_2	2	74	55	42733
175_SA_2	2	75	90	42733
385_SA_5	5	45	60	42733
248_SA_3	3	58	60	42752
176_SA_2	2	76	90	42876
177_PR_2	2	77	50	42998
249_SA_3	3	59	75	43312
76_SA_1	1	76	100	43318
250_SA_3	3	60	60	43543
77_SA_1	1	77	120	43543
178_NU_2	2	78	20	43576
324_SA_4	4	54	130	43612
325_PR_4	4	55	180	43801
386_SA_5	5	46	90	43826
179_PR_2	2	79	100	43909
251_PR_3	3	61	60	44181
180_LC_2	2	80	60	44684
326_SA_4	4	56	1	44784
78_SA_1	1	78	60	44784
79_SA_1	1	79	100	44784
181_LC_2	2	81	120	44784
252_SA_3	3	62	55	44784
387_SA_5	5	47	90	44938
80_SA_1	1	80	90	44948
81_SA_1	1	81	60	45144
388_SA_5	5	48	60	45689
389_SA_5	5	49	90	45702
253_SA_3	3	63	60	45702
82_VI_1	1	82	30	45719
390_LC_5	5	50	180	46072
255_PR_3	3	64	150	46083
254_PR_3	3	65	60	46083
256_PR_3	3	66	90	46341
257_SA_3	3	67	5	46362
258_SA_3	3	68	120	46574
83_SA_1	1	83	240	46574
327_SA_4	4	57	120	47175
84_LC_1	1	84	15	47455
85_PR_1	1	85	70	47634
86_PR_1	1	86	90	47718
259_SA_3	3	69	110	47773
260_SA_3	3	70	120	47779
261_SA_3	3	71	90	47822
87_SA_1	1	87	60	48175
262_SA_3	3	72	120	48175
88_LC_1	1	88	120	48734
328_LC_4	4	58	120	48735
329_LC_4	4	59	90	48735
182_LC_2	2	82	60	48801
183_NU_2	2	83	20	48842
263_SA_3	3	73	60	48907
184_SA_2	2	84	15	48907
185_SA_2	2	85	35	49730
331_SA_4	4	60	160	49730
330_SA_4	4	61	120	49730
264_SA_3	3	74	65	50205
186_PR_2	2	86	120	50294
187_SA_2	2	87	210	50435
89_PR_1	1	89	70	50493
90_SA_1	1	90	90	50960
391_LC_5	5	51	75	51458
393_PR_5	5	52	150	51523
91_PR_1	1	91	120	51523
392_PR_5	5	53	35	51523
188_VI_2	2	88	100	51691
332_PR_4	4	62	120	52331
265_PR_3	3	75	100	52391
92_SA_1	1	92	60	53209
333_VI_4	4	63	90	53584
394_PR_5	5	54	75	53622
93_SA_1	1	93	90	53960
94_NU_1	1	94	160	54475
95_SA_1	1	95	140	54556
334_SA_4	4	64	30	54836
96_VI_1	1	96	50	55719
98_PR_1	1	97	10	55735
97_PR_1	1	98	20	55735
335_SA_4	4	65	30	56194
266_SA_3	3	76	80	57293
99_SA_1	1	99	75	58085
267_NU_3	3	77	50	58878
336_VI_4	4	66	240	59155
337_PR_4	4	67	1	63975
395_SA_5	5	55	90	64210
338_SA_4	4	68	60	64210
396_SA_5	5	56	60	64600
397_SA_5	5	57	10	64600
268_SA_3	3	78	90	67479
398_NU_5	5	58	150	67902
340_SA_4	4	69	60	67902
339_SA_4	4	70	140	67902
189_PR_2	2	89	80	67902
399_SA_5	5	59	60	68761
190_SA_2	2	90	30	68761
100_PR_1	1	100	60	69435
269_SA_3	3	79	40	71243
400_PR_5	5	60	45	79392
270_PR_3	3	80	75	80991
