#Nombre	DiaAten	ModelId		T.Servicio	Penalty
191_PR_3	3	1	60	21664
101_PR_2	2	1	60	21664
1_PR_1	-2	1	90	43722
341_SA_5	5	1	70	22816
102_SA_2	2	2	120	22822
2_SA_1	1	2	90	23002
103_SA_2	2	3	120	23331
104_LC_2	2	4	120	23481
271_PR_4	4	1	60	23511
105_LC_2	-3	5	200	47338
342_PR_5	5	2	60	23863
192_PR_3	3	2	130	23932
193_LC_3	3	3	70	24237
272_LC_4	4	2	130	24403
273_LC_4	4	3	90	24412
343_LC_5	5	3	45	24588
274_SA_4	4	4	60	24618
3_SA_1	1	3	75	24688
106_NU_2	2	6	75	24817
107_PR_2	2	7	30	24949
344_LC_5	5	4	120	24962
108_LC_2	-3	8	10	49924
345_SA_5	5	5	150	25027
194_PR_3	3	4	20	25031
4_LC_1	1	4	120	25058
195_SA_3	3	5	150	25124
5_SA_1	1	5	90	25136
197_SA_3	3	6	120	25136
346_LC_5	5	6	70	25136
199_SA_3	3	7	80	25136
196_PR_3	3	8	45	25136
198_SA_3	3	9	60	25136
6_SA_1	1	6	30	25268
200_SA_3	3	10	60	25268
201_LC_3	3	11	270	25268
347_SA_5	5	7	20	25344
7_SA_1	1	7	290	25391
202_SA_3	3	12	180	25391
8_SA_1	1	8	60	25391
110_SA_2	2	9	120	25391
111_SA_2	2	10	120	25391
112_SA_2	2	11	60	25391
109_SA_2	2	12	110	25391
114_SA_2	2	13	60	25391
113_SA_2	2	14	60	25391
203_SA_3	3	13	45	25391
115_PR_2	2	15	90	25437
348_SA_5	5	8	60	25440
349_SA_5	5	9	15	25440
9_SA_1	1	9	360	25461
10_SA_1	1	10	60	25461
13_SA_1	1	11	60	25461
14_SA_1	1	12	90	25461
350_SA_5	5	10	180	25461
12_SA_1	1	13	75	25461
204_SA_3	3	14	80	25461
205_SA_3	3	15	60	25461
352_PR_5	5	11	70	25461
11_SA_1	1	14	120	25461
275_SA_4	4	5	90	25461
276_SA_4	4	6	60	25461
277_SA_4	4	7	120	25461
120_SA_2	2	16	55	25461
279_SA_4	4	8	300	25461
280_NU_4	4	9	60	25461
119_SA_2	2	17	60	25461
124_SA_2	2	18	30	25461
121_LC_2	2	19	45	25461
122_SA_2	2	20	50	25461
351_SA_5	5	12	60	25461
118_SA_2	2	21	120	25461
278_PR_4	-5	10	150	50922
116_SA_2	2	22	60	25461
117_SA_2	2	23	140	25461
123_SA_2	2	24	50	25461
15_SA_1	-2	15	240	50948
125_SA_2	2	25	60	25477
281_PR_4	4	11	70	25477
282_LC_4	4	12	90	25488
127_PR_2	2	26	80	25495
206_PR_3	3	16	35	25495
126_PR_2	2	27	180	25495
353_SA_5	5	13	5	25539
354_PR_5	5	14	30	25762
16_SA_1	1	16	110	25807
207_SA_3	3	17	50	25807
128_SA_2	2	28	120	25892
17_NU_1	1	17	180	25893
129_NU_2	2	29	120	25893
283_SA_4	4	13	180	25986
355_LC_5	5	15	150	26055
130_SA_2	2	30	90	26055
356_SA_5	5	16	150	26082
131_PR_2	2	31	215	26127
18_SA_1	1	18	90	26158
208_SA_3	3	18	90	26158
209_SA_3	3	19	45	26158
132_SA_2	2	32	20	26158
19_SA_1	1	19	180	26224
210_SA_3	3	20	180	26224
284_SA_4	4	14	240	26224
134_SA_2	2	33	60	26256
133_SA_2	2	34	90	26256
357_SA_5	5	17	60	26256
285_SA_4	4	15	60	26258
135_SA_2	2	35	60	26283
20_SA_1	1	20	60	26283
136_LC_2	-3	36	30	52992
286_PR_4	4	16	60	26504
360_LC_5	5	18	10	26504
358_PR_5	5	19	70	26504
137_PR_2	2	37	150	26504
359_LC_5	5	20	10	26504
361_SA_5	5	21	10	26504
21_NU_1	1	21	90	26595
211_NU_3	3	21	40	26595
362_PR_5	5	22	240	26619
22_PR_1	1	22	60	26707
213_LC_3	3	22	90	26707
139_PR_2	2	38	60	26707
140_SA_2	2	39	50	26707
288_SA_4	4	17	60	26707
287_PR_4	4	18	90	26707
212_SA_3	3	23	40	26707
138_VI_2	2	40	90	26707
363_VI_5	5	23	10	26711
214_VI_3	-4	24	25	53422
215_PR_3	3	25	45	26749
23_SA_1	1	23	90	26762
24_PR_1	1	24	100	26807
289_LC_4	4	19	110	26829
25_PR_1	-2	25	90	53914
141_NU_2	2	41	150	26965
26_NU_1	-2	26	420	53930
27_LC_1	1	27	180	26982
216_SA_3	3	26	80	26983
28_SA_1	1	28	30	27071
29_SA_1	1	29	60	27075
364_PR_5	5	24	1	27099
217_SA_3	3	27	150	27125
365_SA_5	5	25	120	27125
290_SA_4	4	20	60	27125
291_SA_4	4	21	150	27185
292_PR_4	4	22	50	27387
293_PR_4	4	23	165	27387
294_SA_4	4	24	90	27394
142_LC_2	2	42	50	27400
218_SA_3	3	28	120	27407
219_SA_3	3	29	90	27407
143_SA_2	2	43	180	27407
144_SA_2	2	44	90	27437
145_LC_2	2	45	60	27457
146_SA_2	2	46	165	27457
147_LC_2	2	47	30	27457
220_PR_3	3	30	60	27457
30_PR_1	1	30	60	27561
295_LC_4	4	25	60	27572
366_SA_5	5	26	20	27600
32_SA_1	1	31	90	27671
31_SA_1	1	32	90	27671
367_PR_5	5	27	15	27682
33_LC_1	1	33	150	27692
221_PR_3	3	31	35	27696
296_SA_4	4	26	90	27728
222_PR_3	3	32	60	27773
223_PR_3	3	33	40	27774
224_PR_3	3	34	50	27817
34_LC_1	1	34	80	27854
148_SA_2	2	48	90	27879
368_PR_5	5	28	5	27881
369_SA_5	5	29	120	27892
370_SA_5	5	30	140	27892
225_SA_3	-4	35	80	55788
35_SA_1	1	35	105	27894
297_SA_4	4	27	100	27896
36_LC_1	1	36	60	27950
298_PR_4	4	28	120	28054
150_SA_2	2	49	120	28096
149_SA_2	-3	50	235	56192
151_SA_2	2	51	120	28108
38_PR_1	-2	37	80	56288
371_PR_5	5	31	30	28144
37_PR_1	1	38	60	28144
39_LC_1	1	39	90	28148
226_PR_3	3	36	65	28309
372_LC_5	5	32	60	28313
227_LC_3	3	37	120	28360
40_SA_1	1	40	60	28362
228_SA_3	3	38	100	28364
152_LC_2	2	52	1	28379
41_LC_1	1	41	120	28386
42_PR_1	-2	42	60	56772
299_LC_4	4	29	60	28403
43_SA_1	1	43	207	28419
300_SA_4	4	30	105	28514
301_SA_4	4	31	75	28528
44_PR_1	1	44	25	28549
153_PR_2	2	53	230	28551
302_SA_4	4	32	90	28580
373_SA_5	5	33	60	28630
154_PR_2	2	54	170	28674
374_PR_5	5	34	105	28674
155_SA_2	-3	55	240	57358
375_PR_5	5	35	170	28730
229_SA_3	3	39	60	28734
156_PR_2	2	56	80	28741
45_VI_1	1	45	75	28792
46_SA_1	1	46	90	28796
47_SA_1	1	47	90	28796
230_PR_3	3	40	30	28835
303_LC_4	4	33	60	28843
376_PR_5	5	36	75	28848
304_VI_4	4	34	120	28852
231_SA_3	3	41	80	28852
49_SA_1	1	48	60	28852
306_SA_4	4	35	270	28852
305_PR_4	4	36	25	28852
377_PR_5	5	37	30	28852
157_SA_2	-3	57	150	57704
48_SA_1	1	49	60	28852
232_PR_3	3	42	120	28852
307_SA_4	4	37	120	28863
233_SA_3	3	43	40	28872
378_PR_5	5	38	30	28875
234_LC_3	3	44	60	28883
235_LC_3	3	45	120	28895
379_LC_5	5	39	60	28908
50_LC_1	1	50	80	28920
158_PR_2	2	58	85	28955
236_VI_3	-4	46	90	57928
308_PR_4	4	38	30	28976
237_PR_3	3	47	70	28976
159_SA_2	2	59	55	29000
51_SA_1	1	51	90	29000
160_PR_2	2	60	60	29026
309_PR_4	4	39	60	29031
310_PR_4	4	40	120	29031
161_LC_2	-3	61	180	58138
238_SA_3	-4	48	60	58204
162_SA_2	2	62	1	29107
239_SA_3	3	49	180	29114
52_PR_1	1	52	30	29170
240_PR_3	3	50	60	29170
53_NU_1	1	53	90	29177
311_PR_4	4	41	60	29204
241_SA_3	3	51	20	29219
55_LC_1	1	54	60	29277
54_LC_1	1	55	60	29277
312_PR_4	4	42	50	29359
56_LC_1	1	56	150	29416
313_PR_4	4	43	50	29424
163_PR_2	2	63	120	29424
164_NU_2	2	64	90	29454
314_SA_4	4	44	20	29459
380_LC_5	5	40	234	29471
59_SA_1	1	57	60	29481
57_SA_1	1	58	60	29481
58_SA_1	1	59	60	29481
165_SA_2	2	65	120	29484
60_LC_1	1	60	90	29496
167_SA_2	2	66	60	29559
64_SA_1	1	61	10	29559
62_SA_1	1	62	150	29559
61_SA_1	1	63	30	29559
166_SA_2	2	67	40	29559
65_SA_1	1	64	30	29559
63_SA_1	1	65	75	29559
381_SA_5	5	41	60	29559
242_LC_3	3	52	40	29609
315_SA_4	4	45	180	29613
316_NU_4	4	46	60	29641
66_PR_1	1	66	75	29713
168_SA_2	2	68	60	29716
67_SA_1	1	67	60	29731
317_LC_4	4	47	45	29749
243_SA_3	3	53	120	29848
318_SA_4	4	48	240	29848
68_SA_1	1	68	120	29851
69_VI_1	1	69	60	29857
382_PR_5	5	42	30	29860
319_PR_4	4	49	90	29921
71_PR_1	-2	70	520	59890
70_SA_1	1	71	180	29945
170_SA_2	2	69	120	29945
244_SA_3	3	54	80	29945
169_LC_2	2	70	135	29945
171_PR_2	2	71	65	29949
172_NU_2	2	72	60	29953
321_SA_4	4	50	240	30003
383_SA_5	5	43	240	30003
73_PR_1	1	72	120	30003
72_SA_1	1	73	195	30003
320_SA_4	4	51	120	30003
322_SA_4	4	52	90	30003
245_SA_3	-4	55	160	60054
384_SA_5	5	44	240	30027
323_SA_4	4	53	120	30027
246_LC_3	3	56	100	30055
247_SA_3	-4	57	90	60166
74_SA_1	1	74	60	30103
75_SA_1	1	75	75	30146
174_SA_2	-3	73	360	60292
173_SA_2	2	74	55	30146
175_SA_2	2	75	90	30146
385_SA_5	5	45	60	30146
248_SA_3	3	58	60	30167
176_SA_2	2	76	90	30195
177_PR_2	2	77	50	30212
249_SA_3	3	59	75	30259
76_SA_1	-2	76	100	60570
250_SA_3	3	60	60	30300
77_SA_1	1	77	120	30300
178_NU_2	2	78	20	30391
324_SA_4	4	54	130	30403
325_PR_4	4	55	180	30507
386_SA_5	5	46	90	30526
179_PR_2	2	79	100	30586
251_PR_3	3	61	60	30594
180_LC_2	2	80	60	30624
326_SA_4	4	56	1	30680
78_SA_1	1	78	60	30680
79_SA_1	1	79	100	30680
181_LC_2	2	81	120	30680
252_SA_3	3	62	55	30680
387_SA_5	5	47	90	30682
80_SA_1	1	80	90	30792
81_SA_1	1	81	60	30836
388_SA_5	5	48	60	30866
389_SA_5	5	49	90	30886
253_SA_3	3	63	60	30886
82_VI_1	1	82	30	30895
390_LC_5	5	50	180	30925
255_PR_3	3	64	150	30970
254_PR_3	3	65	60	30970
256_PR_3	3	66	90	30973
257_SA_3	3	67	5	31063
258_SA_3	3	68	120	31240
83_SA_1	1	83	240	31240
327_SA_4	4	57	120	31243
84_LC_1	1	84	15	31265
85_PR_1	1	85	70	31285
86_PR_1	1	86	90	31309
259_SA_3	3	69	110	31326
260_SA_3	3	70	120	31404
261_SA_3	3	71	90	31445
87_SA_1	-2	87	60	62896
262_SA_3	3	72	120	31448
88_LC_1	-2	88	120	62914
328_LC_4	4	58	120	31515
329_LC_4	4	59	90	31515
182_LC_2	2	82	60	31567
183_NU_2	2	83	20	31570
263_SA_3	3	73	60	31620
184_SA_2	2	84	15	31620
185_SA_2	2	85	35	31629
331_SA_4	4	60	160	31629
330_SA_4	4	61	120	31629
264_SA_3	3	74	65	31735
186_PR_2	2	86	120	31739
187_SA_2	2	87	210	31848
89_PR_1	1	89	70	32042
90_SA_1	1	90	90	32059
391_LC_5	5	51	75	32113
393_PR_5	5	52	150	32125
91_PR_1	-2	91	120	64250
392_PR_5	5	53	35	32125
188_VI_2	2	88	100	32144
332_PR_4	4	62	120	32250
265_PR_3	3	75	100	32306
92_SA_1	1	92	60	32411
333_VI_4	4	63	90	32465
394_PR_5	5	54	75	32628
93_SA_1	1	93	90	32759
94_NU_1	1	94	160	32950
95_SA_1	1	95	140	32973
334_SA_4	4	64	30	33023
96_VI_1	1	96	50	33159
98_PR_1	1	97	10	33270
97_PR_1	1	98	20	33270
335_SA_4	4	65	30	33497
266_SA_3	3	76	80	33515
99_SA_1	1	99	75	33670
267_NU_3	3	77	50	33823
336_VI_4	4	66	240	33925
337_PR_4	4	67	1	34163
395_SA_5	5	55	90	34434
338_SA_4	4	68	60	34434
396_SA_5	5	56	60	34477
397_SA_5	5	57	10	34477
268_SA_3	3	78	90	34972
398_NU_5	5	58	150	35465
340_SA_4	4	69	60	35465
339_SA_4	4	70	140	35465
189_PR_2	2	89	80	35465
399_SA_5	5	59	60	35616
190_SA_2	2	90	30	35616
100_PR_1	1	100	60	35618
269_SA_3	3	79	40	36043
400_PR_5	5	60	45	36264
270_PR_3	3	80	75	36944
