Iter 162
MasterProb = 75139500

s [*] :=
1   91
2  108
3   72
4   33
5  122
;

SubProb = -1828150
d = 58

distanceCost*(sum{l in 1 .. Lcap - 1} t[l]) = 4840

Iter 163
MasterProb = 73312700

s [*] :=
1   91
2  108
3   72
4   33
5  122
;

SubProb = -1825800
d = 58

distanceCost*(sum{l in 1 .. Lcap - 1} t[l]) = 4840

Iter 164
MasterProb = 73312700

s [*] :=
1  161
2   82
3   43
4  162
5  163
;

SubProb = -1038160
d = 0

distanceCost*(sum{l in 1 .. Lcap - 1} t[l]) = 3190

Iter 165
MasterProb = 72384800

s [*] :=
1   42
2   14
3  130
4  137
5  158
;

SubProb = -2576630
d = 0

distanceCost*(sum{l in 1 .. Lcap - 1} t[l]) = 5665

Iter 166
MasterProb = 69906100

s [*] :=
1  110
2  160
3   67
4   14
5   59
;

SubProb = -2046080
d = 0

distanceCost*(sum{l in 1 .. Lcap - 1} t[l]) = 3520

Iter 167
MasterProb = 69906100

s [*] :=
1   91
2   45
3  118
4   48
5   79
;

SubProb = -1583050
d = 18

distanceCost*(sum{l in 1 .. Lcap - 1} t[l]) = 4290

Iter 168
MasterProb = 69906100

s [*] :=
1    1
2  158
3  111
4   94
5   23
;

SubProb = -1297440
d = 49

distanceCost*(sum{l in 1 .. Lcap - 1} t[l]) = 4345

Iter 169
MasterProb = 68608700

s [*] :=
1    1
2  158
3  111
4   94
5   23
;

SubProb = -1297440
d = 49

distanceCost*(sum{l in 1 .. Lcap - 1} t[l]) = 4345

Iter 170
MasterProb = 68608700

s [*] :=
1    1
2  158
3  111
4   94
5   23
;

SubProb = 0
d = 49

distanceCost*(sum{l in 1 .. Lcap - 1} t[l]) = 4345

Problema Entero
MasterProb = 68608700

fo1 = 24455
fo2 = 68584200

x[j] [*] :=
143  1
144  1
145  1
146  1
147  1
148  1
149  1
150  1
151  1
152  1
153  1
154  1
155  1
156  1
157  1
159  1
162  1
164  1
166  1
168  1
;

aa[i,j] [*,*]
:   143 144 145 146 147 148 149 150 151 152 153 154 155 156 157 159 162 164 166 :=
1     0   0   0   0   0   0   0   0   0   0   0   0   0   0   0   0   0   0   0
2     0   0   0   0   0   0   0   0   0   0   0   0   0   0   0   0   0   0   0
3     0   0   0   0   0   0   0   0   0   0   0   0   0   0   0   0   0   0   0
4     0   0   0   0   0   0   0   0   0   0   0   0   0   0   0   0   0   0   0
5     0   0   0   0   0   0   0   0   0   0   0   0   0   0   0   0   0   0   0
6     0   0   0   0   0   0   0   0   0   0   0   0   0   0   0   0   0   0   0
7     0   0   0   0   0   0   0   0   0   0   0   0   0   0   0   0   0   0   0
8     0   0   0   0   0   0   0   0   0   0   0   0   0   0   0   0   0   0   0
9     0   0   0   0   0   0   0   0   0   0   0   0   0   0   0   0   0   0   0
10    0   0   0   0   0   0   0   0   0   0   0   0   0   0   0   0   0   0   0
11    0   0   0   0   0   0   0   0   0   0   0   0   0   0   0   0   0   0   0
12    0   0   0   0   0   0   0   0   0   0   0   0   0   0   0   0   0   0   0
13    0   0   0   0   0   0   0   0   0   0   0   0   0   0   0   0   0   0   0
14    0   0   0   0   0   0   0   0   0   0   0   0   0   0   0   0   0   0   1
15    0   0   0   0   0   0   0   0   0   0   0   0   0   0   0   0   0   0   0
16    0   0   0   0   0   0   0   0   0   0   0   0   0   0   0   0   0   0   0
17    0   0   0   0   0   0   0   0   0   0   0   0   0   0   0   0   0   0   0
18    0   0   0   0   0   0   0   0   0   0   0   0   0   0   0   0   0   0   0
19    0   0   0   0   0   0   0   0   0   0   0   0   0   0   0   0   0   0   0
20    0   0   0   0   0   0   0   0   0   0   0   0   0   0   0   0   0   0   0
21    0   0   0   0   0   0   0   0   0   0   0   0   0   0   0   0   0   0   0
22    0   0   0   0   0   0   0   0   0   0   0   0   0   0   0   0   0   0   0
23    0   0   0   0   0   0   0   0   0   0   0   0   0   0   0   0   0   0   0
24    0   0   0   0   0   0   0   0   0   0   0   0   0   0   0   0   0   0   0
25    0   0   0   0   0   0   0   0   0   0   0   0   0   0   0   0   0   0   0
26    0   0   0   0   0   0   0   0   0   0   0   0   0   0   0   0   0   0   0
27    0   0   0   0   0   0   0   0   0   0   0   0   0   0   0   0   0   0   0
28    0   0   0   0   0   0   0   0   0   0   0   0   0   0   0   0   0   0   0
29    0   0   0   0   0   0   0   0   0   0   0   0   0   0   0   0   0   0   0
30    0   0   0   0   0   0   0   0   0   0   0   0   0   0   0   0   0   0   0
31    0   0   0   0   0   0   0   0   0   0   0   0   0   0   0   0   0   0   0
32    0   0   0   0   0   0   0   0   0   0   0   0   0   0   0   0   0   0   0
33    0   0   0   0   0   0   0   0   0   0   0   0   0   0   0   0   1   0   0
34    0   0   0   0   0   0   0   0   0   0   0   0   0   0   0   0   0   0   0
35    0   0   0   0   0   0   0   0   0   0   0   0   0   0   0   0   0   0   0
36    0   0   0   0   0   0   0   0   0   0   0   0   0   0   0   0   0   0   0
37    0   0   0   0   0   0   0   0   0   0   0   0   0   0   0   0   0   0   0
38    0   0   0   0   0   0   0   0   0   0   0   0   0   0   0   0   0   0   0
39    0   0   0   0   0   0   0   0   0   0   0   0   0   0   0   0   0   0   0
40    0   0   0   0   0   0   0   0   0   0   0   0   0   0   0   0   0   0   0
41    0   0   0   0   0   0   0   0   0   0   0   0   0   0   0   0   0   0   0
42    0   0   0   0   0   0   0   0   0   0   0   0   0   0   0   0   0   0   0
43    0   0   0   0   0   0   0   0   0   0   0   0   0   0   0   0   0   1   0
44    0   0   0   0   0   0   0   0   0   0   0   0   0   0   0   0   0   0   0
45    0   0   0   0   0   0   0   0   0   0   0   0   0   0   0   0   0   0   0
46    0   0   0   0   0   0   0   0   0   0   0   0   0   0   0   0   0   0   0
47    0   0   0   0   0   0   0   0   0   0   0   0   0   0   0   0   0   0   0
48    0   0   0   0   0   0   0   0   0   0   0   0   0   0   0   0   0   0   0
49    0   0   0   0   0   0   0   0   0   0   0   0   0   0   0   0   0   0   0
50    0   0   0   0   0   0   0   0   0   0   0   0   0   0   0   0   0   0   0
51    0   0   0   0   0   0   0   0   0   0   0   0   0   0   0   0   0   0   0
52    0   0   0   0   0   0   0   0   0   0   0   0   0   0   0   0   0   0   0
53    0   0   0   0   0   0   0   0   0   0   0   0   0   0   0   0   0   0   0
54    0   0   0   0   0   0   0   0   0   0   0   0   0   0   0   0   0   0   0
55    0   0   0   0   0   0   0   0   0   0   0   0   0   0   0   0   0   0   0
56    0   0   0   0   0   0   0   0   0   0   0   0   0   0   0   0   0   0   0
57    0   0   0   0   0   0   0   0   0   0   0   0   0   0   0   0   0   0   0
58    0   0   0   0   0   0   0   0   0   0   0   0   0   0   0   0   0   0   0
59    0   0   0   0   0   0   0   0   0   0   0   0   0   0   0   0   0   0   1
60    0   0   0   0   0   0   0   0   0   0   0   0   0   0   0   0   0   0   0
61    0   0   0   0   0   0   0   0   0   0   0   0   0   0   0   0   0   0   0
62    0   0   0   0   0   0   0   0   0   0   0   0   0   0   0   0   0   0   0
63    0   0   0   0   0   0   0   0   0   0   0   0   0   0   0   0   0   0   0
64    0   0   0   0   0   0   0   0   0   0   0   0   0   0   0   0   0   0   0
65    0   0   0   0   0   0   0   0   0   0   0   0   0   0   0   0   0   0   0
66    0   0   0   0   0   0   0   0   0   0   0   0   0   0   0   0   0   0   0
67    0   0   0   0   0   0   0   0   0   0   0   0   0   0   0   0   0   0   1
68    0   0   0   0   0   0   0   0   0   0   0   0   0   0   0   0   0   0   0
69    0   0   0   0   0   0   0   0   0   0   0   0   0   0   0   0   0   0   0
70    0   0   0   0   0   0   0   0   0   0   0   0   0   0   0   0   0   0   0
71    0   0   0   0   0   0   0   0   0   0   0   0   0   0   0   0   0   0   0
72    0   0   0   0   0   0   0   0   0   0   0   0   0   0   0   0   1   0   0
73    0   0   0   0   0   0   0   0   0   0   0   0   0   0   0   0   0   0   0
74    0   0   0   0   0   0   0   0   0   0   0   0   0   0   0   0   0   0   0
75    0   0   0   0   0   0   0   0   0   0   0   0   0   0   0   0   0   0   0
76    0   0   0   0   0   0   0   0   0   0   0   0   0   0   0   0   0   0   0
77    0   0   0   0   0   0   0   0   0   0   0   0   0   0   0   0   0   0   0
78    0   0   0   0   0   0   0   0   0   0   0   0   0   0   0   0   0   0   0
79    0   0   0   0   0   0   0   0   0   0   0   0   0   0   0   0   0   0   0
80    0   0   0   0   0   0   0   0   0   0   0   0   0   0   0   0   0   0   0
81    0   0   0   0   0   0   0   0   0   0   0   0   0   0   0   0   0   0   0
82    0   0   0   0   0   0   0   0   0   0   0   0   0   0   0   0   0   1   0
83    0   0   0   0   0   0   0   0   0   0   0   0   0   0   0   0   0   0   0
84    0   0   0   0   0   0   0   0   0   0   0   0   0   0   0   0   0   0   0
85    0   0   0   0   0   0   0   0   0   0   0   0   0   0   0   0   0   0   0
86    0   0   0   0   0   0   0   0   0   0   0   0   0   0   0   0   0   0   0
87    0   0   0   0   0   0   0   0   0   0   0   0   0   0   0   0   0   0   0
88    0   0   0   0   0   0   0   0   0   0   0   0   0   0   0   0   0   0   0
89    0   0   0   0   0   0   0   0   0   0   0   0   0   0   0   0   0   0   0
90    0   0   0   0   0   0   0   0   0   0   0   0   0   0   0   0   0   0   0
91    0   0   0   0   0   0   0   0   0   0   0   0   0   0   0   0   1   0   0
92    0   0   0   0   0   0   0   0   0   0   0   0   0   0   0   0   0   0   0
93    0   0   0   0   0   0   0   0   0   0   0   0   0   0   0   0   0   0   0
94    0   0   0   0   0   0   0   0   0   0   0   0   0   0   0   0   0   0   0
95    0   0   0   0   0   0   0   0   0   0   0   0   0   0   0   0   0   0   0
96    0   0   0   0   0   0   0   0   0   0   0   0   0   0   0   0   0   0   0
97    0   0   0   0   0   0   0   0   0   0   0   0   0   0   0   0   0   0   0
98    0   0   0   0   0   0   0   0   0   0   0   0   0   0   0   0   0   0   0
99    0   0   0   0   0   0   0   0   0   0   0   0   0   0   0   0   0   0   0
100   0   0   0   0   0   0   0   0   0   0   0   0   0   0   0   0   0   0   0
101   0   0   0   0   0   0   0   0   0   0   0   0   0   0   0   0   0   0   0
102   0   0   0   0   0   0   0   0   0   0   0   0   0   0   0   0   0   0   0
103   0   0   0   0   0   0   0   0   0   0   0   0   0   0   0   0   0   0   0
104   0   0   0   0   0   0   0   0   0   0   0   0   0   0   0   0   0   0   0
105   0   0   0   0   0   0   0   0   0   0   0   0   0   0   0   0   0   0   0
106   0   0   0   0   0   0   0   0   0   0   0   0   0   0   0   0   0   0   0
107   0   0   0   0   0   0   0   0   0   0   0   0   0   0   0   0   0   0   0
108   0   0   0   0   0   0   0   0   0   0   0   0   0   0   0   0   1   0   0
109   0   0   0   0   0   0   0   0   0   0   0   0   0   0   0   0   0   0   0
110   0   0   0   0   0   0   0   0   0   0   0   0   0   0   0   0   0   0   1
111   0   0   0   0   0   0   0   0   0   0   0   0   0   0   0   0   0   0   0
112   0   0   0   0   0   0   0   0   0   0   0   0   0   0   0   0   0   0   0
113   0   0   0   0   0   0   0   0   0   0   0   0   0   0   0   0   0   0   0
114   0   0   0   0   0   0   0   0   0   0   0   0   0   0   0   0   0   0   0
115   0   0   0   0   0   0   0   0   0   0   0   0   0   0   0   0   0   0   0
116   0   0   0   0   0   0   0   0   0   0   0   0   0   0   0   0   0   0   0
117   0   0   0   0   0   0   0   0   0   0   0   0   0   0   0   0   0   0   0
118   0   0   0   0   0   0   0   0   0   0   0   0   0   0   0   0   0   0   0
119   0   0   0   0   0   0   0   0   0   0   0   0   0   0   0   0   0   0   0
120   0   0   0   0   0   0   0   0   0   0   0   0   0   0   0   0   0   0   0
121   0   0   0   0   0   0   0   0   0   0   0   0   0   0   0   0   0   0   0
122   0   0   0   0   0   0   0   0   0   0   0   0   0   0   0   0   1   0   0
123   0   0   0   0   0   0   0   0   0   0   0   0   0   0   0   0   0   0   0
124   0   0   0   0   0   0   0   0   0   0   0   0   0   0   0   0   0   0   0
125   0   0   0   0   0   0   0   0   0   0   0   0   0   0   0   0   0   0   0
126   0   0   0   0   0   0   0   0   0   0   0   0   0   0   0   0   0   0   0
127   0   0   0   0   0   0   0   0   0   0   0   0   0   0   0   0   0   0   0
128   0   0   0   0   0   0   0   0   0   0   0   0   0   0   0   0   0   0   0
129   0   0   0   0   0   0   0   0   0   0   0   0   0   0   0   0   0   0   0
130   0   0   0   0   0   0   0   0   0   0   0   0   0   0   0   0   0   0   0
131   0   0   0   0   0   0   0   0   0   0   0   0   0   0   0   0   0   0   0
132   0   0   0   0   0   0   0   0   0   0   0   0   0   0   0   0   0   0   0
133   0   0   0   0   0   0   0   0   0   0   0   0   0   0   0   0   0   0   0
134   0   0   0   0   0   0   0   0   0   0   0   0   0   0   0   0   0   0   0
135   0   0   0   0   0   0   0   0   0   0   0   0   0   0   0   0   0   0   0
136   0   0   0   0   0   0   0   0   0   0   0   0   0   0   0   0   0   0   0
137   0   0   0   0   0   0   0   0   0   0   0   0   0   0   0   0   0   0   0
138   0   0   0   0   0   0   0   0   0   0   0   0   0   0   0   0   0   0   0
139   0   0   0   0   0   0   0   0   0   0   0   0   0   0   0   0   0   0   0
140   0   0   0   0   0   0   0   0   0   0   0   0   0   0   0   0   0   0   0
141   0   0   0   0   0   0   0   0   0   0   0   0   0   0   0   0   0   0   0
142   0   0   0   0   0   0   0   0   0   0   0   0   0   0   0   0   0   0   0
143   1   0   0   0   0   0   0   0   0   0   0   0   0   0   0   0   0   0   0
144   0   1   0   0   0   0   0   0   0   0   0   0   0   0   0   0   0   0   0
145   0   0   1   0   0   0   0   0   0   0   0   0   0   0   0   0   0   0   0
146   0   0   0   1   0   0   0   0   0   0   0   0   0   0   0   0   0   0   0
147   0   0   0   0   1   0   0   0   0   0   0   0   0   0   0   0   0   0   0
148   0   0   0   0   0   1   0   0   0   0   0   0   0   0   0   0   0   0   0
149   0   0   0   0   0   0   1   0   0   0   0   0   0   0   0   0   0   0   0
150   0   0   0   0   0   0   0   1   0   0   0   0   0   0   0   0   0   0   0
151   0   0   0   0   0   0   0   0   1   0   0   0   0   0   0   0   0   0   0
152   0   0   0   0   0   0   0   0   0   1   0   0   0   0   0   0   0   0   0
153   0   0   0   0   0   0   0   0   0   0   1   0   0   0   0   0   0   0   0
154   0   0   0   0   0   0   0   0   0   0   0   1   0   0   0   0   0   0   0
155   0   0   0   0   0   0   0   0   0   0   0   0   1   0   0   0   0   0   0
156   0   0   0   0   0   0   0   0   0   0   0   0   0   1   0   0   0   0   0
157   0   0   0   0   0   0   0   0   0   0   0   0   0   0   1   0   0   0   0
158   0   0   0   0   0   0   0   0   0   0   0   0   0   0   0   0   0   0   0
159   0   0   0   0   0   0   0   0   0   0   0   0   0   0   0   1   0   0   0
160   0   0   0   0   0   0   0   0   0   0   0   0   0   0   0   0   0   0   1
161   0   0   0   0   0   0   0   0   0   0   0   0   0   0   0   0   0   1   0

:   168    :=
1     1
2     0
3     0
4     0
5     0
6     0
7     0
8     0
9     0
10    0
11    0
12    0
13    0
14    0
15    0
16    0
17    0
18    0
19    0
20    0
21    0
22    0
23    1
24    0
25    0
26    0
27    0
28    0
29    0
30    0
31    0
32    0
33    0
34    0
35    0
36    0
37    0
38    0
39    0
40    0
41    0
42    0
43    0
44    0
45    0
46    0
47    0
48    0
49    0
50    0
51    0
52    0
53    0
54    0
55    0
56    0
57    0
58    0
59    0
60    0
61    0
62    0
63    0
64    0
65    0
66    0
67    0
68    0
69    0
70    0
71    0
72    0
73    0
74    0
75    0
76    0
77    0
78    0
79    0
80    0
81    0
82    0
83    0
84    0
85    0
86    0
87    0
88    0
89    0
90    0
91    0
92    0
93    0
94    1
95    0
96    0
97    0
98    0
99    0
100   0
101   0
102   0
103   0
104   0
105   0
106   0
107   0
108   0
109   0
110   0
111   1
112   0
113   0
114   0
115   0
116   0
117   0
118   0
119   0
120   0
121   0
122   0
123   0
124   0
125   0
126   0
127   0
128   0
129   0
130   0
131   0
132   0
133   0
134   0
135   0
136   0
137   0
138   0
139   0
140   0
141   0
142   0
143   0
144   0
145   0
146   0
147   0
148   0
149   0
150   0
151   0
152   0
153   0
154   0
155   0
156   0
157   0
158   1
159   0
160   0
161   0
;

vi[i] [*] :=
  2  1
  3  1
  4  1
  5  1
  6  1
  7  1
  8  1
  9  1
 10  1
 11  1
 12  1
 13  1
 15  1
 16  1
 17  1
 18  1
 19  1
 20  1
 21  1
 22  1
 24  1
 25  1
 26  1
 27  1
 28  1
 29  1
 30  1
 31  1
 32  1
 34  1
 35  1
 36  1
 37  1
 38  1
 39  1
 40  1
 41  1
 42  1
 44  1
 45  1
 46  1
 47  1
 48  1
 49  1
 50  1
 51  1
 52  1
 53  1
 54  1
 55  1
 56  1
 57  1
 58  1
 60  1
 61  1
 62  1
 63  1
 64  1
 65  1
 66  1
 68  1
 69  1
 70  1
 71  1
 73  1
 74  1
 75  1
 76  1
 77  1
 78  1
 79  1
 80  1
 81  1
 83  1
 84  1
 85  1
 86  1
 87  1
 88  1
 89  1
 90  1
 92  1
 93  1
 95  1
 96  1
 97  1
 98  1
 99  1
100  1
101  1
102  1
103  1
104  1
105  1
106  1
107  1
109  1
112  1
113  1
114  1
115  1
116  1
117  1
118  1
119  1
120  1
121  1
123  1
124  1
125  1
126  1
127  1
128  1
129  1
130  1
131  1
132  1
133  1
134  1
135  1
136  1
137  1
138  1
139  1
140  1
141  1
142  1
;

:   x[i]   c[i] travel[i] delay[i]    :=
143   1       0       0         0
144   1       0       0         0
145   1       0       0         0
146   1       0       0         0
147   1       0       0         0
148   1       0       0         0
149   1       0       0         0
150   1       0       0         0
151   1       0       0         0
152   1       0       0         0
153   1       0       0         0
154   1       0       0         0
155   1       0       0         0
156   1       0       0         0
157   1       0       0         0
159   1       0       0         0
162   1    9480    4840      4640
164   1    3190    3190         0
166   1    3520    3520         0
168   1    8265    4345      3920
;

