#cliente	day	place	penalty	service
191_PR_3	3	2	203892	60
101_PR_2	2	2	203892	60
1_PR_1	1	2	225383	90
341_SA_5	5	1	230033	70
102_SA_2	2	1	235273	120
2_SA_1	1	1	236576	90
103_SA_2	2	1	238429	120
104_LC_2	2	3	246382	120
271_PR_4	4	2	249475	60
105_LC_2	2	3	255889	200
342_PR_5	5	2	257028	60
192_PR_3	3	2	259324	130
193_LC_3	3	3	264487	70
272_LC_4	4	3	273228	130
273_LC_4	4	3	280107	90
343_LC_5	5	3	281325	45
274_SA_4	4	1	282057	60
3_SA_1	1	1	284473	75
106_NU_2	2	5	284550	75
107_PR_2	2	2	293383	30
344_LC_5	5	3	297269	120
108_LC_2	2	3	297269	10
345_SA_5	5	1	298750	150
194_PR_3	3	2	299812	20
4_LC_1	1	3	303028	120
195_SA_3	3	1	307384	150
5_SA_1	1	1	308899	90
197_SA_3	3	1	308899	120
346_LC_5	5	3	308899	70
199_SA_3	3	1	308899	80
196_PR_3	3	2	308899	45
198_SA_3	3	1	308899	60
6_SA_1	1	1	312353	30
200_SA_3	3	1	312353	60
201_LC_3	3	3	312353	270
347_SA_5	5	1	313099	20
7_SA_1	1	1	314011	290
202_SA_3	3	1	314011	180
8_SA_1	1	1	314011	60
110_SA_2	2	1	314011	120
111_SA_2	2	1	314011	120
112_SA_2	2	1	314011	60
109_SA_2	2	1	314011	110
114_SA_2	2	1	314011	60
113_SA_2	2	1	314011	60
203_SA_3	3	1	314011	45
115_PR_2	2	2	315516	90
348_SA_5	5	1	317532	60
349_SA_5	5	1	317532	15
9_SA_1	1	1	322673	360
10_SA_1	1	1	322673	60
13_SA_1	1	1	322673	60
14_SA_1	1	1	322673	90
350_SA_5	5	1	322673	180
12_SA_1	1	1	322673	75
204_SA_3	3	1	322673	80
205_SA_3	3	1	322673	60
352_PR_5	5	2	322673	70
11_SA_1	1	1	322673	120
275_SA_4	4	1	322673	90
276_SA_4	4	1	322673	60
277_SA_4	4	1	322673	120
120_SA_2	2	1	322673	55
279_SA_4	4	1	322673	300
280_NU_4	4	5	322673	60
119_SA_2	2	1	322673	60
124_SA_2	2	1	322673	30
121_LC_2	2	3	322673	45
122_SA_2	2	1	322673	50
351_SA_5	5	1	322673	60
118_SA_2	2	1	322673	120
278_PR_4	4	2	322673	150
116_SA_2	2	1	322673	60
117_SA_2	2	1	322673	140
123_SA_2	2	1	322673	50
15_SA_1	1	1	324845	240
125_SA_2	2	1	326080	60
281_PR_4	4	2	326080	70
282_LC_4	4	3	326589	90
127_PR_2	2	2	328685	80
206_PR_3	3	2	328685	35
126_PR_2	2	2	328685	180
353_SA_5	5	1	332354	5
354_PR_5	5	2	333153	30
16_SA_1	1	1	333277	110
207_SA_3	3	1	333277	50
128_SA_2	2	1	333446	120
17_NU_1	1	5	335312	180
129_NU_2	2	5	335312	120
283_SA_4	4	1	337290	180
355_LC_5	5	3	337512	150
130_SA_2	2	1	337512	90
356_SA_5	5	1	339191	150
131_PR_2	2	2	339411	215
18_SA_1	1	1	339806	90
208_SA_3	3	1	339806	90
209_SA_3	3	1	339806	45
132_SA_2	2	1	339806	20
19_SA_1	1	1	339809	180
210_SA_3	3	1	339809	180
284_SA_4	4	1	339809	240
134_SA_2	2	1	340615	60
133_SA_2	2	1	340615	90
357_SA_5	5	1	340615	60
285_SA_4	4	1	340929	60
135_SA_2	2	1	341111	60
20_SA_1	1	1	341111	60
136_LC_2	2	3	341449	30
286_PR_4	4	2	341496	60
360_LC_5	5	3	341496	10
358_PR_5	5	2	341496	70
137_PR_2	2	2	341496	150
359_LC_5	5	3	341496	10
361_SA_5	5	1	341496	10
21_NU_1	1	5	341708	90
211_NU_3	3	5	341708	40
362_PR_5	5	2	342300	240
22_PR_1	1	2	347285	60
213_LC_3	3	3	347285	90
139_PR_2	2	2	347285	60
140_SA_2	2	1	347285	50
288_SA_4	4	1	347285	60
287_PR_4	4	2	347285	90
212_SA_3	3	1	347285	40
138_VI_2	2	4	347285	90
363_VI_5	5	4	349120	10
214_VI_3	3	4	349120	25
215_PR_3	3	2	349397	45
23_SA_1	1	1	351765	90
24_PR_1	1	2	352089	100
289_LC_4	4	3	353563	110
25_PR_1	1	2	353610	90
141_NU_2	2	5	354135	150
26_NU_1	1	5	354135	420
27_LC_1	1	3	356151	180
216_SA_3	3	1	356690	80
28_SA_1	1	1	361538	30
29_SA_1	1	1	364873	60
364_PR_5	5	2	365341	1
217_SA_3	3	1	365805	150
365_SA_5	5	1	365805	120
290_SA_4	4	1	365805	60
291_SA_4	4	1	366798	150
292_PR_4	4	2	369099	50
293_PR_4	4	2	369099	165
294_SA_4	4	1	371267	90
142_LC_2	2	3	374615	50
218_SA_3	3	1	376436	120
219_SA_3	3	1	376436	90
143_SA_2	2	1	376436	180
144_SA_2	2	1	378150	90
145_LC_2	2	3	380126	60
146_SA_2	2	1	380126	165
147_LC_2	2	3	380126	30
220_PR_3	3	2	380126	60
30_PR_1	1	2	381235	60
295_LC_4	4	3	381885	60
366_SA_5	5	1	382284	20
32_SA_1	1	1	383837	90
31_SA_1	1	1	383837	90
367_PR_5	5	2	384185	15
33_LC_1	1	3	384995	150
221_PR_3	3	2	386429	35
296_SA_4	4	1	387739	90
222_PR_3	3	2	390460	60
223_PR_3	3	2	391607	40
224_PR_3	3	2	393445	50
34_LC_1	1	3	393530	80
148_SA_2	2	1	395767	90
368_PR_5	5	2	396196	5
369_SA_5	5	1	397694	120
370_SA_5	5	1	397694	140
225_SA_3	3	1	398818	80
35_SA_1	1	1	398818	105
297_SA_4	4	1	399025	100
36_LC_1	1	3	399264	60
298_PR_4	4	2	402462	120
150_SA_2	2	1	404030	120
149_SA_2	2	1	404030	235
151_SA_2	2	1	406665	120
38_PR_1	1	2	408138	80
371_PR_5	5	2	408138	30
37_PR_1	1	2	408138	60
39_LC_1	1	3	410294	90
226_PR_3	3	2	411356	65
372_LC_5	5	3	412543	60
227_LC_3	3	3	412945	120
40_SA_1	1	1	413172	60
228_SA_3	3	1	417054	100
152_LC_2	2	3	418118	1
41_LC_1	1	3	418658	120
42_PR_1	1	2	418658	60
299_LC_4	4	3	418941	60
43_SA_1	1	1	419444	207
300_SA_4	4	1	422032	105
301_SA_4	4	1	424600	75
44_PR_1	1	2	424625	25
153_PR_2	2	2	425307	230
302_SA_4	4	1	426844	90
373_SA_5	5	1	427003	60
154_PR_2	2	2	429164	170
374_PR_5	5	2	429164	105
155_SA_2	2	1	429485	240
375_PR_5	5	2	429883	170
229_SA_3	3	1	430033	60
156_PR_2	2	2	430096	80
45_VI_1	1	4	430134	75
46_SA_1	1	1	435225	90
47_SA_1	1	1	435225	90
230_PR_3	3	2	437652	30
303_LC_4	4	3	438336	60
376_PR_5	5	2	439449	75
304_VI_4	4	4	440133	120
231_SA_3	3	1	440133	80
49_SA_1	1	1	440133	60
306_SA_4	4	1	440133	270
305_PR_4	4	2	440133	25
377_PR_5	5	2	440133	30
157_SA_2	2	1	440133	150
48_SA_1	1	1	440133	60
232_PR_3	3	2	440133	120
307_SA_4	4	1	441716	120
233_SA_3	3	1	444563	40
378_PR_5	5	2	445494	30
234_LC_3	3	3	446598	60
235_LC_3	3	3	446735	120
379_LC_5	5	3	448092	60
50_LC_1	1	3	448639	80
158_PR_2	2	2	449615	85
236_VI_3	3	4	449866	90
308_PR_4	4	2	449868	30
237_PR_3	3	2	449868	70
159_SA_2	2	1	450683	55
51_SA_1	1	1	450683	90
160_PR_2	2	2	450759	60
309_PR_4	4	2	451483	60
310_PR_4	4	2	451483	120
161_LC_2	2	3	451576	180
238_SA_3	3	1	451844	60
162_SA_2	2	1	452781	1
239_SA_3	3	1	454039	180
52_PR_1	1	2	455062	30
240_PR_3	3	2	455062	60
53_NU_1	1	5	455967	90
311_PR_4	4	2	457049	60
241_SA_3	3	1	457429	20
55_LC_1	1	3	457733	60
54_LC_1	1	3	457733	60
312_PR_4	4	2	460786	50
56_LC_1	1	3	461008	150
313_PR_4	4	2	464186	50
163_PR_2	2	2	464186	120
164_NU_2	2	5	465166	90
314_SA_4	4	1	465231	20
380_LC_5	5	3	467254	234
59_SA_1	1	1	469977	60
57_SA_1	1	1	469977	60
58_SA_1	1	1	469977	60
165_SA_2	2	1	470034	120
60_LC_1	1	3	470622	90
167_SA_2	2	1	471150	60
64_SA_1	1	1	471150	10
62_SA_1	1	1	471150	150
61_SA_1	1	1	471150	30
166_SA_2	2	1	471150	40
65_SA_1	1	1	471150	30
63_SA_1	1	1	471150	75
381_SA_5	5	1	471150	60
242_LC_3	3	3	471167	40
315_SA_4	4	1	472099	180
316_NU_4	4	5	474317	60
66_PR_1	1	2	475649	75
168_SA_2	2	1	476448	60
67_SA_1	1	1	477719	60
317_LC_4	4	3	479221	45
243_SA_3	3	1	482719	120
318_SA_4	4	1	482719	240
68_SA_1	1	1	483377	120
69_VI_1	1	4	484318	60
382_PR_5	5	2	484388	30
319_PR_4	4	2	485583	90
71_PR_1	1	2	487654	520
70_SA_1	1	1	487654	180
170_SA_2	2	1	487654	120
244_SA_3	3	1	487654	80
169_LC_2	2	3	487654	135
171_PR_2	2	2	489358	65
172_NU_2	2	5	490305	60
321_SA_4	4	1	491785	240
383_SA_5	5	1	491785	240
73_PR_1	1	2	491785	120
72_SA_1	1	1	491785	195
320_SA_4	4	1	491785	120
322_SA_4	4	1	491785	90
245_SA_3	3	1	503582	160
384_SA_5	5	1	503582	240
323_SA_4	4	1	503582	120
246_LC_3	3	3	505478	100
247_SA_3	3	1	506417	90
74_SA_1	1	1	507535	60
75_SA_1	1	1	508583	75
174_SA_2	2	1	508583	360
173_SA_2	2	1	508583	55
175_SA_2	2	1	508583	90
385_SA_5	5	1	508583	60
248_SA_3	3	1	508627	60
176_SA_2	2	1	508752	90
177_PR_2	2	2	509612	50
249_SA_3	3	1	509736	75
76_SA_1	1	1	510691	100
250_SA_3	3	1	510738	60
77_SA_1	1	1	510738	120
178_NU_2	2	5	510781	20
324_SA_4	4	1	512417	130
325_PR_4	4	2	515763	180
386_SA_5	5	1	517253	90
179_PR_2	2	2	517362	100
251_PR_3	3	2	518599	60
180_LC_2	2	3	518839	60
326_SA_4	4	1	520118	1
78_SA_1	1	1	520118	60
79_SA_1	1	1	520118	100
181_LC_2	2	3	520118	120
252_SA_3	3	1	520118	55
387_SA_5	5	1	524362	90
80_SA_1	1	1	526265	90
81_SA_1	1	1	526289	60
388_SA_5	5	1	526382	60
389_SA_5	5	1	528552	90
253_SA_3	3	1	528552	60
82_VI_1	1	4	528653	30
390_LC_5	5	3	529064	180
255_PR_3	3	2	529867	150
254_PR_3	3	2	529867	60
256_PR_3	3	2	535626	90
257_SA_3	3	1	537192	5
258_SA_3	3	1	538977	120
83_SA_1	1	1	538977	240
327_SA_4	4	1	542215	120
84_LC_1	1	3	542284	15
85_PR_1	1	2	544050	70
86_PR_1	1	2	544667	90
259_SA_3	3	1	544739	110
260_SA_3	3	1	548480	120
261_SA_3	3	1	548952	90
87_SA_1	1	1	551938	60
262_SA_3	3	1	551938	120
88_LC_1	1	3	553161	120
328_LC_4	4	3	553351	120
329_LC_4	4	3	553351	90
182_LC_2	2	3	554641	60
183_NU_2	2	5	555400	20
263_SA_3	3	1	560627	60
184_SA_2	2	1	560627	15
185_SA_2	2	1	566012	35
331_SA_4	4	1	566012	160
330_SA_4	4	1	566012	120
264_SA_3	3	1	568350	65
186_PR_2	2	2	571191	120
187_SA_2	2	1	574826	210
89_PR_1	1	2	577203	70
90_SA_1	1	1	577731	90
391_LC_5	5	3	581291	75
393_PR_5	5	2	584350	150
91_PR_1	1	2	584350	120
392_PR_5	5	2	584350	35
188_VI_2	2	4	594301	100
332_PR_4	4	2	604201	120
265_PR_3	3	2	609354	100
92_SA_1	1	1	611180	60
333_VI_4	4	4	611874	90
394_PR_5	5	2	614639	75
93_SA_1	1	1	620957	90
94_NU_1	1	5	650569	160
95_SA_1	1	1	658537	140
334_SA_4	4	1	668367	30
96_VI_1	1	4	671634	50
98_PR_1	1	2	671794	10
97_PR_1	1	2	671794	20
335_SA_4	4	1	672007	30
266_SA_3	3	1	676448	80
99_SA_1	1	1	676721	75
267_NU_3	3	5	701143	50
336_VI_4	4	4	707499	240
337_PR_4	4	2	712128	1
395_SA_5	5	1	714916	90
338_SA_4	4	1	714916	60
396_SA_5	5	1	715937	60
397_SA_5	5	1	715937	10
268_SA_3	3	1	741820	90
398_NU_5	5	5	749620	150
340_SA_4	4	1	749620	60
339_SA_4	4	1	749620	140
189_PR_2	2	2	749620	80
399_SA_5	5	1	754389	60
190_SA_2	2	1	754389	30
100_PR_1	1	2	757330	60
269_SA_3	3	1	770594	40
400_PR_5	5	2	776038	45
270_PR_3	3	2	925897	75
