#cliente	day	place	penalty	service
191_PR_3	3	2	689	60
101_PR_2	2	2	689	60
1_PR_1	1	2	733	90
341_SA_5	5	1	754	70
102_SA_2	2	1	761	120
2_SA_1	1	1	767	90
103_SA_2	2	1	770	120
104_LC_2	2	3	786	120
271_PR_4	4	2	790	60
105_LC_2	2	3	797	200
342_PR_5	5	2	805	60
192_PR_3	3	2	811	130
193_LC_3	3	3	813	70
272_LC_4	4	3	817	130
273_LC_4	4	3	831	90
343_LC_5	5	3	846	45
274_SA_4	4	1	849	60
3_SA_1	1	1	855	75
106_NU_2	2	5	857	75
107_PR_2	2	2	860	30
344_LC_5	5	3	870	120
108_LC_2	2	3	870	10
345_SA_5	5	1	873	150
194_PR_3	3	2	873	20
4_LC_1	1	3	876	120
195_SA_3	3	1	881	150
5_SA_1	1	1	882	90
197_SA_3	3	1	882	120
346_LC_5	5	3	882	70
199_SA_3	3	1	882	80
196_PR_3	3	2	882	45
198_SA_3	3	1	882	60
6_SA_1	1	1	888	30
200_SA_3	3	1	888	60
201_LC_3	3	3	888	270
347_SA_5	5	1	888	20
7_SA_1	1	1	891	290
202_SA_3	3	1	891	180
8_SA_1	1	1	891	60
110_SA_2	2	1	891	120
111_SA_2	2	1	891	120
112_SA_2	2	1	891	60
109_SA_2	2	1	891	110
114_SA_2	2	1	891	60
113_SA_2	2	1	891	60
203_SA_3	3	1	891	45
115_PR_2	2	2	905	90
348_SA_5	5	1	907	60
349_SA_5	5	1	907	15
9_SA_1	1	1	908	360
10_SA_1	1	1	908	60
13_SA_1	1	1	908	60
14_SA_1	1	1	908	90
350_SA_5	5	1	908	180
12_SA_1	1	1	908	75
204_SA_3	3	1	908	80
205_SA_3	3	1	908	60
352_PR_5	5	2	908	70
11_SA_1	1	1	908	120
275_SA_4	4	1	908	90
276_SA_4	4	1	908	60
277_SA_4	4	1	908	120
120_SA_2	2	1	908	55
279_SA_4	4	1	908	300
280_NU_4	4	5	908	60
119_SA_2	2	1	908	60
124_SA_2	2	1	908	30
121_LC_2	2	3	908	45
122_SA_2	2	1	908	50
351_SA_5	5	1	908	60
118_SA_2	2	1	908	120
278_PR_4	4	2	908	150
116_SA_2	2	1	908	60
117_SA_2	2	1	908	140
123_SA_2	2	1	908	50
15_SA_1	1	1	911	240
125_SA_2	2	1	916	60
281_PR_4	4	2	916	70
282_LC_4	4	3	916	90
127_PR_2	2	2	918	80
206_PR_3	3	2	918	35
126_PR_2	2	2	918	180
353_SA_5	5	1	922	5
354_PR_5	5	2	924	30
16_SA_1	1	1	925	110
207_SA_3	3	1	925	50
128_SA_2	2	1	928	120
17_NU_1	1	5	930	180
129_NU_2	2	5	930	120
283_SA_4	4	1	931	180
355_LC_5	5	3	939	150
130_SA_2	2	1	939	90
356_SA_5	5	1	942	150
131_PR_2	2	2	942	215
18_SA_1	1	1	947	90
208_SA_3	3	1	947	90
209_SA_3	3	1	947	45
132_SA_2	2	1	947	20
19_SA_1	1	1	950	180
210_SA_3	3	1	950	180
284_SA_4	4	1	950	240
134_SA_2	2	1	952	60
133_SA_2	2	1	952	90
357_SA_5	5	1	952	60
285_SA_4	4	1	956	60
135_SA_2	2	1	958	60
20_SA_1	1	1	958	60
136_LC_2	2	3	958	30
286_PR_4	4	2	962	60
360_LC_5	5	3	962	10
358_PR_5	5	2	962	70
137_PR_2	2	2	962	150
359_LC_5	5	3	962	10
361_SA_5	5	1	962	10
21_NU_1	1	5	963	90
211_NU_3	3	5	963	40
362_PR_5	5	2	966	240
22_PR_1	1	2	972	60
213_LC_3	3	3	972	90
139_PR_2	2	2	972	60
140_SA_2	2	1	972	50
288_SA_4	4	1	972	60
287_PR_4	4	2	972	90
212_SA_3	3	1	972	40
138_VI_2	2	4	972	90
363_VI_5	5	4	972	10
214_VI_3	3	4	972	25
215_PR_3	3	2	973	45
23_SA_1	1	1	974	90
24_PR_1	1	2	974	100
289_LC_4	4	3	977	110
25_PR_1	1	2	979	90
141_NU_2	2	5	980	150
26_NU_1	1	5	980	420
27_LC_1	1	3	982	180
216_SA_3	3	1	983	80
28_SA_1	1	1	983	30
29_SA_1	1	1	988	60
364_PR_5	5	2	988	1
217_SA_3	3	1	992	150
365_SA_5	5	1	992	120
290_SA_4	4	1	992	60
291_SA_4	4	1	993	150
292_PR_4	4	2	999	50
293_PR_4	4	2	999	165
294_SA_4	4	1	1001	90
142_LC_2	2	3	1002	50
218_SA_3	3	1	1006	120
219_SA_3	3	1	1006	90
143_SA_2	2	1	1006	180
144_SA_2	2	1	1010	90
145_LC_2	2	3	1011	60
146_SA_2	2	1	1011	165
147_LC_2	2	3	1011	30
220_PR_3	3	2	1011	60
30_PR_1	1	2	1014	60
295_LC_4	4	3	1014	60
366_SA_5	5	1	1015	20
32_SA_1	1	1	1015	90
31_SA_1	1	1	1015	90
367_PR_5	5	2	1015	15
33_LC_1	1	3	1016	150
221_PR_3	3	2	1018	35
296_SA_4	4	1	1020	90
222_PR_3	3	2	1020	60
223_PR_3	3	2	1020	40
224_PR_3	3	2	1020	50
34_LC_1	1	3	1021	80
148_SA_2	2	1	1021	90
368_PR_5	5	2	1022	5
369_SA_5	5	1	1024	120
370_SA_5	5	1	1024	140
225_SA_3	3	1	1024	80
35_SA_1	1	1	1024	105
297_SA_4	4	1	1025	100
36_LC_1	1	3	1025	60
298_PR_4	4	2	1026	120
150_SA_2	2	1	1026	120
149_SA_2	2	1	1026	235
151_SA_2	2	1	1029	120
38_PR_1	1	2	1029	80
371_PR_5	5	2	1029	30
37_PR_1	1	2	1029	60
39_LC_1	1	3	1030	90
226_PR_3	3	2	1033	65
372_LC_5	5	3	1035	60
227_LC_3	3	3	1036	120
40_SA_1	1	1	1037	60
228_SA_3	3	1	1041	100
152_LC_2	2	3	1042	1
41_LC_1	1	3	1042	120
42_PR_1	1	2	1042	60
299_LC_4	4	3	1050	60
43_SA_1	1	1	1051	207
300_SA_4	4	1	1051	105
301_SA_4	4	1	1051	75
44_PR_1	1	2	1055	25
153_PR_2	2	2	1055	230
302_SA_4	4	1	1055	90
373_SA_5	5	1	1057	60
154_PR_2	2	2	1058	170
374_PR_5	5	2	1058	105
155_SA_2	2	1	1062	240
375_PR_5	5	2	1064	170
229_SA_3	3	1	1064	60
156_PR_2	2	2	1070	80
45_VI_1	1	4	1071	75
46_SA_1	1	1	1071	90
47_SA_1	1	1	1071	90
230_PR_3	3	2	1073	30
303_LC_4	4	3	1074	60
376_PR_5	5	2	1076	75
304_VI_4	4	4	1077	120
231_SA_3	3	1	1077	80
49_SA_1	1	1	1077	60
306_SA_4	4	1	1077	270
305_PR_4	4	2	1077	25
377_PR_5	5	2	1077	30
157_SA_2	2	1	1077	150
48_SA_1	1	1	1077	60
232_PR_3	3	2	1077	120
307_SA_4	4	1	1078	120
233_SA_3	3	1	1078	40
378_PR_5	5	2	1079	30
234_LC_3	3	3	1080	60
235_LC_3	3	3	1082	120
379_LC_5	5	3	1083	60
50_LC_1	1	3	1089	80
158_PR_2	2	2	1091	85
236_VI_3	3	4	1095	90
308_PR_4	4	2	1098	30
237_PR_3	3	2	1098	70
159_SA_2	2	1	1100	55
51_SA_1	1	1	1100	90
160_PR_2	2	2	1103	60
309_PR_4	4	2	1104	60
310_PR_4	4	2	1104	120
161_LC_2	2	3	1104	180
238_SA_3	3	1	1107	60
162_SA_2	2	1	1109	1
239_SA_3	3	1	1110	180
52_PR_1	1	2	1116	30
240_PR_3	3	2	1116	60
53_NU_1	1	5	1120	90
311_PR_4	4	2	1121	60
241_SA_3	3	1	1122	20
55_LC_1	1	3	1122	60
54_LC_1	1	3	1122	60
312_PR_4	4	2	1126	50
56_LC_1	1	3	1128	150
313_PR_4	4	2	1128	50
163_PR_2	2	2	1128	120
164_NU_2	2	5	1133	90
314_SA_4	4	1	1133	20
380_LC_5	5	3	1135	234
59_SA_1	1	1	1139	60
57_SA_1	1	1	1139	60
58_SA_1	1	1	1139	60
165_SA_2	2	1	1142	120
60_LC_1	1	3	1144	90
167_SA_2	2	1	1145	60
64_SA_1	1	1	1145	10
62_SA_1	1	1	1145	150
61_SA_1	1	1	1145	30
166_SA_2	2	1	1145	40
65_SA_1	1	1	1145	30
63_SA_1	1	1	1145	75
381_SA_5	5	1	1145	60
242_LC_3	3	3	1145	40
315_SA_4	4	1	1148	180
316_NU_4	4	5	1148	60
66_PR_1	1	2	1150	75
168_SA_2	2	1	1154	60
67_SA_1	1	1	1156	60
317_LC_4	4	3	1158	45
243_SA_3	3	1	1163	120
318_SA_4	4	1	1163	240
68_SA_1	1	1	1165	120
69_VI_1	1	4	1166	60
382_PR_5	5	2	1168	30
319_PR_4	4	2	1169	90
71_PR_1	1	2	1170	520
70_SA_1	1	1	1170	180
170_SA_2	2	1	1170	120
244_SA_3	3	1	1170	80
169_LC_2	2	3	1170	135
171_PR_2	2	2	1172	65
172_NU_2	2	5	1178	60
321_SA_4	4	1	1178	240
383_SA_5	5	1	1178	240
73_PR_1	1	2	1178	120
72_SA_1	1	1	1178	195
320_SA_4	4	1	1178	120
322_SA_4	4	1	1178	90
245_SA_3	3	1	1178	160
384_SA_5	5	1	1178	240
323_SA_4	4	1	1178	120
246_LC_3	3	3	1179	100
247_SA_3	3	1	1182	90
74_SA_1	1	1	1183	60
75_SA_1	1	1	1183	75
174_SA_2	2	1	1183	360
173_SA_2	2	1	1183	55
175_SA_2	2	1	1183	90
385_SA_5	5	1	1183	60
248_SA_3	3	1	1186	60
176_SA_2	2	1	1186	90
177_PR_2	2	2	1189	50
249_SA_3	3	1	1192	75
76_SA_1	1	1	1193	100
250_SA_3	3	1	1197	60
77_SA_1	1	1	1197	120
178_NU_2	2	5	1198	20
324_SA_4	4	1	1198	130
325_PR_4	4	2	1201	180
386_SA_5	5	1	1207	90
179_PR_2	2	2	1209	100
251_PR_3	3	2	1209	60
180_LC_2	2	3	1213	60
326_SA_4	4	1	1213	1
78_SA_1	1	1	1213	60
79_SA_1	1	1	1213	100
181_LC_2	2	3	1213	120
252_SA_3	3	1	1213	55
387_SA_5	5	1	1220	90
80_SA_1	1	1	1222	90
81_SA_1	1	1	1229	60
388_SA_5	5	1	1230	60
389_SA_5	5	1	1232	90
253_SA_3	3	1	1232	60
82_VI_1	1	4	1237	30
390_LC_5	5	3	1237	180
255_PR_3	3	2	1241	150
254_PR_3	3	2	1241	60
256_PR_3	3	2	1242	90
257_SA_3	3	1	1246	5
258_SA_3	3	1	1247	120
83_SA_1	1	1	1247	240
327_SA_4	4	1	1248	120
84_LC_1	1	3	1248	15
85_PR_1	1	2	1250	70
86_PR_1	1	2	1258	90
259_SA_3	3	1	1260	110
260_SA_3	3	1	1261	120
261_SA_3	3	1	1265	90
87_SA_1	1	1	1270	60
262_SA_3	3	1	1270	120
88_LC_1	1	3	1271	120
328_LC_4	4	3	1273	120
329_LC_4	4	3	1273	90
182_LC_2	2	3	1274	60
183_NU_2	2	5	1278	20
263_SA_3	3	1	1281	60
184_SA_2	2	1	1281	15
185_SA_2	2	1	1282	35
331_SA_4	4	1	1282	160
330_SA_4	4	1	1282	120
264_SA_3	3	1	1285	65
186_PR_2	2	2	1286	120
187_SA_2	2	1	1294	210
89_PR_1	1	2	1304	70
90_SA_1	1	1	1316	90
391_LC_5	5	3	1317	75
393_PR_5	5	2	1319	150
91_PR_1	1	2	1319	120
392_PR_5	5	2	1319	35
188_VI_2	2	4	1319	100
332_PR_4	4	2	1325	120
265_PR_3	3	2	1327	100
92_SA_1	1	1	1342	60
333_VI_4	4	4	1343	90
394_PR_5	5	2	1349	75
93_SA_1	1	1	1351	90
94_NU_1	1	5	1354	160
95_SA_1	1	1	1357	140
334_SA_4	4	1	1371	30
96_VI_1	1	4	1374	50
98_PR_1	1	2	1378	10
97_PR_1	1	2	1378	20
335_SA_4	4	1	1386	30
266_SA_3	3	1	1398	80
99_SA_1	1	1	1400	75
267_NU_3	3	5	1409	50
336_VI_4	4	4	1411	240
337_PR_4	4	2	1412	1
395_SA_5	5	1	1436	90
338_SA_4	4	1	1436	60
396_SA_5	5	1	1438	60
397_SA_5	5	1	1438	10
268_SA_3	3	1	1454	90
398_NU_5	5	5	1497	150
340_SA_4	4	1	1497	60
339_SA_4	4	1	1497	140
189_PR_2	2	2	1497	80
399_SA_5	5	1	1524	60
190_SA_2	2	1	1524	30
100_PR_1	1	2	1539	60
269_SA_3	3	1	1561	40
400_PR_5	5	2	1610	45
270_PR_3	3	2	1916	75
