#Nombre	DiaAten	ModelId		T.Servicio	Penalty
191_PR_3	-4	1	60	1378
101_PR_2	-3	1	60	1378
1_PR_1	-2	1	90	1466
341_SA_5	-6	1	70	1508
102_SA_2	-3	2	120	1522
2_SA_1	-2	2	90	1534
103_SA_2	-3	3	120	1540
104_LC_2	-3	4	120	1572
271_PR_4	-5	1	60	1580
105_LC_2	-3	5	200	1594
342_PR_5	-6	2	60	1610
192_PR_3	-4	2	130	1622
193_LC_3	-4	3	70	1626
272_LC_4	-5	2	130	1634
273_LC_4	-5	3	90	1662
343_LC_5	-6	3	45	1692
274_SA_4	-5	4	60	1698
3_SA_1	-2	3	75	1710
106_NU_2	-3	6	75	1714
107_PR_2	-3	7	30	1720
344_LC_5	-6	4	120	1740
108_LC_2	-3	8	10	1740
345_SA_5	-6	5	150	1746
194_PR_3	-4	4	20	1746
4_LC_1	-2	4	120	1752
195_SA_3	-4	5	150	1762
5_SA_1	-2	5	90	1764
197_SA_3	3	6	120	882
346_LC_5	-6	6	70	1764
199_SA_3	-4	7	80	1764
196_PR_3	-4	8	45	1764
198_SA_3	-4	9	60	1764
6_SA_1	-2	6	30	1776
200_SA_3	-4	10	60	1776
201_LC_3	-4	11	270	1776
347_SA_5	-6	7	20	1776
7_SA_1	-2	7	290	1782
202_SA_3	-4	12	180	1782
8_SA_1	-2	8	60	1782
110_SA_2	-3	9	120	1782
111_SA_2	-3	10	120	1782
112_SA_2	-3	11	60	1782
109_SA_2	-3	12	110	1782
114_SA_2	-3	13	60	1782
113_SA_2	-3	14	60	1782
203_SA_3	-4	13	45	1782
115_PR_2	-3	15	90	1810
348_SA_5	-6	8	60	1814
349_SA_5	-6	9	15	1814
9_SA_1	-2	9	360	1816
10_SA_1	-2	10	60	1816
13_SA_1	-2	11	60	1816
14_SA_1	-2	12	90	1816
350_SA_5	-6	10	180	1816
12_SA_1	-2	13	75	1816
204_SA_3	-4	14	80	1816
205_SA_3	-4	15	60	1816
352_PR_5	-6	11	70	1816
11_SA_1	-2	14	120	1816
275_SA_4	-5	5	90	1816
276_SA_4	-5	6	60	1816
277_SA_4	-5	7	120	1816
120_SA_2	-3	16	55	1816
279_SA_4	-5	8	300	1816
280_NU_4	-5	9	60	1816
119_SA_2	-3	17	60	1816
124_SA_2	-3	18	30	1816
121_LC_2	-3	19	45	1816
122_SA_2	-3	20	50	1816
351_SA_5	-6	12	60	1816
118_SA_2	-3	21	120	1816
278_PR_4	-5	10	150	1816
116_SA_2	-3	22	60	1816
117_SA_2	-3	23	140	1816
123_SA_2	-3	24	50	1816
15_SA_1	-2	15	240	1822
125_SA_2	-3	25	60	1832
281_PR_4	-5	11	70	1832
282_LC_4	-5	12	90	1832
127_PR_2	-3	26	80	1836
206_PR_3	-4	16	35	1836
126_PR_2	-3	27	180	1836
353_SA_5	-6	13	5	1844
354_PR_5	-6	14	30	1848
16_SA_1	-2	16	110	1850
207_SA_3	-4	17	50	1850
128_SA_2	-3	28	120	1856
17_NU_1	-2	17	180	1860
129_NU_2	-3	29	120	1860
283_SA_4	-5	13	180	1862
355_LC_5	-6	15	150	1878
130_SA_2	-3	30	90	1878
356_SA_5	-6	16	150	1884
131_PR_2	-3	31	215	1884
18_SA_1	-2	18	90	1894
208_SA_3	-4	18	90	1894
209_SA_3	-4	19	45	1894
132_SA_2	-3	32	20	1894
19_SA_1	-2	19	180	1900
210_SA_3	-4	20	180	1900
284_SA_4	-5	14	240	1900
134_SA_2	-3	33	60	1904
133_SA_2	-3	34	90	1904
357_SA_5	-6	17	60	1904
285_SA_4	-5	15	60	1912
135_SA_2	-3	35	60	1916
20_SA_1	-2	20	60	1916
136_LC_2	-3	36	30	1916
286_PR_4	-5	16	60	1924
360_LC_5	-6	18	10	1924
358_PR_5	-6	19	70	1924
137_PR_2	-3	37	150	1924
359_LC_5	-6	20	10	1924
361_SA_5	-6	21	10	1924
21_NU_1	-2	21	90	1926
211_NU_3	-4	21	40	1926
362_PR_5	-6	22	240	1932
22_PR_1	-2	22	60	1944
213_LC_3	-4	22	90	1944
139_PR_2	-3	38	60	1944
140_SA_2	-3	39	50	1944
288_SA_4	-5	17	60	1944
287_PR_4	-5	18	90	1944
212_SA_3	3	23	40	972
138_VI_2	-3	40	90	1944
363_VI_5	-6	23	10	1944
214_VI_3	-4	24	25	1944
215_PR_3	-4	25	45	1946
23_SA_1	-2	23	90	1948
24_PR_1	-2	24	100	1948
289_LC_4	-5	19	110	1954
25_PR_1	-2	25	90	1958
141_NU_2	-3	41	150	1960
26_NU_1	-2	26	420	1960
27_LC_1	-2	27	180	1964
216_SA_3	-4	26	80	1966
28_SA_1	-2	28	30	1966
29_SA_1	-2	29	60	1976
364_PR_5	-6	24	1	1976
217_SA_3	-4	27	150	1984
365_SA_5	-6	25	120	1984
290_SA_4	-5	20	60	1984
291_SA_4	-5	21	150	1986
292_PR_4	-5	22	50	1998
293_PR_4	-5	23	165	1998
294_SA_4	-5	24	90	2002
142_LC_2	-3	42	50	2004
218_SA_3	-4	28	120	2012
219_SA_3	-4	29	90	2012
143_SA_2	-3	43	180	2012
144_SA_2	-3	44	90	2020
145_LC_2	-3	45	60	2022
146_SA_2	-3	46	165	2022
147_LC_2	-3	47	30	2022
220_PR_3	-4	30	60	2022
30_PR_1	-2	30	60	2028
295_LC_4	-5	25	60	2028
366_SA_5	-6	26	20	2030
32_SA_1	-2	31	90	2030
31_SA_1	-2	32	90	2030
367_PR_5	-6	27	15	2030
33_LC_1	-2	33	150	2032
221_PR_3	-4	31	35	2036
296_SA_4	-5	26	90	2040
222_PR_3	-4	32	60	2040
223_PR_3	-4	33	40	2040
224_PR_3	-4	34	50	2040
34_LC_1	-2	34	80	2042
148_SA_2	-3	48	90	2042
368_PR_5	-6	28	5	2044
369_SA_5	-6	29	120	2048
370_SA_5	-6	30	140	2048
225_SA_3	-4	35	80	2048
35_SA_1	-2	35	105	2048
297_SA_4	-5	27	100	2050
36_LC_1	-2	36	60	2050
298_PR_4	-5	28	120	2052
150_SA_2	-3	49	120	2052
149_SA_2	-3	50	235	2052
151_SA_2	-3	51	120	2058
38_PR_1	-2	37	80	2058
371_PR_5	-6	31	30	2058
37_PR_1	-2	38	60	2058
39_LC_1	-2	39	90	2060
226_PR_3	-4	36	65	2066
372_LC_5	-6	32	60	2070
227_LC_3	-4	37	120	2072
40_SA_1	-2	40	60	2074
228_SA_3	-4	38	100	2082
152_LC_2	-3	52	1	2084
41_LC_1	-2	41	120	2084
42_PR_1	-2	42	60	2084
299_LC_4	-5	29	60	2100
43_SA_1	-2	43	207	2102
300_SA_4	-5	30	105	2102
301_SA_4	-5	31	75	2102
44_PR_1	-2	44	25	2110
153_PR_2	-3	53	230	2110
302_SA_4	-5	32	90	2110
373_SA_5	-6	33	60	2114
154_PR_2	-3	54	170	2116
374_PR_5	-6	34	105	2116
155_SA_2	-3	55	240	2124
375_PR_5	-6	35	170	2128
229_SA_3	-4	39	60	2128
156_PR_2	-3	56	80	2140
45_VI_1	-2	45	75	2142
46_SA_1	1	46	90	1071
47_SA_1	-2	47	90	2142
230_PR_3	-4	40	30	2146
303_LC_4	-5	33	60	2148
376_PR_5	-6	36	75	2152
304_VI_4	-5	34	120	2154
231_SA_3	-4	41	80	2154
49_SA_1	-2	48	60	2154
306_SA_4	-5	35	270	2154
305_PR_4	-5	36	25	2154
377_PR_5	-6	37	30	2154
157_SA_2	-3	57	150	2154
48_SA_1	-2	49	60	2154
232_PR_3	-4	42	120	2154
307_SA_4	-5	37	120	2156
233_SA_3	-4	43	40	2156
378_PR_5	-6	38	30	2158
234_LC_3	-4	44	60	2160
235_LC_3	-4	45	120	2164
379_LC_5	-6	39	60	2166
50_LC_1	-2	50	80	2178
158_PR_2	-3	58	85	2182
236_VI_3	-4	46	90	2190
308_PR_4	-5	38	30	2196
237_PR_3	-4	47	70	2196
159_SA_2	-3	59	55	2200
51_SA_1	-2	51	90	2200
160_PR_2	-3	60	60	2206
309_PR_4	-5	39	60	2208
310_PR_4	-5	40	120	2208
161_LC_2	-3	61	180	2208
238_SA_3	-4	48	60	2214
162_SA_2	-3	62	1	2218
239_SA_3	-4	49	180	2220
52_PR_1	-2	52	30	2232
240_PR_3	-4	50	60	2232
53_NU_1	-2	53	90	2240
311_PR_4	-5	41	60	2242
241_SA_3	-4	51	20	2244
55_LC_1	-2	54	60	2244
54_LC_1	-2	55	60	2244
312_PR_4	-5	42	50	2252
56_LC_1	-2	56	150	2256
313_PR_4	-5	43	50	2256
163_PR_2	-3	63	120	2256
164_NU_2	-3	64	90	2266
314_SA_4	-5	44	20	2266
380_LC_5	-6	40	234	2270
59_SA_1	-2	57	60	2278
57_SA_1	-2	58	60	2278
58_SA_1	-2	59	60	2278
165_SA_2	-3	65	120	2284
60_LC_1	-2	60	90	2288
167_SA_2	-3	66	60	2290
64_SA_1	-2	61	10	2290
62_SA_1	-2	62	150	2290
61_SA_1	-2	63	30	2290
166_SA_2	-3	67	40	2290
65_SA_1	-2	64	30	2290
63_SA_1	-2	65	75	2290
381_SA_5	-6	41	60	2290
242_LC_3	-4	52	40	2290
315_SA_4	-5	45	180	2296
316_NU_4	-5	46	60	2296
66_PR_1	-2	66	75	2300
168_SA_2	-3	68	60	2308
67_SA_1	-2	67	60	2312
317_LC_4	-5	47	45	2316
243_SA_3	-4	53	120	2326
318_SA_4	-5	48	240	2326
68_SA_1	-2	68	120	2330
69_VI_1	-2	69	60	2332
382_PR_5	-6	42	30	2336
319_PR_4	-5	49	90	2338
71_PR_1	-2	70	520	2340
70_SA_1	-2	71	180	2340
170_SA_2	-3	69	120	2340
244_SA_3	-4	54	80	2340
169_LC_2	-3	70	135	2340
171_PR_2	-3	71	65	2344
172_NU_2	-3	72	60	2356
321_SA_4	-5	50	240	2356
383_SA_5	-6	43	240	2356
73_PR_1	1	72	120	1178
72_SA_1	-2	73	195	2356
320_SA_4	-5	51	120	2356
322_SA_4	-5	52	90	2356
245_SA_3	-4	55	160	2356
384_SA_5	-6	44	240	2356
323_SA_4	-5	53	120	2356
246_LC_3	-4	56	100	2358
247_SA_3	-4	57	90	2364
74_SA_1	1	74	60	1183
75_SA_1	1	75	75	1183
174_SA_2	-3	73	360	2366
173_SA_2	-3	74	55	2366
175_SA_2	-3	75	90	2366
385_SA_5	-6	45	60	2366
248_SA_3	-4	58	60	2372
176_SA_2	-3	76	90	2372
177_PR_2	-3	77	50	2378
249_SA_3	-4	59	75	2384
76_SA_1	1	76	100	1193
250_SA_3	-4	60	60	2394
77_SA_1	1	77	120	1197
178_NU_2	-3	78	20	2396
324_SA_4	-5	54	130	2396
325_PR_4	-5	55	180	2402
386_SA_5	-6	46	90	2414
179_PR_2	-3	79	100	2418
251_PR_3	-4	61	60	2418
180_LC_2	-3	80	60	2426
326_SA_4	-5	56	1	2426
78_SA_1	1	78	60	1213
79_SA_1	1	79	100	1213
181_LC_2	-3	81	120	2426
252_SA_3	-4	62	55	2426
387_SA_5	-6	47	90	2440
80_SA_1	1	80	90	1222
81_SA_1	1	81	60	1229
388_SA_5	-6	48	60	2460
389_SA_5	-6	49	90	2464
253_SA_3	-4	63	60	2464
82_VI_1	1	82	30	1237
390_LC_5	-6	50	180	2474
255_PR_3	-4	64	150	2482
254_PR_3	-4	65	60	2482
256_PR_3	-4	66	90	2484
257_SA_3	-4	67	5	2492
258_SA_3	-4	68	120	2494
83_SA_1	1	83	240	1247
327_SA_4	-5	57	120	2496
84_LC_1	1	84	15	1248
85_PR_1	1	85	70	1250
86_PR_1	1	86	90	1258
259_SA_3	-4	69	110	2520
260_SA_3	-4	70	120	2522
261_SA_3	-4	71	90	2530
87_SA_1	1	87	60	1270
262_SA_3	-4	72	120	2540
88_LC_1	1	88	120	1271
328_LC_4	-5	58	120	2546
329_LC_4	-5	59	90	2546
182_LC_2	-3	82	60	2548
183_NU_2	-3	83	20	2556
263_SA_3	-4	73	60	2562
184_SA_2	-3	84	15	2562
185_SA_2	-3	85	35	2564
331_SA_4	-5	60	160	2564
330_SA_4	-5	61	120	2564
264_SA_3	-4	74	65	2570
186_PR_2	-3	86	120	2572
187_SA_2	-3	87	210	2588
89_PR_1	1	89	70	1304
90_SA_1	1	90	90	1316
391_LC_5	-6	51	75	2634
393_PR_5	-6	52	150	2638
91_PR_1	1	91	120	1319
392_PR_5	-6	53	35	2638
188_VI_2	-3	88	100	2638
332_PR_4	-5	62	120	2650
265_PR_3	-4	75	100	2654
92_SA_1	1	92	60	1342
333_VI_4	-5	63	90	2686
394_PR_5	-6	54	75	2698
93_SA_1	1	93	90	1351
94_NU_1	1	94	160	1354
95_SA_1	1	95	140	1357
334_SA_4	-5	64	30	2742
96_VI_1	1	96	50	1374
98_PR_1	1	97	10	1378
97_PR_1	1	98	20	1378
335_SA_4	-5	65	30	2772
266_SA_3	-4	76	80	2796
99_SA_1	1	99	75	1400
267_NU_3	3	77	50	1409
336_VI_4	-5	66	240	2822
337_PR_4	-5	67	1	2824
395_SA_5	-6	55	90	2872
338_SA_4	-5	68	60	2872
396_SA_5	-6	56	60	2876
397_SA_5	-6	57	10	2876
268_SA_3	-4	78	90	2908
398_NU_5	-6	58	150	2994
340_SA_4	-5	69	60	2994
339_SA_4	-5	70	140	2994
189_PR_2	-3	89	80	2994
399_SA_5	-6	59	60	3048
190_SA_2	-3	90	30	3048
100_PR_1	1	100	60	1539
269_SA_3	-4	79	40	3122
400_PR_5	-6	60	45	3220
270_PR_3	-4	80	75	3832
