Iter 101
MasterProb = 77844.8

s [*] :=
1  96
2  37
3   2
4  25
5  71
;

SubProb = -15158.9
d = 89

distanceCost*(sum{l in 1 .. Lcap - 1} t[l]) = 4345

Iter 102
MasterProb = 77694.5

s [*] :=
1  37
2  32
3  84
4   5
5  22
;

SubProb = -11994.5
d = 0

distanceCost*(sum{l in 1 .. Lcap - 1} t[l]) = 5500

Iter 103
MasterProb = 75183.1

s [*] :=
1  89
2  39
3  80
4   3
5  64
;

SubProb = -9203.68
d = 0

distanceCost*(sum{l in 1 .. Lcap - 1} t[l]) = 4290

Iter 104
MasterProb = 74106.9

s [*] :=
1  98
2  82
3  23
4  64
5  11
;

SubProb = -5701.63
d = 0

distanceCost*(sum{l in 1 .. Lcap - 1} t[l]) = 4125

Iter 105
MasterProb = 72912.3

s [*] :=
1   2
2  84
3  24
4  92
5  21
;

SubProb = -5529.82
d = 0

distanceCost*(sum{l in 1 .. Lcap - 1} t[l]) = 4950

Iter 106
MasterProb = 71880.2

s [*] :=
1  36
2  53
3  72
4  51
5  63
;

SubProb = -2144.09
d = 0

distanceCost*(sum{l in 1 .. Lcap - 1} t[l]) = 3795

Iter 107
MasterProb = 71714.5

s [*] :=
1  93
2   5
3  42
4  58
5  87
;

SubProb = -4016.13
d = 0

distanceCost*(sum{l in 1 .. Lcap - 1} t[l]) = 4070

Iter 108
MasterProb = 70934.5

s [*] :=
1  52
2  58
3  59
4  82
5  98
;

SubProb = -2814.38
d = 0

distanceCost*(sum{l in 1 .. Lcap - 1} t[l]) = 4400

Iter 109
MasterProb = 70597.6

s [*] :=
1  25
2  57
3  32
4   3
5  51
;

SubProb = -4249.69
d = 0

distanceCost*(sum{l in 1 .. Lcap - 1} t[l]) = 3795

Iter 110
MasterProb = 69566.6

s [*] :=
1  63
2  32
3  50
4  45
5  80
;

SubProb = -2306.62
d = 0

distanceCost*(sum{l in 1 .. Lcap - 1} t[l]) = 4785

Iter 111
MasterProb = 69486.7

s [*] :=
1  98
2  86
3   6
4   4
5  24
;

SubProb = -3028.33
d = 0

distanceCost*(sum{l in 1 .. Lcap - 1} t[l]) = 4345

Iter 112
MasterProb = 69228.8

s [*] :=
1  80
2  40
3  21
4  96
5  37
;

SubProb = -5743.36
d = 0

distanceCost*(sum{l in 1 .. Lcap - 1} t[l]) = 4345

Iter 113
MasterProb = 68699.7

s [*] :=
1  25
2  31
3  61
4   3
5  42
;

SubProb = -3665.53
d = 0

distanceCost*(sum{l in 1 .. Lcap - 1} t[l]) = 4070

Iter 114
MasterProb = 68406.7

s [*] :=
1  75
2  22
3  21
4  34
5  69
;

SubProb = -5495.23
d = 0

distanceCost*(sum{l in 1 .. Lcap - 1} t[l]) = 3740

Iter 115
MasterProb = 67565.1

s [*] :=
1  92
2  23
3  31
4  49
5  51
;

SubProb = -4956.78
d = 0

distanceCost*(sum{l in 1 .. Lcap - 1} t[l]) = 3520

Iter 116
MasterProb = 66843.1

s [*] :=
1  79
2  75
3  98
4  97
5  53
;

SubProb = -2999.93
d = 0

distanceCost*(sum{l in 1 .. Lcap - 1} t[l]) = 3300

Iter 117
MasterProb = 66468.1

s [*] :=
1  41
2  38
3  37
4  84
5  75
;

SubProb = -2067.64
d = 0

distanceCost*(sum{l in 1 .. Lcap - 1} t[l]) = 4125

Iter 118
MasterProb = 66142.1

s [*] :=
1  63
2  52
3   6
4  33
5  50
;

SubProb = -2076.93
d = 0

distanceCost*(sum{l in 1 .. Lcap - 1} t[l]) = 4510

Iter 119
MasterProb = 65931.5

s [*] :=
1   2
2  53
3  21
4  92
5  11
;

SubProb = -1230.29
d = 0

distanceCost*(sum{l in 1 .. Lcap - 1} t[l]) = 4070

Iter 120
MasterProb = 65878.9

s [*] :=
1   94
2   53
3  100
4   63
5   98
;

SubProb = -2956.36
d = 0

distanceCost*(sum{l in 1 .. Lcap - 1} t[l]) = 3575

Iter 121
MasterProb = 65655.5

s [*] :=
1  72
2   5
3  38
4  44
5  79
;

SubProb = 495.498
d = 0

distanceCost*(sum{l in 1 .. Lcap - 1} t[l]) = 4125

Problema Entero
MasterProb = 92728

fo1 = 46250
fo2 = 46478

x[j] [*] :=
  3  1
 15  1
 32  1
 69  1
 70  1
 71  1
118  1
122  1
132  1
170  1
181  1
201  1
215  1
230  1
239  1
250  1
276  1
284  1
311  1
313  1
;

aa[i,j] [*,*]
:     3  15  32  69  70  71 118 122 132 170 181 201 215 230 239 250 276 284 311 :=
1     0   0   0   0   0   0   0   0   0   0   0   0   0   0   0   0   0   0   0
2     0   0   0   0   0   0   0   0   0   0   0   0   0   0   0   0   0   1   0
3     1   0   0   0   0   0   0   0   0   0   0   0   0   0   0   0   0   0   0
4     0   0   0   0   0   0   0   0   0   1   0   0   0   0   0   0   0   0   0
5     0   0   0   0   0   0   0   0   0   0   0   0   1   0   0   0   0   0   0
6     0   0   0   0   0   0   0   0   0   0   0   0   1   0   0   0   0   0   0
7     0   0   0   0   0   0   0   0   0   0   0   0   0   0   1   0   0   0   0
8     0   0   0   0   0   0   1   0   0   0   0   0   0   0   0   0   0   0   0
9     0   0   0   0   0   0   0   0   0   0   0   0   0   0   0   0   0   0   0
10    0   0   0   0   0   0   0   0   0   0   0   0   0   1   0   0   0   0   0
11    0   0   0   0   0   0   0   0   0   0   0   0   0   0   0   0   0   0   0
12    0   0   0   0   0   0   0   0   0   1   0   0   0   0   0   0   0   0   0
13    0   0   0   0   0   0   0   0   0   0   0   0   0   0   0   0   0   0   0
14    0   0   0   0   0   0   0   0   0   0   0   0   0   0   0   0   0   0   0
15    0   1   0   0   0   0   0   0   0   0   0   0   0   0   0   0   0   0   0
16    0   0   0   0   0   0   0   0   0   0   0   0   0   0   0   0   0   0   0
17    0   0   0   0   0   0   1   0   0   0   0   0   0   0   0   0   0   0   0
18    0   0   0   0   0   0   0   0   0   0   0   0   0   0   0   0   0   0   0
19    0   0   0   0   0   0   0   0   0   0   0   0   0   1   0   0   0   0   0
20    0   0   0   0   0   0   0   0   0   0   1   0   0   0   0   0   0   0   0
21    0   0   0   0   0   0   0   0   0   0   0   0   0   0   0   1   0   0   0
22    0   0   0   0   0   0   0   0   1   0   0   0   0   0   0   0   0   0   0
23    0   0   0   0   0   0   0   0   0   0   0   0   0   0   0   0   0   0   1
24    0   0   0   0   0   0   0   0   1   0   0   0   0   0   0   0   0   0   0
25    0   0   0   0   0   0   0   0   0   0   0   0   0   0   0   1   0   0   0
26    0   0   0   0   0   0   0   0   0   0   0   0   0   0   0   0   0   0   0
27    0   0   0   0   0   0   0   0   0   0   0   0   0   0   0   0   1   0   0
28    0   0   0   0   0   0   0   0   0   0   0   0   0   0   0   0   0   0   0
29    0   0   0   0   0   0   0   0   0   0   0   0   0   0   0   0   0   1   0
30    0   0   0   0   0   0   0   0   0   0   0   0   0   0   0   0   1   0   0
31    0   0   0   0   0   0   0   0   0   0   0   0   0   0   0   0   0   0   1
32    0   0   1   0   0   0   0   0   0   0   0   0   0   0   0   0   0   0   0
33    0   0   0   0   0   0   0   0   0   0   0   0   0   0   1   0   0   0   0
34    0   0   0   0   0   0   1   0   0   0   0   0   0   0   0   0   0   0   0
35    0   0   0   0   0   0   0   0   0   0   0   0   0   0   0   1   0   0   0
36    0   0   0   0   0   0   0   1   0   0   0   0   0   0   0   0   0   0   0
37    0   0   0   0   0   0   0   0   0   0   0   0   0   0   0   0   0   0   0
38    0   0   0   0   0   0   0   0   0   0   0   0   0   0   0   0   0   0   0
39    0   0   0   0   0   0   1   0   0   0   0   0   0   0   0   0   0   0   0
40    0   0   0   0   0   0   0   1   0   0   0   0   0   0   0   0   0   0   0
41    0   0   0   0   0   0   0   0   0   0   0   0   0   0   0   0   0   0   0
42    0   0   0   0   0   0   0   0   0   0   0   0   0   0   0   0   0   0   0
43    0   0   0   0   0   0   0   0   0   0   0   0   0   0   0   0   0   0   0
44    0   0   0   0   0   0   0   0   0   0   0   0   0   0   0   0   0   0   0
45    0   0   0   0   0   0   0   1   0   0   0   0   0   0   0   0   0   0   0
46    0   0   0   0   0   0   0   0   0   0   0   0   0   0   0   0   0   0   0
47    0   0   0   0   0   0   0   0   0   0   0   0   0   0   0   0   0   0   0
48    0   0   0   0   0   0   0   0   0   0   0   0   0   0   0   0   0   0   0
49    0   0   0   0   0   0   0   0   0   0   0   0   0   0   0   0   0   0   1
50    0   0   0   0   0   0   0   0   0   0   0   0   0   0   0   0   1   0   0
51    0   0   0   0   0   0   0   0   0   0   0   0   0   0   0   0   0   0   1
52    0   0   0   0   0   0   0   0   0   0   0   0   0   0   0   0   0   0   0
53    0   0   0   0   0   0   0   0   0   0   1   0   0   0   0   0   0   0   0
54    0   0   0   0   0   0   0   0   0   0   0   0   0   0   0   0   0   0   0
55    0   0   0   0   0   0   0   1   0   0   0   0   0   0   0   0   0   0   0
56    0   0   0   0   0   0   0   0   0   0   0   0   0   0   0   0   0   0   0
57    0   0   0   0   0   0   0   0   0   0   0   1   0   0   0   0   0   0   0
58    0   0   0   0   0   0   0   0   0   0   1   0   0   0   0   0   0   0   0
59    0   0   0   0   0   0   0   0   0   0   0   0   0   0   0   0   0   0   0
60    0   0   0   0   0   0   0   0   0   0   0   0   0   0   0   0   0   0   0
61    0   0   0   0   0   0   0   0   0   0   0   0   0   0   0   0   0   1   0
62    0   0   0   0   0   0   0   1   0   0   0   0   0   0   0   0   0   0   0
63    0   0   0   0   0   0   0   0   0   0   1   0   0   0   0   0   0   0   0
64    0   0   0   0   0   0   0   0   0   1   0   0   0   0   0   0   0   0   0
65    0   0   0   0   0   0   0   0   0   0   0   1   0   0   0   0   0   0   0
66    0   0   0   0   0   0   0   0   0   0   0   0   0   0   0   0   0   0   0
67    0   0   0   0   0   0   0   0   0   0   0   0   0   0   0   0   0   0   0
68    0   0   0   0   0   0   0   0   0   0   0   0   0   0   0   0   0   0   0
69    0   0   0   1   0   0   0   0   0   0   0   0   0   0   0   0   0   0   0
70    0   0   0   0   1   0   0   0   0   0   0   0   0   0   0   0   0   0   0
71    0   0   0   0   0   1   0   0   0   0   0   0   0   0   0   0   0   0   0
72    0   0   0   0   0   0   0   0   0   0   0   0   0   1   0   0   0   0   0
73    0   0   0   0   0   0   0   0   0   0   0   0   0   0   0   0   0   1   0
74    0   0   0   0   0   0   0   0   0   0   0   0   0   0   0   0   0   0   0
75    0   0   0   0   0   0   0   0   0   0   0   0   0   0   0   0   0   0   0
76    0   0   0   0   0   0   0   0   0   0   0   0   0   0   0   0   0   0   0
77    0   0   0   0   0   0   0   0   0   0   0   1   0   0   0   0   0   0   0
78    0   0   0   0   0   0   0   0   0   0   0   0   0   0   0   0   0   0   0
79    0   0   0   0   0   0   0   0   0   0   0   0   1   0   0   0   0   0   0
80    0   0   0   0   0   0   0   0   0   0   0   0   1   0   0   0   0   0   0
81    0   0   0   0   0   0   0   0   0   0   0   0   0   0   0   0   0   1   0
82    0   0   0   0   0   0   0   0   0   0   0   0   0   0   0   0   0   0   0
83    0   0   0   0   0   0   0   0   0   0   0   0   0   0   0   0   0   0   0
84    0   0   0   0   0   0   0   0   0   0   0   0   0   0   0   0   0   0   0
85    0   0   0   0   0   0   0   0   0   0   0   0   0   0   0   0   0   0   0
86    0   0   0   0   0   0   0   0   0   1   0   0   0   0   0   0   0   0   0
87    0   0   0   0   0   0   0   0   0   0   0   0   0   0   0   1   0   0   0
88    0   0   0   0   0   0   0   0   0   0   0   0   0   0   0   0   1   0   0
89    0   0   0   0   0   0   0   0   0   0   0   0   1   0   0   0   0   0   0
90    0   0   0   0   0   0   0   0   0   0   0   0   0   0   0   0   0   0   0
91    0   0   0   0   0   0   0   0   1   0   0   0   0   0   0   0   0   0   0
92    0   0   0   0   0   0   0   0   0   0   0   0   0   0   0   0   0   0   1
93    0   0   0   0   0   0   0   0   0   0   1   0   0   0   0   0   0   0   0
94    0   0   0   0   0   0   0   0   1   0   0   0   0   0   0   0   0   0   0
95    0   0   0   0   0   0   0   0   0   0   0   0   0   0   0   0   0   0   0
96    0   0   0   0   0   0   0   0   0   1   0   0   0   0   0   0   0   0   0
97    0   0   0   0   0   0   1   0   0   0   0   0   0   0   0   0   0   0   0
98    0   0   0   0   0   0   0   0   0   0   0   1   0   0   0   0   0   0   0
99    0   0   0   0   0   0   0   0   0   0   0   1   0   0   0   0   0   0   0
100   0   0   0   0   0   0   0   0   0   0   0   0   0   0   0   1   0   0   0

:   313    :=
1     0
2     0
3     0
4     0
5     0
6     0
7     0
8     0
9     0
10    0
11    0
12    0
13    0
14    0
15    0
16    0
17    0
18    0
19    0
20    0
21    0
22    0
23    0
24    0
25    0
26    0
27    0
28    0
29    0
30    0
31    0
32    0
33    0
34    0
35    0
36    0
37    1
38    1
39    0
40    0
41    1
42    0
43    0
44    0
45    0
46    0
47    0
48    0
49    0
50    0
51    0
52    0
53    0
54    0
55    0
56    0
57    0
58    0
59    0
60    0
61    0
62    0
63    0
64    0
65    0
66    0
67    0
68    0
69    0
70    0
71    0
72    0
73    0
74    0
75    1
76    0
77    0
78    0
79    0
80    0
81    0
82    0
83    0
84    1
85    0
86    0
87    0
88    0
89    0
90    0
91    0
92    0
93    0
94    0
95    0
96    0
97    0
98    0
99    0
100   0
;

vi[i] [*] :=
 1  1
 9  1
11  1
13  1
14  1
16  1
18  1
26  1
28  1
42  1
43  1
44  1
46  1
47  1
48  1
52  1
54  1
56  1
59  1
60  1
66  1
67  1
68  1
74  1
76  1
78  1
82  1
83  1
85  1
90  1
95  1
;

:   x[i]   c[i] travel[i] delay[i]    :=
3     1       0       0        0
15    1       0       0        0
32    1       0       0        0
69    1       0       0        0
70    1       0       0        0
71    1       0       0        0
118   1    3570    3410      160
122   1    3905    3905        0
132   1    1925    1925        0
170   1    3795    3795        0
181   1    3905    3905        0
201   1    3795    3795        0
215   1    4070    4070        0
230   1    2310    2310        0
239   1    1595    1595        0
250   1    4070    4070        0
276   1    2145    2145        0
284   1    3520    3520        0
311   1    3520    3520        0
313   1    4125    4125        0
;

