#Nombre	DiaAten	ModelId		T.Servicio	Penalty
191_PR_3	3	1	60	1457
101_PR_2	2	1	60	2118
1_PR_1	-2	1	90	638
341_SA_5	5	1	70	2040
102_SA_2	2	2	120	4248
2_SA_1	1	2	90	41369
103_SA_2	2	3	120	71127
104_LC_2	-3	4	120	418
271_PR_4	4	1	60	18444
105_LC_2	2	5	200	44961
342_PR_5	-6	2	60	1272
192_PR_3	3	2	130	3685
193_LC_3	3	3	70	1497
272_LC_4	4	2	130	59385
273_LC_4	4	3	90	1935
343_LC_5	5	3	45	68897
274_SA_4	4	4	60	41250
3_SA_1	1	3	75	42358
106_NU_2	2	6	75	47471
107_PR_2	2	7	30	54242
344_LC_5	5	4	120	65335
108_LC_2	2	8	10	36088
345_SA_5	-6	5	150	366
194_PR_3	3	4	20	61971
4_LC_1	1	4	120	2494
195_SA_3	3	5	150	3289
5_SA_1	1	5	90	47368
197_SA_3	3	6	120	66544
346_LC_5	5	6	70	64162
199_SA_3	3	7	80	31966
196_PR_3	3	8	45	55148
198_SA_3	3	9	60	54927
6_SA_1	1	6	30	3202
200_SA_3	3	10	60	5835
201_LC_3	3	11	270	5460
347_SA_5	5	7	20	36666
7_SA_1	1	7	290	34768
202_SA_3	3	12	180	59940
8_SA_1	1	8	60	66849
110_SA_2	2	9	120	55381
111_SA_2	2	10	120	51763
112_SA_2	2	11	60	53209
109_SA_2	2	12	110	57380
114_SA_2	2	13	60	60822
113_SA_2	2	14	60	35885
203_SA_3	3	13	45	54161
115_PR_2	2	15	90	33710
348_SA_5	5	8	60	5313
349_SA_5	5	9	15	6844
9_SA_1	-2	9	360	1306
10_SA_1	1	10	60	754
13_SA_1	-2	11	60	1516
14_SA_1	1	12	90	787
350_SA_5	-6	10	180	1810
12_SA_1	-2	13	75	846
204_SA_3	-4	14	80	1280
205_SA_3	-4	15	60	1560
352_PR_5	-6	11	70	1234
11_SA_1	-2	14	120	1544
275_SA_4	-5	5	90	1838
276_SA_4	-5	6	60	1032
277_SA_4	-5	7	120	1320
120_SA_2	-3	16	55	1082
279_SA_4	-5	8	300	1216
280_NU_4	4	9	60	637
119_SA_2	-3	17	60	848
124_SA_2	-3	18	30	972
121_LC_2	2	19	45	724
122_SA_2	2	20	50	560
351_SA_5	-6	12	60	1132
118_SA_2	-3	21	120	1124
278_PR_4	-5	10	150	1710
116_SA_2	-3	22	60	1500
117_SA_2	-3	23	140	772
123_SA_2	-3	24	50	1340
15_SA_1	1	15	240	60039
125_SA_2	2	25	60	37980
281_PR_4	4	11	70	55598
282_LC_4	4	12	90	23821
127_PR_2	2	26	80	103987
206_PR_3	3	16	35	124909
126_PR_2	2	27	180	111441
353_SA_5	-6	13	5	282
354_PR_5	5	14	30	52871
16_SA_1	-2	16	110	864
207_SA_3	-4	17	50	820
128_SA_2	-3	28	120	170
17_NU_1	1	17	180	1291
129_NU_2	2	29	120	1048
283_SA_4	4	13	180	1960
355_LC_5	5	15	150	1173
130_SA_2	-3	30	90	2578
356_SA_5	-6	16	150	526
131_PR_2	2	31	215	53598
18_SA_1	-2	18	90	1864
208_SA_3	3	18	90	1354
209_SA_3	-4	19	45	2328
132_SA_2	2	32	20	1612
19_SA_1	1	19	180	99851
210_SA_3	3	20	180	70909
284_SA_4	4	14	240	107735
134_SA_2	2	33	60	47773
133_SA_2	2	34	90	43338
357_SA_5	5	17	60	62094
285_SA_4	4	15	60	53764
135_SA_2	2	35	60	61906
20_SA_1	1	20	60	41726
136_LC_2	-3	36	30	878
286_PR_4	4	16	60	27089
360_LC_5	5	18	10	64329
358_PR_5	5	19	70	51181
137_PR_2	2	37	150	53511
359_LC_5	5	20	10	60797
361_SA_5	5	21	10	67562
21_NU_1	1	21	90	15469
211_NU_3	3	21	40	22088
362_PR_5	5	22	240	49495
22_PR_1	1	22	60	48412
213_LC_3	3	22	90	51929
139_PR_2	2	38	60	40993
140_SA_2	2	39	50	58225
288_SA_4	4	17	60	41439
287_PR_4	4	18	90	51683
212_SA_3	3	23	40	41912
138_VI_2	2	40	90	43222
363_VI_5	5	23	10	3119
214_VI_3	-4	24	25	4318
215_PR_3	3	25	45	55397
23_SA_1	1	23	90	48323
24_PR_1	1	24	100	6153
289_LC_4	4	19	110	36142
25_PR_1	1	25	90	7117
141_NU_2	-3	41	150	600
26_NU_1	-2	26	420	552
27_LC_1	1	27	180	2864
216_SA_3	3	26	80	14488
28_SA_1	-2	28	30	782
29_SA_1	1	29	60	53714
364_PR_5	5	24	1	2400
217_SA_3	-4	27	150	2030
365_SA_5	-6	25	120	1954
290_SA_4	-5	20	60	1700
291_SA_4	4	21	150	4017
292_PR_4	4	22	50	1958
293_PR_4	4	23	165	2138
294_SA_4	4	24	90	33613
142_LC_2	2	42	50	4611
218_SA_3	3	28	120	3374
219_SA_3	3	29	90	3435
143_SA_2	2	43	180	3909
144_SA_2	-3	44	90	598
145_LC_2	-3	45	60	384
146_SA_2	2	46	165	215
147_LC_2	-3	47	30	328
220_PR_3	-4	30	60	310
30_PR_1	1	30	60	7120
295_LC_4	-5	25	60	118
366_SA_5	5	26	20	11432
32_SA_1	1	31	90	21442
31_SA_1	1	32	90	19420
367_PR_5	5	27	15	43406
33_LC_1	1	33	150	3780
221_PR_3	3	31	35	39850
296_SA_4	4	26	90	41229
222_PR_3	3	32	60	51533
223_PR_3	3	33	40	52892
224_PR_3	3	34	50	2104
34_LC_1	1	34	80	54679
148_SA_2	2	48	90	8915
368_PR_5	5	28	5	21806
369_SA_5	5	29	120	65045
370_SA_5	5	30	140	51357
225_SA_3	-4	35	80	628
35_SA_1	1	35	105	325
297_SA_4	4	27	100	1175
36_LC_1	1	36	60	52083
298_PR_4	-5	28	120	700
150_SA_2	-3	49	120	2732
149_SA_2	-3	50	235	2820
151_SA_2	2	51	120	50258
38_PR_1	1	37	80	55402
371_PR_5	5	31	30	45070
37_PR_1	1	38	60	57989
39_LC_1	1	39	90	2737
226_PR_3	3	36	65	48115
372_LC_5	5	32	60	56780
227_LC_3	3	37	120	2917
40_SA_1	1	40	60	2979
228_SA_3	3	38	100	66501
152_LC_2	2	52	1	1677
41_LC_1	1	41	120	3385
42_PR_1	-2	42	60	6138
299_LC_4	-5	29	60	498
43_SA_1	-2	43	207	8800
300_SA_4	4	30	105	43227
301_SA_4	-5	31	75	730
44_PR_1	-2	44	25	1786
153_PR_2	2	53	230	63018
302_SA_4	4	32	90	48315
373_SA_5	5	33	60	1554
154_PR_2	2	54	170	38933
374_PR_5	5	34	105	53708
155_SA_2	2	55	240	48502
375_PR_5	5	35	170	43293
229_SA_3	-4	39	60	1092
156_PR_2	2	56	80	57901
45_VI_1	1	45	75	8909
46_SA_1	-2	46	90	116
47_SA_1	-2	47	90	166
230_PR_3	3	40	30	31115
303_LC_4	4	33	60	45498
376_PR_5	5	36	75	60560
304_VI_4	-5	34	120	3338
231_SA_3	3	41	80	1437
49_SA_1	-2	48	60	3958
306_SA_4	4	35	270	1660
305_PR_4	-5	36	25	1772
377_PR_5	5	37	30	1384
157_SA_2	-3	57	150	2104
48_SA_1	1	49	60	1285
232_PR_3	-4	42	120	2370
307_SA_4	4	37	120	60559
233_SA_3	3	43	40	48822
378_PR_5	5	38	30	55291
234_LC_3	-4	44	60	3014
235_LC_3	-4	45	120	886
379_LC_5	5	39	60	50290
50_LC_1	1	50	80	29958
158_PR_2	-3	58	85	3600
236_VI_3	-4	46	90	194
308_PR_4	4	38	30	61581
237_PR_3	3	47	70	62599
159_SA_2	2	59	55	2982
51_SA_1	1	51	90	2936
160_PR_2	2	60	60	71306
309_PR_4	4	39	60	43060
310_PR_4	4	40	120	43431
161_LC_2	2	61	180	50751
238_SA_3	3	48	60	5710
162_SA_2	2	62	1	7701
239_SA_3	3	49	180	42552
52_PR_1	-2	52	30	5020
240_PR_3	3	50	60	4396
53_NU_1	1	53	90	37294
311_PR_4	4	41	60	68194
241_SA_3	3	51	20	41525
55_LC_1	-2	54	60	2412
54_LC_1	1	55	60	1074
312_PR_4	4	42	50	151372
56_LC_1	-2	56	150	176
313_PR_4	4	43	50	1773
163_PR_2	-3	63	120	3012
164_NU_2	2	64	90	2145
314_SA_4	4	44	20	1955
380_LC_5	5	40	234	3376
59_SA_1	1	57	60	5679
57_SA_1	1	58	60	3643
58_SA_1	-2	59	60	10898
165_SA_2	2	65	120	41874
60_LC_1	-2	60	90	9236
167_SA_2	2	66	60	44715
64_SA_1	1	61	10	49656
62_SA_1	1	62	150	55371
61_SA_1	1	63	30	45165
166_SA_2	2	67	40	46510
65_SA_1	1	64	30	58588
63_SA_1	1	65	75	44384
381_SA_5	5	41	60	62278
242_LC_3	3	52	40	37740
315_SA_4	4	45	180	2630
316_NU_4	4	46	60	7837
66_PR_1	-2	66	75	504
168_SA_2	-3	68	60	1986
67_SA_1	-2	67	60	418
317_LC_4	4	47	45	59134
243_SA_3	-4	53	120	2248
318_SA_4	-5	48	240	2328
68_SA_1	-2	68	120	430
69_VI_1	1	69	60	59793
382_PR_5	5	42	30	3353
319_PR_4	4	49	90	1529
71_PR_1	1	70	520	14136
70_SA_1	1	71	180	18421
170_SA_2	2	69	120	23498
244_SA_3	3	54	80	18505
169_LC_2	2	70	135	14826
171_PR_2	2	71	65	8277
172_NU_2	2	72	60	55553
321_SA_4	4	50	240	54285
383_SA_5	5	43	240	38904
73_PR_1	1	72	120	57353
72_SA_1	1	73	195	44708
320_SA_4	4	51	120	50766
322_SA_4	4	52	90	59443
245_SA_3	3	55	160	273
384_SA_5	-6	44	240	674
323_SA_4	-5	53	120	914
246_LC_3	3	56	100	4829
247_SA_3	3	57	90	38059
74_SA_1	-2	74	60	548
75_SA_1	1	75	75	34919
174_SA_2	2	73	360	49917
173_SA_2	2	74	55	46243
175_SA_2	2	75	90	40419
385_SA_5	5	45	60	52285
248_SA_3	-4	58	60	2260
176_SA_2	2	76	90	1056
177_PR_2	-3	77	50	240
249_SA_3	3	59	75	55739
76_SA_1	-2	76	100	464
250_SA_3	3	60	60	53313
77_SA_1	1	77	120	49128
178_NU_2	-3	78	20	566
324_SA_4	4	54	130	50840
325_PR_4	4	55	180	4184
386_SA_5	5	46	90	52862
179_PR_2	2	79	100	35621
251_PR_3	3	61	60	4998
180_LC_2	2	80	60	40886
326_SA_4	4	56	1	593
78_SA_1	-2	78	60	1668
79_SA_1	1	79	100	710
181_LC_2	2	81	120	1253
252_SA_3	3	62	55	1038
387_SA_5	5	47	90	58313
80_SA_1	1	80	90	57101
81_SA_1	1	81	60	12667
388_SA_5	5	48	60	2522
389_SA_5	5	49	90	65376
253_SA_3	3	63	60	52017
82_VI_1	-2	82	30	23212
390_LC_5	5	50	180	3550
255_PR_3	3	64	150	42466
254_PR_3	3	65	60	57537
256_PR_3	-4	66	90	2340
257_SA_3	3	67	5	1244
258_SA_3	3	68	120	2179
83_SA_1	-2	83	240	5946
327_SA_4	4	57	120	13586
84_LC_1	1	84	15	51738
85_PR_1	-2	85	70	318
86_PR_1	1	86	90	48216
259_SA_3	-4	69	110	312
260_SA_3	-4	70	120	278
261_SA_3	3	71	90	5185
87_SA_1	1	87	60	2159
262_SA_3	3	72	120	1480
88_LC_1	1	88	120	38812
328_LC_4	4	58	120	51296
329_LC_4	4	59	90	62696
182_LC_2	2	82	60	45254
183_NU_2	2	83	20	525
263_SA_3	3	73	60	48573
184_SA_2	2	84	15	47668
185_SA_2	2	85	35	53015
331_SA_4	4	60	160	54784
330_SA_4	4	61	120	56574
264_SA_3	3	74	65	41822
186_PR_2	-3	86	120	302
187_SA_2	2	87	210	33604
89_PR_1	1	89	70	56268
90_SA_1	-2	90	90	170
391_LC_5	5	51	75	49770
393_PR_5	5	52	150	68274
91_PR_1	1	91	120	43387
392_PR_5	5	53	35	46835
188_VI_2	-3	88	100	164
332_PR_4	4	62	120	1639
265_PR_3	3	75	100	34842
92_SA_1	1	92	60	46460
333_VI_4	4	63	90	31944
394_PR_5	5	54	75	42868
93_SA_1	1	93	90	1681
94_NU_1	1	94	160	58174
95_SA_1	-2	95	140	660
334_SA_4	-5	64	30	1462
96_VI_1	1	96	50	59847
98_PR_1	1	97	10	54793
97_PR_1	1	98	20	64146
335_SA_4	4	65	30	13729
266_SA_3	3	76	80	4629
99_SA_1	1	99	75	81
267_NU_3	3	77	50	8727
336_VI_4	-5	66	240	916
337_PR_4	4	67	1	3156
395_SA_5	-6	55	90	352
338_SA_4	-5	68	60	282
396_SA_5	5	56	60	48833
397_SA_5	5	57	10	41638
268_SA_3	-4	78	90	2078
398_NU_5	5	58	150	8696
340_SA_4	4	69	60	5092
339_SA_4	4	70	140	5700
189_PR_2	2	89	80	9299
399_SA_5	5	59	60	55566
190_SA_2	2	90	30	42084
100_PR_1	1	100	60	5379
269_SA_3	3	79	40	295402
400_PR_5	5	60	45	52518
270_PR_3	3	80	75	13339
