#Nombre	DiaAten	ModelId		T.Servicio	Penalty
191_PR_3	-4	1	60	9952
101_PR_2	2	1	60	4976
1_PR_1	1	1	90	5440
341_SA_5	5	1	70	8023
102_SA_2	-3	2	120	20250
2_SA_1	1	2	90	10368
103_SA_2	2	3	120	10416
104_LC_2	-3	4	120	21284
271_PR_4	4	1	60	10722
105_LC_2	-3	5	200	21724
342_PR_5	5	2	60	11153
192_PR_3	3	2	130	11219
193_LC_3	3	3	70	11435
272_LC_4	4	2	130	11651
273_LC_4	4	3	90	11677
343_LC_5	5	3	45	12345
274_SA_4	4	4	60	12805
3_SA_1	-2	3	75	25752
106_NU_2	-3	6	75	25804
107_PR_2	-3	7	30	25872
344_LC_5	5	4	120	13124
108_LC_2	2	8	10	13124
345_SA_5	5	5	150	13185
194_PR_3	3	4	20	13515
4_LC_1	1	4	120	13752
195_SA_3	3	5	150	14109
5_SA_1	-2	5	90	28342
197_SA_3	-4	6	120	28342
346_LC_5	5	6	70	14171
199_SA_3	3	7	80	14171
196_PR_3	3	8	45	14171
198_SA_3	3	9	60	14171
6_SA_1	-2	6	30	28544
200_SA_3	3	10	60	14272
201_LC_3	3	11	270	14272
347_SA_5	5	7	20	14411
7_SA_1	1	7	290	14895
202_SA_3	-4	12	180	29790
8_SA_1	1	8	60	14895
110_SA_2	2	9	120	14895
111_SA_2	2	10	120	14895
112_SA_2	2	11	60	14895
109_SA_2	2	12	110	14895
114_SA_2	2	13	60	14895
113_SA_2	2	14	60	14895
203_SA_3	3	13	45	14895
115_PR_2	2	15	90	15037
348_SA_5	5	8	60	15212
349_SA_5	5	9	15	15212
9_SA_1	1	9	360	15227
10_SA_1	1	10	60	15227
13_SA_1	-2	11	60	30454
14_SA_1	1	12	90	15227
350_SA_5	5	10	180	15227
12_SA_1	1	13	75	15227
204_SA_3	3	14	80	15227
205_SA_3	3	15	60	15227
352_PR_5	5	11	70	15227
11_SA_1	1	14	120	15227
275_SA_4	4	5	90	15227
276_SA_4	4	6	60	15227
277_SA_4	4	7	120	15227
120_SA_2	2	16	55	15227
279_SA_4	4	8	300	15227
280_NU_4	4	9	60	15227
119_SA_2	2	17	60	15227
124_SA_2	2	18	30	15227
121_LC_2	2	19	45	15227
122_SA_2	2	20	50	15227
351_SA_5	5	12	60	15227
118_SA_2	2	21	120	15227
278_PR_4	4	10	150	15227
116_SA_2	2	22	60	15227
117_SA_2	2	23	140	15227
123_SA_2	2	24	50	15227
15_SA_1	1	15	240	15232
125_SA_2	2	25	60	15529
281_PR_4	4	11	70	15529
282_LC_4	4	12	90	15746
127_PR_2	2	26	80	15755
206_PR_3	3	16	35	15755
126_PR_2	2	27	180	15755
353_SA_5	5	13	5	15930
354_PR_5	5	14	30	15958
16_SA_1	1	16	110	15997
207_SA_3	3	17	50	15997
128_SA_2	-3	28	120	32484
17_NU_1	-2	17	180	32638
129_NU_2	2	29	120	16319
283_SA_4	-5	13	180	32912
355_LC_5	5	15	150	16720
130_SA_2	-3	30	90	33440
356_SA_5	5	16	150	16769
131_PR_2	2	31	215	17060
18_SA_1	1	18	90	17099
208_SA_3	3	18	90	17099
209_SA_3	3	19	45	17099
132_SA_2	2	32	20	17099
19_SA_1	1	19	180	17125
210_SA_3	3	20	180	17125
284_SA_4	4	14	240	17125
134_SA_2	2	33	60	17149
133_SA_2	-3	34	90	34298
357_SA_5	5	17	60	17149
285_SA_4	4	15	60	17171
135_SA_2	2	35	60	17202
20_SA_1	1	20	60	17202
136_LC_2	2	36	30	17245
286_PR_4	4	16	60	17257
360_LC_5	5	18	10	17257
358_PR_5	5	19	70	17257
137_PR_2	2	37	150	17257
359_LC_5	5	20	10	17257
361_SA_5	5	21	10	17257
21_NU_1	1	21	90	17482
211_NU_3	3	21	40	17482
362_PR_5	5	22	240	17574
22_PR_1	1	22	60	17712
213_LC_3	3	22	90	17712
139_PR_2	2	38	60	17712
140_SA_2	2	39	50	17712
288_SA_4	4	17	60	17712
287_PR_4	4	18	90	17712
212_SA_3	3	23	40	17712
138_VI_2	2	40	90	17712
363_VI_5	5	23	10	17784
214_VI_3	3	24	25	17784
215_PR_3	3	25	45	17802
23_SA_1	1	23	90	18148
24_PR_1	1	24	100	18379
289_LC_4	4	19	110	18454
25_PR_1	1	25	90	18516
141_NU_2	-3	41	150	37186
26_NU_1	1	26	420	18593
27_LC_1	1	27	180	18670
216_SA_3	3	26	80	18749
28_SA_1	1	28	30	18831
29_SA_1	1	29	60	19076
364_PR_5	5	24	1	19077
217_SA_3	3	27	150	19142
365_SA_5	5	25	120	19142
290_SA_4	4	20	60	19142
291_SA_4	4	21	150	19195
292_PR_4	4	22	50	19347
293_PR_4	4	23	165	19347
294_SA_4	4	24	90	19412
142_LC_2	2	42	50	19477
218_SA_3	3	28	120	19578
219_SA_3	3	29	90	19578
143_SA_2	2	43	180	19578
144_SA_2	-3	44	90	39272
145_LC_2	2	45	60	19672
146_SA_2	2	46	165	19672
147_LC_2	2	47	30	19672
220_PR_3	3	30	60	19672
30_PR_1	1	30	60	19712
295_LC_4	4	25	60	19730
366_SA_5	5	26	20	19748
32_SA_1	1	31	90	19782
31_SA_1	1	32	90	19782
367_PR_5	5	27	15	19857
33_LC_1	1	33	150	19872
221_PR_3	3	31	35	19948
296_SA_4	4	26	90	19969
222_PR_3	3	32	60	20038
223_PR_3	3	33	40	20097
224_PR_3	3	34	50	20173
34_LC_1	1	34	80	20186
148_SA_2	2	48	90	20222
368_PR_5	5	28	5	20258
369_SA_5	5	29	120	20264
370_SA_5	5	30	140	20264
225_SA_3	3	35	80	20268
35_SA_1	1	35	105	20268
297_SA_4	4	27	100	20292
36_LC_1	1	36	60	20359
298_PR_4	4	28	120	20395
150_SA_2	2	49	120	20414
149_SA_2	2	50	235	20414
151_SA_2	2	51	120	20532
38_PR_1	1	37	80	20536
371_PR_5	5	31	30	20536
37_PR_1	1	38	60	20536
39_LC_1	1	39	90	20640
226_PR_3	3	36	65	20660
372_LC_5	5	32	60	20716
227_LC_3	3	37	120	20896
40_SA_1	1	40	60	20929
228_SA_3	3	38	100	20930
152_LC_2	2	52	1	20958
41_LC_1	1	41	120	21037
42_PR_1	1	42	60	21037
299_LC_4	4	29	60	21062
43_SA_1	1	43	207	21063
300_SA_4	4	30	105	21108
301_SA_4	4	31	75	21111
44_PR_1	1	44	25	21115
153_PR_2	2	53	230	21116
302_SA_4	4	32	90	21127
373_SA_5	5	33	60	21132
154_PR_2	2	54	170	21133
374_PR_5	5	34	105	21133
155_SA_2	-3	55	240	42310
375_PR_5	5	35	170	21260
229_SA_3	3	39	60	21281
156_PR_2	2	56	80	21451
45_VI_1	1	45	75	21524
46_SA_1	1	46	90	21594
47_SA_1	1	47	90	21594
230_PR_3	3	40	30	21612
303_LC_4	4	33	60	21757
376_PR_5	5	36	75	21810
304_VI_4	4	34	120	21873
231_SA_3	3	41	80	21873
49_SA_1	-2	48	60	43746
306_SA_4	4	35	270	21873
305_PR_4	4	36	25	21873
377_PR_5	5	37	30	21873
157_SA_2	-3	57	150	43746
48_SA_1	1	49	60	21873
232_PR_3	3	42	120	21873
307_SA_4	4	37	120	21941
233_SA_3	3	43	40	21955
378_PR_5	5	38	30	22034
234_LC_3	3	44	60	22052
235_LC_3	-4	45	120	44524
379_LC_5	5	39	60	22302
50_LC_1	1	50	80	22321
158_PR_2	2	58	85	22369
236_VI_3	3	46	90	22423
308_PR_4	4	38	30	22453
237_PR_3	3	47	70	22453
159_SA_2	2	59	55	22484
51_SA_1	1	51	90	22484
160_PR_2	2	60	60	22568
309_PR_4	4	39	60	22577
310_PR_4	4	40	120	22577
161_LC_2	2	61	180	22593
238_SA_3	-4	48	60	45234
162_SA_2	2	62	1	22635
239_SA_3	3	49	180	22655
52_PR_1	1	52	30	22680
240_PR_3	-4	50	60	45360
53_NU_1	1	53	90	22681
311_PR_4	4	41	60	22727
241_SA_3	3	51	20	22732
55_LC_1	1	54	60	22734
54_LC_1	1	55	60	22734
312_PR_4	4	42	50	22827
56_LC_1	1	56	150	22922
313_PR_4	4	43	50	22925
163_PR_2	2	63	120	22925
164_NU_2	2	64	90	23002
314_SA_4	4	44	20	23013
380_LC_5	5	40	234	23016
59_SA_1	1	57	60	23029
57_SA_1	1	58	60	23029
58_SA_1	1	59	60	23029
165_SA_2	2	65	120	23056
60_LC_1	1	60	90	23076
167_SA_2	2	66	60	23111
64_SA_1	1	61	10	23111
62_SA_1	1	62	150	23111
61_SA_1	1	63	30	23111
166_SA_2	2	67	40	23111
65_SA_1	1	64	30	23111
63_SA_1	1	65	75	23111
381_SA_5	5	41	60	23111
242_LC_3	3	52	40	23133
315_SA_4	4	45	180	23450
316_NU_4	4	46	60	23559
66_PR_1	1	66	75	23780
168_SA_2	2	68	60	23809
67_SA_1	1	67	60	23854
317_LC_4	4	47	45	23856
243_SA_3	3	53	120	23920
318_SA_4	4	48	240	23920
68_SA_1	1	68	120	23959
69_VI_1	-2	69	60	47956
382_PR_5	5	42	30	24042
319_PR_4	-5	49	90	48102
71_PR_1	-2	70	520	48110
70_SA_1	1	71	180	24055
170_SA_2	2	69	120	24055
244_SA_3	3	54	80	24055
169_LC_2	2	70	135	24055
171_PR_2	2	71	65	24129
172_NU_2	2	72	60	24150
321_SA_4	4	50	240	24321
383_SA_5	5	43	240	24321
73_PR_1	1	72	120	24321
72_SA_1	-2	73	195	48642
320_SA_4	4	51	120	24321
322_SA_4	4	52	90	24321
245_SA_3	3	55	160	24410
384_SA_5	5	44	240	24410
323_SA_4	4	53	120	24410
246_LC_3	3	56	100	24432
247_SA_3	3	57	90	24467
74_SA_1	1	74	60	24495
75_SA_1	1	75	75	24591
174_SA_2	2	73	360	24591
173_SA_2	2	74	55	24591
175_SA_2	2	75	90	24591
385_SA_5	5	45	60	24591
248_SA_3	3	58	60	24680
176_SA_2	2	76	90	24717
177_PR_2	2	77	50	24744
249_SA_3	3	59	75	24766
76_SA_1	1	76	100	24959
250_SA_3	3	60	60	24993
77_SA_1	1	77	120	24993
178_NU_2	2	78	20	25033
324_SA_4	4	54	130	25179
325_PR_4	4	55	180	25283
386_SA_5	5	46	90	25318
179_PR_2	2	79	100	25512
251_PR_3	3	61	60	25543
180_LC_2	2	80	60	25619
326_SA_4	4	56	1	25674
78_SA_1	1	78	60	25674
79_SA_1	1	79	100	25674
181_LC_2	2	81	120	25674
252_SA_3	3	62	55	25674
387_SA_5	5	47	90	25696
80_SA_1	1	80	90	25771
81_SA_1	1	81	60	25810
388_SA_5	5	48	60	25858
389_SA_5	5	49	90	25936
253_SA_3	3	63	60	25936
82_VI_1	1	82	30	25944
390_LC_5	5	50	180	26008
255_PR_3	3	64	150	26132
254_PR_3	3	65	60	26132
256_PR_3	3	66	90	26216
257_SA_3	3	67	5	26218
258_SA_3	3	68	120	26241
83_SA_1	-2	83	240	52482
327_SA_4	4	57	120	26287
84_LC_1	-2	84	15	52796
85_PR_1	1	85	70	26414
86_PR_1	1	86	90	26444
259_SA_3	3	69	110	26580
260_SA_3	3	70	120	26621
261_SA_3	3	71	90	26651
87_SA_1	1	87	60	26714
262_SA_3	3	72	120	26714
88_LC_1	1	88	120	26733
328_LC_4	4	58	120	26735
329_LC_4	4	59	90	26735
182_LC_2	2	82	60	26782
183_NU_2	2	83	20	26885
263_SA_3	3	73	60	26993
184_SA_2	2	84	15	26993
185_SA_2	2	85	35	27041
331_SA_4	4	60	160	27041
330_SA_4	4	61	120	27041
264_SA_3	3	74	65	27315
186_PR_2	2	86	120	27361
187_SA_2	2	87	210	27364
89_PR_1	1	89	70	27441
90_SA_1	1	90	90	27620
391_LC_5	5	51	75	27732
393_PR_5	5	52	150	27849
91_PR_1	1	91	120	27849
392_PR_5	5	53	35	27849
188_VI_2	2	88	100	27928
332_PR_4	4	62	120	27978
265_PR_3	3	75	100	28051
92_SA_1	1	92	60	28251
333_VI_4	4	63	90	28539
394_PR_5	5	54	75	28602
93_SA_1	1	93	90	28604
94_NU_1	1	94	160	28605
95_SA_1	1	95	140	28835
334_SA_4	4	64	30	28979
96_VI_1	1	96	50	29158
98_PR_1	1	97	10	29539
97_PR_1	1	98	20	29539
335_SA_4	4	65	30	29594
266_SA_3	3	76	80	29804
99_SA_1	1	99	75	30041
267_NU_3	3	77	50	30045
336_VI_4	4	66	240	30140
337_PR_4	4	67	1	31028
395_SA_5	5	55	90	31038
338_SA_4	4	68	60	31038
396_SA_5	5	56	60	31052
397_SA_5	5	57	10	31052
268_SA_3	3	78	90	31089
398_NU_5	5	58	150	31136
340_SA_4	4	69	60	31136
339_SA_4	4	70	140	31136
189_PR_2	2	89	80	31136
399_SA_5	5	59	60	31935
190_SA_2	2	90	30	31935
100_PR_1	1	100	60	32063
269_SA_3	3	79	40	32209
400_PR_5	5	60	45	32654
270_PR_3	3	80	75	37833
