#Nombre	DiaAten	ModelId		T.Servicio	Penalty
191_PR_3	3	1	60	2464
101_PR_2	2	1	60	2456
1_PR_1	1	1	90	453
341_SA_5	5	1	70	1343
102_SA_2	2	2	120	3807
2_SA_1	1	2	90	57885
103_SA_2	2	3	120	49032
104_LC_2	-3	4	120	728
271_PR_4	4	1	60	26232
105_LC_2	2	5	200	44897
342_PR_5	-6	2	60	1054
192_PR_3	3	2	130	3688
193_LC_3	3	3	70	1647
272_LC_4	4	2	130	57226
273_LC_4	4	3	90	3203
343_LC_5	5	3	45	49186
274_SA_4	4	4	60	45455
3_SA_1	1	3	75	45465
106_NU_2	2	6	75	69579
107_PR_2	2	7	30	43761
344_LC_5	5	4	120	60951
108_LC_2	2	8	10	65564
345_SA_5	-6	5	150	580
194_PR_3	3	4	20	53679
4_LC_1	1	4	120	1691
195_SA_3	3	5	150	2818
5_SA_1	1	5	90	64338
197_SA_3	3	6	120	49906
346_LC_5	5	6	70	60888
199_SA_3	3	7	80	48706
196_PR_3	3	8	45	62142
198_SA_3	3	9	60	65426
6_SA_1	1	6	30	5236
200_SA_3	3	10	60	5861
201_LC_3	3	11	270	7221
347_SA_5	5	7	20	48540
7_SA_1	1	7	290	39505
202_SA_3	3	12	180	48599
8_SA_1	1	8	60	39530
110_SA_2	2	9	120	36831
111_SA_2	2	10	120	48163
112_SA_2	2	11	60	51243
109_SA_2	2	12	110	57979
114_SA_2	2	13	60	61455
113_SA_2	2	14	60	39817
203_SA_3	3	13	45	44950
115_PR_2	2	15	90	58273
348_SA_5	5	8	60	6238
349_SA_5	5	9	15	6217
9_SA_1	-2	9	360	1198
10_SA_1	-2	10	60	1130
13_SA_1	1	11	60	704
14_SA_1	1	12	90	524
350_SA_5	-6	10	180	1740
12_SA_1	-2	13	75	1714
204_SA_3	3	14	80	689
205_SA_3	-4	15	60	1284
352_PR_5	-6	11	70	810
11_SA_1	-2	14	120	1112
275_SA_4	-5	5	90	1532
276_SA_4	-5	6	60	1542
277_SA_4	-5	7	120	1414
120_SA_2	-3	16	55	1362
279_SA_4	-5	8	300	1216
280_NU_4	-5	9	60	1450
119_SA_2	-3	17	60	1010
124_SA_2	-3	18	30	1266
121_LC_2	2	19	45	767
122_SA_2	2	20	50	743
351_SA_5	-6	12	60	1540
118_SA_2	-3	21	120	1478
278_PR_4	-5	10	150	1228
116_SA_2	-3	22	60	1498
117_SA_2	-3	23	140	988
123_SA_2	-3	24	50	1242
15_SA_1	1	15	240	58961
125_SA_2	2	25	60	31912
281_PR_4	4	11	70	39783
282_LC_4	4	12	90	23254
127_PR_2	2	26	80	103324
206_PR_3	3	16	35	113520
126_PR_2	2	27	180	125352
353_SA_5	-6	13	5	356
354_PR_5	5	14	30	64676
16_SA_1	-2	16	110	776
207_SA_3	-4	17	50	650
128_SA_2	-3	28	120	268
17_NU_1	1	17	180	1019
129_NU_2	-3	29	120	1430
283_SA_4	4	13	180	2244
355_LC_5	5	15	150	1851
130_SA_2	2	30	90	1292
356_SA_5	5	16	150	292
131_PR_2	2	31	215	60800
18_SA_1	-2	18	90	2530
208_SA_3	3	18	90	1262
209_SA_3	-4	19	45	1870
132_SA_2	2	32	20	1606
19_SA_1	1	19	180	99982
210_SA_3	3	20	180	92310
284_SA_4	4	14	240	69628
134_SA_2	2	33	60	60570
133_SA_2	2	34	90	53087
357_SA_5	5	17	60	55868
285_SA_4	4	15	60	62913
135_SA_2	2	35	60	60997
20_SA_1	1	20	60	66741
136_LC_2	-3	36	30	396
286_PR_4	4	16	60	51367
360_LC_5	5	18	10	39664
358_PR_5	5	19	70	49396
137_PR_2	2	37	150	51937
359_LC_5	5	20	10	38116
361_SA_5	5	21	10	62455
21_NU_1	1	21	90	23335
211_NU_3	3	21	40	20476
362_PR_5	5	22	240	37250
22_PR_1	1	22	60	60651
213_LC_3	3	22	90	57993
139_PR_2	2	38	60	61918
140_SA_2	2	39	50	39738
288_SA_4	4	17	60	61316
287_PR_4	4	18	90	36874
212_SA_3	3	23	40	41137
138_VI_2	2	40	90	50731
363_VI_5	5	23	10	2659
214_VI_3	3	24	25	3176
215_PR_3	3	25	45	51135
23_SA_1	1	23	90	55046
24_PR_1	1	24	100	5549
289_LC_4	4	19	110	26217
25_PR_1	1	25	90	5901
141_NU_2	-3	41	150	806
26_NU_1	-2	26	420	700
27_LC_1	1	27	180	2328
216_SA_3	3	26	80	14683
28_SA_1	1	28	30	258
29_SA_1	1	29	60	57930
364_PR_5	5	24	1	2389
217_SA_3	-4	27	150	1442
365_SA_5	-6	25	120	1876
290_SA_4	-5	20	60	1708
291_SA_4	4	21	150	3050
292_PR_4	4	22	50	1950
293_PR_4	4	23	165	1814
294_SA_4	4	24	90	29299
142_LC_2	2	42	50	5589
218_SA_3	3	28	120	3879
219_SA_3	3	29	90	3137
143_SA_2	2	43	180	3651
144_SA_2	2	44	90	383
145_LC_2	2	45	60	137
146_SA_2	-3	46	165	316
147_LC_2	-3	47	30	370
220_PR_3	3	30	60	206
30_PR_1	1	30	60	10114
295_LC_4	4	25	60	98
366_SA_5	5	26	20	10341
32_SA_1	1	31	90	26602
31_SA_1	1	32	90	26612
367_PR_5	5	27	15	50826
33_LC_1	1	33	150	3489
221_PR_3	3	31	35	38082
296_SA_4	4	26	90	44893
222_PR_3	3	32	60	49400
223_PR_3	3	33	40	71855
224_PR_3	3	34	50	1763
34_LC_1	1	34	80	51560
148_SA_2	2	48	90	5744
368_PR_5	5	28	5	17919
369_SA_5	5	29	120	42447
370_SA_5	5	30	140	64051
225_SA_3	-4	35	80	828
35_SA_1	-2	35	105	878
297_SA_4	4	27	100	1134
36_LC_1	1	36	60	48353
298_PR_4	-5	28	120	484
150_SA_2	2	49	120	2138
149_SA_2	-3	50	235	4004
151_SA_2	2	51	120	84696
38_PR_1	1	37	80	44653
371_PR_5	5	31	30	43827
37_PR_1	1	38	60	46850
39_LC_1	1	39	90	2641
226_PR_3	3	36	65	52027
372_LC_5	5	32	60	57196
227_LC_3	3	37	120	2958
40_SA_1	-2	40	60	6836
228_SA_3	3	38	100	43151
152_LC_2	2	52	1	2167
41_LC_1	1	41	120	3472
42_PR_1	1	42	60	3390
299_LC_4	-5	29	60	410
43_SA_1	-2	43	207	8214
300_SA_4	4	30	105	57217
301_SA_4	-5	31	75	1168
44_PR_1	1	44	25	1286
153_PR_2	2	53	230	55665
302_SA_4	4	32	90	39980
373_SA_5	5	33	60	1952
154_PR_2	2	54	170	50956
374_PR_5	5	34	105	51914
155_SA_2	2	55	240	44051
375_PR_5	5	35	170	58982
229_SA_3	-4	39	60	926
156_PR_2	2	56	80	42886
45_VI_1	1	45	75	10724
46_SA_1	-2	46	90	230
47_SA_1	-2	47	90	210
230_PR_3	3	40	30	39755
303_LC_4	4	33	60	52228
376_PR_5	5	36	75	35813
304_VI_4	-5	34	120	3264
231_SA_3	3	41	80	1688
49_SA_1	-2	48	60	2566
306_SA_4	4	35	270	1240
305_PR_4	4	36	25	1777
377_PR_5	5	37	30	1856
157_SA_2	-3	57	150	1934
48_SA_1	1	49	60	1568
232_PR_3	3	42	120	1913
307_SA_4	4	37	120	49167
233_SA_3	3	43	40	45225
378_PR_5	5	38	30	42586
234_LC_3	3	44	60	2807
235_LC_3	-4	45	120	788
379_LC_5	5	39	60	16584
50_LC_1	1	50	80	40198
158_PR_2	2	58	85	2250
236_VI_3	3	46	90	162
308_PR_4	4	38	30	35349
237_PR_3	3	47	70	45526
159_SA_2	2	59	55	3341
51_SA_1	1	51	90	1579
160_PR_2	2	60	60	48812
309_PR_4	4	39	60	51223
310_PR_4	4	40	120	27283
161_LC_2	2	61	180	65468
238_SA_3	3	48	60	6258
162_SA_2	2	62	1	6075
239_SA_3	3	49	180	43472
52_PR_1	1	52	30	3672
240_PR_3	3	50	60	6119
53_NU_1	1	53	90	33465
311_PR_4	4	41	60	62327
241_SA_3	3	51	20	41258
55_LC_1	1	54	60	1243
54_LC_1	-2	55	60	1596
312_PR_4	4	42	50	194522
56_LC_1	1	56	150	105
313_PR_4	4	43	50	1545
163_PR_2	-3	63	120	3188
164_NU_2	2	64	90	2078
314_SA_4	4	44	20	2198
380_LC_5	5	40	234	5520
59_SA_1	1	57	60	3624
57_SA_1	1	58	60	4437
58_SA_1	1	59	60	4918
165_SA_2	2	65	120	42405
60_LC_1	1	60	90	6429
167_SA_2	2	66	60	51578
64_SA_1	1	61	10	72267
62_SA_1	1	62	150	44347
61_SA_1	1	63	30	71672
166_SA_2	2	67	40	44583
65_SA_1	1	64	30	54286
63_SA_1	1	65	75	48630
381_SA_5	5	41	60	34045
242_LC_3	3	52	40	44508
315_SA_4	4	45	180	2387
316_NU_4	4	46	60	9061
66_PR_1	1	66	75	317
168_SA_2	2	68	60	1041
67_SA_1	-2	67	60	330
317_LC_4	4	47	45	53919
243_SA_3	-4	53	120	2358
318_SA_4	-5	48	240	2634
68_SA_1	-2	68	120	442
69_VI_1	1	69	60	65085
382_PR_5	5	42	30	2252
319_PR_4	4	49	90	2024
71_PR_1	1	70	520	24738
70_SA_1	1	71	180	24420
170_SA_2	2	69	120	22354
244_SA_3	3	54	80	22659
169_LC_2	2	70	135	12023
171_PR_2	2	71	65	10307
172_NU_2	2	72	60	63179
321_SA_4	4	50	240	55370
383_SA_5	5	43	240	43814
73_PR_1	1	72	120	35139
72_SA_1	1	73	195	61667
320_SA_4	4	51	120	50294
322_SA_4	4	52	90	45373
245_SA_3	-4	55	160	466
384_SA_5	-6	44	240	620
323_SA_4	-5	53	120	716
246_LC_3	3	56	100	4355
247_SA_3	3	57	90	39856
74_SA_1	-2	74	60	568
75_SA_1	1	75	75	55439
174_SA_2	2	73	360	31904
173_SA_2	2	74	55	48865
175_SA_2	2	75	90	47744
385_SA_5	5	45	60	54031
248_SA_3	-4	58	60	2174
176_SA_2	-3	76	90	2046
177_PR_2	-3	77	50	294
249_SA_3	3	59	75	70015
76_SA_1	1	76	100	217
250_SA_3	3	60	60	51167
77_SA_1	1	77	120	45033
178_NU_2	-3	78	20	406
324_SA_4	4	54	130	48809
325_PR_4	4	55	180	6071
386_SA_5	5	46	90	37515
179_PR_2	2	79	100	45803
251_PR_3	3	61	60	5141
180_LC_2	2	80	60	60071
326_SA_4	4	56	1	1029
78_SA_1	-2	78	60	2432
79_SA_1	1	79	100	1249
181_LC_2	-3	81	120	2082
252_SA_3	-4	62	55	2128
387_SA_5	5	47	90	28062
80_SA_1	1	80	90	34531
81_SA_1	1	81	60	18546
388_SA_5	5	48	60	1898
389_SA_5	5	49	90	54828
253_SA_3	3	63	60	38723
82_VI_1	1	82	30	12250
390_LC_5	5	50	180	3205
255_PR_3	3	64	150	58110
254_PR_3	3	65	60	53062
256_PR_3	3	66	90	1093
257_SA_3	3	67	5	1327
258_SA_3	3	68	120	2525
83_SA_1	1	83	240	1903
327_SA_4	4	57	120	8251
84_LC_1	1	84	15	51486
85_PR_1	-2	85	70	302
86_PR_1	1	86	90	67163
259_SA_3	-4	69	110	400
260_SA_3	-4	70	120	370
261_SA_3	3	71	90	6240
87_SA_1	-2	87	60	3818
262_SA_3	3	72	120	1645
88_LC_1	1	88	120	49876
328_LC_4	4	58	120	37963
329_LC_4	4	59	90	49170
182_LC_2	2	82	60	31867
183_NU_2	2	83	20	424
263_SA_3	3	73	60	31544
184_SA_2	2	84	15	69779
185_SA_2	2	85	35	43027
331_SA_4	4	60	160	49339
330_SA_4	4	61	120	43576
264_SA_3	3	74	65	45824
186_PR_2	-3	86	120	446
187_SA_2	2	87	210	52943
89_PR_1	1	89	70	25502
90_SA_1	-2	90	90	122
391_LC_5	5	51	75	38739
393_PR_5	5	52	150	64796
91_PR_1	1	91	120	40720
392_PR_5	5	53	35	47942
188_VI_2	-3	88	100	132
332_PR_4	4	62	120	1652
265_PR_3	3	75	100	54161
92_SA_1	1	92	60	61420
333_VI_4	4	63	90	64849
394_PR_5	5	54	75	60774
93_SA_1	-2	93	90	3434
94_NU_1	1	94	160	68772
95_SA_1	1	95	140	314
334_SA_4	-5	64	30	1230
96_VI_1	1	96	50	28516
98_PR_1	1	97	10	50981
97_PR_1	1	98	20	53314
335_SA_4	4	65	30	17103
266_SA_3	3	76	80	5400
99_SA_1	-2	99	75	172
267_NU_3	3	77	50	6753
336_VI_4	4	66	240	318
337_PR_4	4	67	1	2707
395_SA_5	-6	55	90	302
338_SA_4	-5	68	60	240
396_SA_5	5	56	60	70322
397_SA_5	5	57	10	59357
268_SA_3	-4	78	90	1772
398_NU_5	5	58	150	7100
340_SA_4	4	69	60	5503
339_SA_4	4	70	140	6368
189_PR_2	2	89	80	6026
399_SA_5	5	59	60	51146
190_SA_2	2	90	30	65305
100_PR_1	1	100	60	2661
269_SA_3	3	79	40	268587
400_PR_5	5	60	45	48735
270_PR_3	3	80	75	12567
