Iter 119
MasterProb = 113367

s [*] :=
1    1
2   13
3  107
4    2
5  117
;

SubProb = -13435.2
d = 0

distanceCost*(sum{l in 1 .. Lcap - 1} t[l]) = 4345

Iter 120
MasterProb = 104768

s [*] :=
1   27
2   80
3   42
4   40
5  100
;

SubProb = -11858.3
d = 19

distanceCost*(sum{l in 1 .. Lcap - 1} t[l]) = 3245

Iter 121
MasterProb = 99138.6

s [*] :=
1   59
2  100
3  105
4    2
5    6
;

SubProb = -8660.67
d = 0

distanceCost*(sum{l in 1 .. Lcap - 1} t[l]) = 4455

Iter 122
MasterProb = 98516.2

s [*] :=
1   74
2  100
3   10
4   39
5  106
;

SubProb = -15912.9
d = 0

distanceCost*(sum{l in 1 .. Lcap - 1} t[l]) = 4070

Iter 123
MasterProb = 94305

s [*] :=
1  88
2  64
3  60
4  80
5  62
;

SubProb = -3874.55
d = 0

distanceCost*(sum{l in 1 .. Lcap - 1} t[l]) = 4455

Iter 124
MasterProb = 94156.5

s [*] :=
1    7
2   91
3   57
4  106
5   85
;

SubProb = -1875.57
d = 0

distanceCost*(sum{l in 1 .. Lcap - 1} t[l]) = 3575

Iter 125
MasterProb = 93771.3

s [*] :=
1  107
2   69
3    9
4   83
5    8
;

SubProb = -5033.54
d = 0

distanceCost*(sum{l in 1 .. Lcap - 1} t[l]) = 4455

Iter 126
MasterProb = 93524.7

s [*] :=
1   34
2   25
3   74
4  108
5  106
;

SubProb = -11057
d = 0

distanceCost*(sum{l in 1 .. Lcap - 1} t[l]) = 4950

Iter 127
MasterProb = 89992.1

s [*] :=
1  101
2   29
3  117
4  119
5  120
;

SubProb = -7040
d = 0

distanceCost*(sum{l in 1 .. Lcap - 1} t[l]) = 2530

Iter 128
MasterProb = 88423.3

s [*] :=
1  49
2  97
3  11
4  90
5  85
;

SubProb = 202.793
d = 23

distanceCost*(sum{l in 1 .. Lcap - 1} t[l]) = 4290

Problema Entero
MasterProb = 94216

fo1 = 54455
fo2 = 39761

x[j] [*] :=
 73  1
141  1
159  1
199  1
228  1
230  1
241  1
243  1
247  1
252  1
270  1
296  1
318  1
331  1
337  1
360  1
394  1
399  1
400  1
401  1
;

aa[i,j] [*,*]
:    73 141 159 199 228 230 241 243 247 252 270 296 318 331 337 360 394 399 400 :=
1     0   0   0   0   0   0   0   0   0   1   0   0   0   0   0   0   0   0   0
2     0   0   0   0   0   0   0   0   0   0   0   0   0   0   0   0   0   0   0
3     0   0   0   0   0   0   0   0   0   0   0   1   0   0   0   0   0   0   0
4     0   0   0   0   0   0   0   0   0   0   0   0   0   0   0   0   0   0   0
5     0   0   1   0   0   0   0   0   0   0   0   0   0   0   0   0   0   0   0
6     0   0   0   0   0   0   0   0   0   1   0   0   0   0   0   0   0   0   0
7     0   0   0   0   0   0   0   0   0   0   0   0   0   0   1   0   0   0   0
8     0   0   0   0   0   0   0   0   0   0   0   0   0   0   0   0   0   1   0
9     0   0   0   0   0   0   0   0   0   0   0   0   0   0   0   0   0   1   0
10    0   0   0   0   0   0   0   0   1   0   0   0   0   0   0   0   0   0   0
11    0   0   0   0   0   1   0   0   0   0   0   0   0   0   0   0   0   0   0
12    0   0   0   0   0   0   0   0   0   0   0   1   0   0   0   0   0   0   0
13    0   0   0   0   0   1   0   0   0   0   0   0   0   0   0   0   0   0   0
14    0   0   0   0   0   1   0   0   0   0   0   0   0   0   0   0   0   0   0
15    0   0   0   0   0   0   1   0   0   0   0   0   0   0   0   0   0   0   0
16    0   0   0   0   0   0   0   0   0   0   0   0   0   0   0   0   0   0   0
17    0   0   0   0   0   0   0   0   0   0   0   0   0   0   0   0   0   0   0
18    0   0   0   0   0   0   0   0   0   0   0   0   0   0   0   0   0   0   0
19    0   0   0   0   0   0   0   0   0   0   0   0   0   0   0   0   0   0   0
20    0   0   0   0   0   0   1   0   0   0   0   0   0   0   0   0   0   0   0
21    0   0   0   0   0   0   0   0   0   0   0   0   0   0   0   0   0   0   0
22    0   0   0   0   0   0   0   0   0   0   0   0   0   1   0   0   0   0   0
23    0   0   0   0   0   0   0   0   0   0   0   0   0   0   0   0   0   0   0
24    0   0   0   0   0   0   0   0   0   0   0   0   0   0   0   0   0   0   0
25    0   0   0   0   0   0   0   0   0   0   0   0   0   0   0   0   0   0   1
26    0   0   0   0   0   0   0   0   0   0   1   0   0   0   0   0   0   0   0
27    0   0   0   0   0   0   0   0   0   0   0   0   0   0   0   0   1   0   0
28    0   0   0   0   0   0   0   0   0   0   0   0   0   0   0   0   0   0   0
29    0   0   0   0   0   0   0   0   0   0   0   0   0   0   0   0   0   0   0
30    0   0   0   0   1   0   0   0   0   0   0   0   0   0   0   0   0   0   0
31    0   0   0   0   0   0   0   0   0   0   0   0   0   0   0   1   0   0   0
32    0   0   0   0   0   0   0   0   0   0   0   0   0   0   0   0   0   0   0
33    0   0   0   0   0   1   0   0   0   0   0   0   0   0   0   0   0   0   0
34    0   0   0   0   0   0   0   0   0   0   0   0   0   0   0   0   0   0   1
35    0   0   0   0   0   0   0   0   0   0   0   0   1   0   0   0   0   0   0
36    0   0   0   0   0   0   0   0   0   0   0   0   0   0   0   0   0   0   0
37    0   0   0   0   0   0   0   0   0   1   0   0   0   0   0   0   0   0   0
38    0   1   0   0   0   0   0   0   0   0   0   0   0   0   0   0   0   0   0
39    0   0   0   0   1   0   0   0   0   0   0   0   0   0   0   0   0   0   0
40    0   0   0   0   0   0   0   0   0   0   0   0   0   0   0   0   1   0   0
41    0   0   0   0   0   0   0   0   0   0   0   0   0   0   0   0   0   0   0
42    0   0   0   0   0   0   0   0   0   0   0   0   0   0   0   0   1   0   0
43    0   0   0   1   0   0   0   0   0   0   0   0   0   0   0   0   0   0   0
44    0   0   0   0   0   0   0   0   0   0   0   0   0   0   0   0   0   0   0
45    0   0   0   0   0   0   0   0   0   0   0   0   0   0   0   0   0   0   0
46    0   0   0   0   0   0   1   0   0   0   0   0   0   0   0   0   0   0   0
47    0   0   0   0   0   0   0   0   0   0   0   0   0   0   0   0   0   0   0
48    0   0   0   0   0   0   0   0   0   1   0   0   0   0   0   0   0   0   0
49    0   0   0   0   0   0   0   0   0   0   0   0   0   0   0   0   0   0   0
50    0   0   0   0   0   0   0   0   0   0   0   0   1   0   0   0   0   0   0
51    0   0   0   0   0   0   0   0   0   0   0   0   0   1   0   0   0   0   0
52    0   1   0   0   0   0   0   0   0   0   0   0   0   0   0   0   0   0   0
53    0   0   0   0   0   0   0   0   0   0   1   0   0   0   0   0   0   0   0
54    0   0   0   0   0   0   0   0   0   0   0   0   0   0   1   0   0   0   0
55    0   0   0   0   0   0   0   1   0   0   0   0   0   0   0   0   0   0   0
56    0   0   1   0   0   0   0   0   0   0   0   0   0   0   0   0   0   0   0
57    0   0   0   1   0   0   0   0   0   0   0   0   0   0   0   0   0   0   0
58    0   0   0   0   0   0   0   0   0   0   0   0   0   0   1   0   0   0   0
59    0   0   0   0   0   0   0   0   0   0   0   0   0   1   0   0   0   0   0
60    0   0   0   0   0   0   0   0   0   0   0   0   0   1   0   0   0   0   0
61    0   0   0   0   1   0   0   0   0   0   0   0   0   0   0   0   0   0   0
62    0   0   0   0   0   0   0   0   1   0   0   0   0   0   0   0   0   0   0
63    0   0   0   0   0   0   0   0   0   0   0   0   0   0   0   0   0   0   0
64    0   0   0   0   0   0   0   0   0   0   0   0   0   1   0   0   0   0   0
65    0   0   0   0   0   0   0   0   1   0   0   0   0   0   0   0   0   0   0
66    0   0   0   0   0   0   0   0   0   1   0   0   0   0   0   0   0   0   0
67    0   0   0   0   0   0   0   0   1   0   0   0   0   0   0   0   0   0   0
68    0   0   0   0   0   0   1   0   0   0   0   0   0   0   0   0   0   0   0
69    0   0   0   0   0   0   0   0   0   0   0   0   0   0   0   0   0   1   0
70    0   1   0   0   0   0   0   0   0   0   0   0   0   0   0   0   0   0   0
71    0   0   0   0   0   0   0   0   0   0   0   0   0   0   1   0   0   0   0
72    0   0   0   0   0   0   0   0   0   0   0   0   0   0   1   0   0   0   0
73    1   0   0   0   0   0   0   0   0   0   0   0   0   0   0   0   0   0   0
74    0   0   0   0   0   0   0   0   0   0   0   0   0   0   0   0   0   0   1
75    0   0   0   0   0   1   0   0   0   0   0   0   0   0   0   0   0   0   0
76    0   0   0   0   0   0   0   0   1   0   0   0   0   0   0   0   0   0   0
77    0   0   0   0   0   0   0   0   0   0   0   0   0   0   0   0   0   0   0
78    0   0   1   0   0   0   0   0   0   0   0   0   0   0   0   0   0   0   0
79    0   0   1   0   0   0   0   0   0   0   0   0   0   0   0   0   0   0   0
80    0   0   0   0   0   0   0   0   0   0   0   0   0   0   0   0   1   0   0
81    0   1   0   0   0   0   0   0   0   0   0   0   0   0   0   0   0   0   0
82    0   1   0   0   0   0   0   0   0   0   0   0   0   0   0   0   0   0   0
83    0   0   0   0   0   0   0   0   0   0   0   0   0   0   0   0   0   1   0
84    0   0   1   0   0   0   0   0   0   0   0   0   0   0   0   0   0   0   0
85    0   0   0   0   1   0   0   0   0   0   0   0   0   0   0   0   0   0   0
86    0   0   0   0   0   0   0   0   0   0   0   0   0   0   0   0   0   0   0
87    0   0   0   0   0   0   0   1   0   0   0   0   0   0   0   0   0   0   0
88    0   0   0   0   0   0   0   0   0   0   0   0   0   0   0   0   0   0   0
89    0   0   0   0   0   0   0   0   0   0   0   0   0   0   0   1   0   0   0
90    0   0   0   0   0   0   1   0   0   0   0   0   0   0   0   0   0   0   0
91    0   0   0   0   0   0   0   0   0   0   0   0   0   0   0   0   0   0   0
92    0   0   0   0   0   0   0   0   0   0   0   0   0   0   0   0   0   0   0
93    0   0   0   0   0   0   0   0   0   0   0   0   0   0   0   0   0   0   0
94    0   0   0   0   0   0   0   0   0   0   0   0   0   0   0   0   0   0   0
95    0   0   0   0   0   0   0   0   0   0   0   0   0   0   0   0   0   0   0
96    0   0   0   0   0   0   0   0   0   0   0   0   0   0   0   0   0   0   0
97    0   0   0   0   0   0   0   0   0   0   0   0   0   0   0   0   0   0   0
98    0   0   0   0   0   0   0   0   0   0   0   0   0   0   0   0   0   0   0
99    0   0   0   0   0   0   0   0   0   0   0   0   0   0   0   0   0   0   0
100   0   0   0   0   0   0   0   0   0   0   0   0   0   0   0   0   1   0   0
101   0   0   0   0   0   0   0   0   0   0   0   0   0   0   0   0   0   0   0
102   0   0   0   0   0   0   0   0   0   0   0   0   0   0   0   0   0   0   0
103   0   0   0   0   0   0   0   0   0   0   0   0   0   0   0   0   0   0   0
104   0   0   0   0   0   0   0   0   0   0   0   0   0   0   0   0   0   0   0
105   0   0   0   0   0   0   0   0   0   0   0   0   0   0   0   0   0   0   0
106   0   0   0   0   0   0   0   0   0   0   0   0   0   0   0   0   0   0   1
107   0   0   0   0   0   0   0   0   0   0   0   0   0   0   0   0   0   1   0
108   0   0   0   0   0   0   0   0   0   0   0   0   0   0   0   0   0   0   1
109   0   0   0   0   0   0   0   0   0   0   0   0   0   0   0   0   0   0   0
110   0   0   0   0   0   0   0   0   0   0   0   0   0   0   0   0   0   0   0
111   0   0   0   0   0   0   0   0   0   0   0   0   0   0   0   0   0   0   0
112   0   0   0   0   0   0   0   0   0   0   0   0   0   0   0   0   0   0   0
113   0   0   0   0   0   0   0   0   0   0   0   0   0   0   0   0   0   0   0
114   0   0   0   0   0   0   0   0   0   0   0   0   0   0   0   0   0   0   0
115   0   0   0   0   0   0   0   0   0   0   0   0   0   0   0   0   0   0   0
116   0   0   0   0   0   0   0   0   0   0   0   0   0   0   0   0   0   0   0
117   0   0   0   0   0   0   0   0   0   0   0   0   0   0   0   0   0   0   0
118   0   0   0   0   0   0   0   0   0   0   0   0   0   0   0   0   0   0   0

:   401    :=
1     0
2     0
3     0
4     0
5     0
6     0
7     0
8     0
9     0
10    0
11    0
12    0
13    0
14    0
15    0
16    0
17    0
18    0
19    0
20    0
21    0
22    0
23    0
24    0
25    0
26    0
27    0
28    0
29    1
30    0
31    0
32    0
33    0
34    0
35    0
36    0
37    0
38    0
39    0
40    0
41    0
42    0
43    0
44    0
45    0
46    0
47    0
48    0
49    0
50    0
51    0
52    0
53    0
54    0
55    0
56    0
57    0
58    0
59    0
60    0
61    0
62    0
63    0
64    0
65    0
66    0
67    0
68    0
69    0
70    0
71    0
72    0
73    0
74    0
75    0
76    0
77    0
78    0
79    0
80    0
81    0
82    0
83    0
84    0
85    0
86    0
87    0
88    0
89    0
90    0
91    0
92    0
93    0
94    0
95    0
96    0
97    0
98    0
99    0
100   0
101   1
102   0
103   0
104   0
105   0
106   0
107   0
108   0
109   0
110   0
111   0
112   0
113   0
114   0
115   0
116   0
117   1
118   0
;

vi[i] [*] :=
  2  1
  4  1
 16  1
 17  1
 18  1
 19  1
 21  1
 23  1
 24  1
 28  1
 32  1
 36  1
 41  1
 44  1
 45  1
 47  1
 49  1
 63  1
 77  1
 86  1
 88  1
 91  1
 92  1
 93  1
 94  1
 95  1
 96  1
 97  1
 98  1
 99  1
102  1
103  1
104  1
105  1
109  1
110  1
111  1
112  1
113  1
114  1
115  1
116  1
118  1
;

:   x[i]   c[i] travel[i] delay[i]    :=
73    1       0       0         0
141   1    3080    3080         0
159   1    4655    4015       640
199   1     880     880         0
228   1    3355    3355         0
230   1    3520    3520         0
241   1    4070    4070         0
243   1     880     880         0
247   1    3520    3520         0
252   1    4500    3300      1200
270   1     660     660         0
296   1     880     880         0
318   1     880     880         0
331   1    3630    3630         0
337   1    2585    2585         0
360   1     660     660         0
394   1    4765    3245      1520
399   1    4455    4455         0
400   1    4950    4950         0
401   1    2530    2530         0
;

