#Nombre	DiaAten	ModelId		T.Servicio	Penalty
191_PR_3	-4	1	60	2384
101_PR_2	2	1	60	1736
1_PR_1	-2	1	90	1094
341_SA_5	5	1	70	2959
102_SA_2	-3	2	120	8364
2_SA_1	1	2	90	65532
103_SA_2	2	3	120	41849
104_LC_2	-3	4	120	912
271_PR_4	4	1	60	29094
105_LC_2	2	5	200	51963
342_PR_5	5	2	60	902
192_PR_3	3	2	130	4414
193_LC_3	-4	3	70	3044
272_LC_4	4	2	130	58774
273_LC_4	4	3	90	3156
343_LC_5	5	3	45	37934
274_SA_4	4	4	60	34485
3_SA_1	1	3	75	35067
106_NU_2	2	6	75	64735
107_PR_2	2	7	30	55260
344_LC_5	5	4	120	42263
108_LC_2	2	8	10	65244
345_SA_5	-6	5	150	516
194_PR_3	3	4	20	49967
4_LC_1	1	4	120	2294
195_SA_3	3	5	150	3621
5_SA_1	1	5	90	81110
197_SA_3	3	6	120	31102
346_LC_5	5	6	70	21937
199_SA_3	3	7	80	34013
196_PR_3	3	8	45	40586
198_SA_3	3	9	60	55187
6_SA_1	1	6	30	6273
200_SA_3	3	10	60	3985
201_LC_3	3	11	270	5085
347_SA_5	5	7	20	54833
7_SA_1	1	7	290	41592
202_SA_3	3	12	180	40526
8_SA_1	1	8	60	31286
110_SA_2	2	9	120	58779
111_SA_2	2	10	120	47229
112_SA_2	2	11	60	73861
109_SA_2	2	12	110	50613
114_SA_2	2	13	60	73283
113_SA_2	2	14	60	53150
203_SA_3	3	13	45	58713
115_PR_2	2	15	90	51658
348_SA_5	5	8	60	3210
349_SA_5	5	9	15	4951
9_SA_1	-2	9	360	1864
10_SA_1	1	10	60	325
13_SA_1	-2	11	60	1350
14_SA_1	1	12	90	373
350_SA_5	-6	10	180	1432
12_SA_1	-2	13	75	1300
204_SA_3	-4	14	80	1172
205_SA_3	-4	15	60	1240
352_PR_5	-6	11	70	1262
11_SA_1	-2	14	120	1790
275_SA_4	-5	5	90	1852
276_SA_4	-5	6	60	1756
277_SA_4	-5	7	120	630
120_SA_2	-3	16	55	1710
279_SA_4	-5	8	300	1570
280_NU_4	-5	9	60	722
119_SA_2	-3	17	60	1482
124_SA_2	-3	18	30	1632
121_LC_2	-3	19	45	1428
122_SA_2	2	20	50	419
351_SA_5	-6	12	60	1332
118_SA_2	-3	21	120	998
278_PR_4	-5	10	150	1040
116_SA_2	2	22	60	785
117_SA_2	-3	23	140	1610
123_SA_2	-3	24	50	628
15_SA_1	1	15	240	63779
125_SA_2	2	25	60	30821
281_PR_4	4	11	70	63623
282_LC_4	4	12	90	37809
127_PR_2	2	26	80	158723
206_PR_3	3	16	35	73025
126_PR_2	2	27	180	108541
353_SA_5	-6	13	5	370
354_PR_5	5	14	30	32552
16_SA_1	-2	16	110	702
207_SA_3	3	17	50	227
128_SA_2	-3	28	120	310
17_NU_1	-2	17	180	2262
129_NU_2	2	29	120	1394
283_SA_4	4	13	180	1285
355_LC_5	5	15	150	975
130_SA_2	2	30	90	1843
356_SA_5	-6	16	150	838
131_PR_2	2	31	215	48584
18_SA_1	1	18	90	1319
208_SA_3	3	18	90	1214
209_SA_3	-4	19	45	2874
132_SA_2	-3	32	20	4330
19_SA_1	1	19	180	101620
210_SA_3	3	20	180	112000
284_SA_4	4	14	240	101176
134_SA_2	2	33	60	55158
133_SA_2	2	34	90	44535
357_SA_5	5	17	60	50378
285_SA_4	4	15	60	57289
135_SA_2	2	35	60	29248
20_SA_1	1	20	60	62549
136_LC_2	-3	36	30	968
286_PR_4	4	16	60	83501
360_LC_5	5	18	10	74548
358_PR_5	5	19	70	47580
137_PR_2	2	37	150	46872
359_LC_5	5	20	10	41581
361_SA_5	5	21	10	44320
21_NU_1	1	21	90	22085
211_NU_3	3	21	40	24391
362_PR_5	5	22	240	17224
22_PR_1	1	22	60	49067
213_LC_3	3	22	90	45595
139_PR_2	2	38	60	69958
140_SA_2	2	39	50	48307
288_SA_4	4	17	60	77273
287_PR_4	4	18	90	65204
212_SA_3	3	23	40	40579
138_VI_2	2	40	90	76233
363_VI_5	5	23	10	2474
214_VI_3	3	24	25	3833
215_PR_3	3	25	45	22381
23_SA_1	1	23	90	51828
24_PR_1	1	24	100	7392
289_LC_4	4	19	110	32603
25_PR_1	1	25	90	6107
141_NU_2	-3	41	150	804
26_NU_1	-2	26	420	720
27_LC_1	1	27	180	2743
216_SA_3	3	26	80	15623
28_SA_1	1	28	30	103
29_SA_1	1	29	60	75956
364_PR_5	5	24	1	1734
217_SA_3	3	27	150	1379
365_SA_5	-6	25	120	1446
290_SA_4	4	20	60	995
291_SA_4	4	21	150	3119
292_PR_4	4	22	50	2266
293_PR_4	4	23	165	2640
294_SA_4	4	24	90	34600
142_LC_2	2	42	50	7014
218_SA_3	3	28	120	3349
219_SA_3	3	29	90	4705
143_SA_2	2	43	180	3523
144_SA_2	-3	44	90	674
145_LC_2	-3	45	60	264
146_SA_2	2	46	165	153
147_LC_2	-3	47	30	426
220_PR_3	-4	30	60	334
30_PR_1	1	30	60	9100
295_LC_4	-5	25	60	74
366_SA_5	5	26	20	13367
32_SA_1	1	31	90	18725
31_SA_1	1	32	90	21145
367_PR_5	5	27	15	45214
33_LC_1	1	33	150	3534
221_PR_3	3	31	35	35458
296_SA_4	4	26	90	58868
222_PR_3	3	32	60	66068
223_PR_3	3	33	40	46998
224_PR_3	3	34	50	2214
34_LC_1	1	34	80	48725
148_SA_2	2	48	90	9820
368_PR_5	5	28	5	12483
369_SA_5	5	29	120	41358
370_SA_5	5	30	140	54357
225_SA_3	-4	35	80	1048
35_SA_1	-2	35	105	538
297_SA_4	4	27	100	2408
36_LC_1	1	36	60	71485
298_PR_4	-5	28	120	544
150_SA_2	-3	49	120	2482
149_SA_2	2	50	235	1402
151_SA_2	2	51	120	93083
38_PR_1	1	37	80	46189
371_PR_5	5	31	30	64546
37_PR_1	1	38	60	35414
39_LC_1	1	39	90	2832
226_PR_3	3	36	65	46335
372_LC_5	5	32	60	50347
227_LC_3	3	37	120	2952
40_SA_1	1	40	60	4813
228_SA_3	3	38	100	43807
152_LC_2	2	52	1	1918
41_LC_1	1	41	120	4030
42_PR_1	-2	42	60	6420
299_LC_4	-5	29	60	314
43_SA_1	-2	43	207	8176
300_SA_4	4	30	105	51170
301_SA_4	-5	31	75	928
44_PR_1	1	44	25	1307
153_PR_2	2	53	230	49047
302_SA_4	4	32	90	51932
373_SA_5	5	33	60	1332
154_PR_2	2	54	170	62524
374_PR_5	5	34	105	30056
155_SA_2	2	55	240	66966
375_PR_5	5	35	170	36803
229_SA_3	-4	39	60	1106
156_PR_2	2	56	80	33411
45_VI_1	1	45	75	12799
46_SA_1	-2	46	90	162
47_SA_1	-2	47	90	190
230_PR_3	3	40	30	45932
303_LC_4	4	33	60	45940
376_PR_5	5	36	75	86086
304_VI_4	-5	34	120	3836
231_SA_3	-4	41	80	2042
49_SA_1	-2	48	60	1776
306_SA_4	-5	35	270	3460
305_PR_4	4	36	25	1546
377_PR_5	5	37	30	1503
157_SA_2	2	57	150	1705
48_SA_1	-2	49	60	3212
232_PR_3	-4	42	120	2152
307_SA_4	4	37	120	46298
233_SA_3	3	43	40	65592
378_PR_5	5	38	30	33630
234_LC_3	3	44	60	3362
235_LC_3	-4	45	120	1002
379_LC_5	5	39	60	27465
50_LC_1	1	50	80	46829
158_PR_2	2	58	85	1966
236_VI_3	3	46	90	105
308_PR_4	4	38	30	69680
237_PR_3	3	47	70	58069
159_SA_2	2	59	55	3198
51_SA_1	-2	51	90	6834
160_PR_2	2	60	60	52369
309_PR_4	4	39	60	83710
310_PR_4	4	40	120	42365
161_LC_2	2	61	180	63950
238_SA_3	3	48	60	8021
162_SA_2	2	62	1	5951
239_SA_3	3	49	180	47109
52_PR_1	-2	52	30	9532
240_PR_3	3	50	60	5172
53_NU_1	1	53	90	26952
311_PR_4	4	41	60	60542
241_SA_3	3	51	20	55986
55_LC_1	-2	54	60	2418
54_LC_1	1	55	60	1247
312_PR_4	4	42	50	174056
56_LC_1	-2	56	150	150
313_PR_4	-5	43	50	1344
163_PR_2	-3	63	120	2908
164_NU_2	2	64	90	2727
314_SA_4	4	44	20	1177
380_LC_5	5	40	234	3560
59_SA_1	1	57	60	6365
57_SA_1	1	58	60	4752
58_SA_1	1	59	60	5374
165_SA_2	2	65	120	36253
60_LC_1	1	60	90	3341
167_SA_2	2	66	60	68570
64_SA_1	1	61	10	30235
62_SA_1	1	62	150	41657
61_SA_1	1	63	30	26152
166_SA_2	2	67	40	73477
65_SA_1	1	64	30	66379
63_SA_1	1	65	75	83000
381_SA_5	5	41	60	65629
242_LC_3	3	52	40	14370
315_SA_4	4	45	180	3086
316_NU_4	4	46	60	13096
66_PR_1	-2	66	75	806
168_SA_2	2	68	60	823
67_SA_1	-2	67	60	350
317_LC_4	4	47	45	53518
243_SA_3	-4	53	120	1506
318_SA_4	-5	48	240	2200
68_SA_1	1	68	120	242
69_VI_1	1	69	60	46810
382_PR_5	5	42	30	2679
319_PR_4	4	49	90	2320
71_PR_1	1	70	520	16739
70_SA_1	1	71	180	17818
170_SA_2	2	69	120	12732
244_SA_3	3	54	80	14796
169_LC_2	2	70	135	12410
171_PR_2	2	71	65	6976
172_NU_2	2	72	60	47096
321_SA_4	4	50	240	63115
383_SA_5	5	43	240	54136
73_PR_1	1	72	120	71808
72_SA_1	1	73	195	59275
320_SA_4	4	51	120	59061
322_SA_4	4	52	90	29450
245_SA_3	-4	55	160	548
384_SA_5	-6	44	240	952
323_SA_4	-5	53	120	808
246_LC_3	3	56	100	4950
247_SA_3	3	57	90	48707
74_SA_1	-2	74	60	346
75_SA_1	1	75	75	40859
174_SA_2	2	73	360	45669
173_SA_2	2	74	55	41483
175_SA_2	2	75	90	59346
385_SA_5	5	45	60	44096
248_SA_3	-4	58	60	4124
176_SA_2	2	76	90	1467
177_PR_2	-3	77	50	148
249_SA_3	3	59	75	61083
76_SA_1	-2	76	100	594
250_SA_3	3	60	60	54173
77_SA_1	1	77	120	44593
178_NU_2	2	78	20	299
324_SA_4	4	54	130	50091
325_PR_4	4	55	180	5302
386_SA_5	5	46	90	76327
179_PR_2	2	79	100	57062
251_PR_3	3	61	60	3065
180_LC_2	2	80	60	48325
326_SA_4	4	56	1	1037
78_SA_1	1	78	60	779
79_SA_1	1	79	100	931
181_LC_2	2	81	120	982
252_SA_3	3	62	55	1336
387_SA_5	5	47	90	82276
80_SA_1	1	80	90	39687
81_SA_1	1	81	60	12700
388_SA_5	-6	48	60	2216
389_SA_5	5	49	90	47602
253_SA_3	3	63	60	60041
82_VI_1	1	82	30	9819
390_LC_5	5	50	180	3934
255_PR_3	3	64	150	40901
254_PR_3	3	65	60	45082
256_PR_3	3	66	90	1178
257_SA_3	3	67	5	2093
258_SA_3	-4	68	120	2070
83_SA_1	-2	83	240	3324
327_SA_4	4	57	120	7615
84_LC_1	1	84	15	48984
85_PR_1	-2	85	70	50
86_PR_1	1	86	90	50000
259_SA_3	-4	69	110	114
260_SA_3	-4	70	120	270
261_SA_3	3	71	90	6479
87_SA_1	1	87	60	2227
262_SA_3	-4	72	120	2196
88_LC_1	1	88	120	19197
328_LC_4	4	58	120	36231
329_LC_4	4	59	90	49477
182_LC_2	2	82	60	40976
183_NU_2	2	83	20	505
263_SA_3	3	73	60	20483
184_SA_2	2	84	15	40728
185_SA_2	2	85	35	50670
331_SA_4	4	60	160	61268
330_SA_4	4	61	120	57766
264_SA_3	3	74	65	74983
186_PR_2	-3	86	120	446
187_SA_2	2	87	210	81713
89_PR_1	1	89	70	50051
90_SA_1	-2	90	90	202
391_LC_5	5	51	75	46355
393_PR_5	5	52	150	24868
91_PR_1	1	91	120	52689
392_PR_5	5	53	35	33337
188_VI_2	-3	88	100	86
332_PR_4	-5	62	120	2774
265_PR_3	3	75	100	51197
92_SA_1	1	92	60	44808
333_VI_4	4	63	90	26889
394_PR_5	5	54	75	57983
93_SA_1	-2	93	90	5862
94_NU_1	1	94	160	69877
95_SA_1	-2	95	140	674
334_SA_4	-5	64	30	1830
96_VI_1	1	96	50	43269
98_PR_1	1	97	10	61337
97_PR_1	1	98	20	37957
335_SA_4	4	65	30	10583
266_SA_3	3	76	80	4137
99_SA_1	1	99	75	77
267_NU_3	3	77	50	7126
336_VI_4	4	66	240	646
337_PR_4	4	67	1	3418
395_SA_5	-6	55	90	182
338_SA_4	-5	68	60	250
396_SA_5	5	56	60	26126
397_SA_5	5	57	10	23276
268_SA_3	3	78	90	1287
398_NU_5	5	58	150	3537
340_SA_4	4	69	60	8637
339_SA_4	4	70	140	5986
189_PR_2	2	89	80	8223
399_SA_5	5	59	60	33731
190_SA_2	2	90	30	52371
100_PR_1	1	100	60	4695
269_SA_3	3	79	40	205574
400_PR_5	5	60	45	40305
270_PR_3	3	80	75	16414
