#Nombre	DiaAten	ModelId		T.Servicio	Penalty
191_PR_3	3	1	1	6047
101_PR_2	-3	1	1	12094
1_PR_1	1	1	1	8859
341_SA_5	5	1	1	10592
102_SA_2	2	2	1	10815
2_SA_1	1	2	5	11236
103_SA_2	2	3	5	11267
104_LC_2	2	4	5	11432
271_PR_4	4	1	15	11620
105_LC_2	2	5	15	12096
342_PR_5	5	2	15	12440
192_PR_3	3	2	18	12884
193_LC_3	3	3	20	13299
272_LC_4	4	2	20	13305
273_LC_4	4	3	20	13321
343_LC_5	5	3	20	14155
274_SA_4	4	4	20	14315
3_SA_1	1	3	20	14375
106_NU_2	2	6	20	14418
107_PR_2	-3	7	25	28874
344_LC_5	5	4	30	14718
108_LC_2	2	8	30	14718
345_SA_5	5	5	30	14755
194_PR_3	3	4	30	14776
4_LC_1	1	4	30	14828
195_SA_3	3	5	30	14828
5_SA_1	1	5	30	14906
197_SA_3	3	6	30	14906
346_LC_5	5	6	30	14906
199_SA_3	3	7	30	14906
196_PR_3	3	8	30	14906
198_SA_3	3	9	30	14906
6_SA_1	1	6	30	14970
200_SA_3	3	10	30	14970
201_LC_3	3	11	30	14970
347_SA_5	5	7	30	15300
7_SA_1	1	7	30	15640
202_SA_3	3	12	30	15640
8_SA_1	1	8	30	15640
110_SA_2	2	9	30	15640
111_SA_2	2	10	30	15640
112_SA_2	2	11	30	15640
109_SA_2	-3	12	30	31280
114_SA_2	2	13	30	15640
113_SA_2	2	14	30	15640
203_SA_3	3	13	30	15640
115_PR_2	2	15	30	15954
348_SA_5	5	8	35	16162
349_SA_5	5	9	35	16162
9_SA_1	1	9	35	16241
10_SA_1	1	10	35	16241
13_SA_1	1	11	35	16241
14_SA_1	-2	12	35	32482
350_SA_5	5	10	35	16241
12_SA_1	1	13	35	16241
204_SA_3	3	14	35	16241
205_SA_3	3	15	35	16241
352_PR_5	5	11	35	16241
11_SA_1	-2	14	35	32482
275_SA_4	4	5	35	16241
276_SA_4	4	6	35	16241
277_SA_4	4	7	35	16241
120_SA_2	2	16	35	16241
279_SA_4	4	8	35	16241
280_NU_4	4	9	35	16241
119_SA_2	2	17	35	16241
124_SA_2	2	18	35	16241
121_LC_2	2	19	35	16241
122_SA_2	2	20	35	16241
351_SA_5	5	12	35	16241
118_SA_2	2	21	35	16241
278_PR_4	4	10	35	16241
116_SA_2	-3	22	35	32482
117_SA_2	2	23	35	16241
123_SA_2	2	24	35	16241
15_SA_1	-2	15	38	32520
125_SA_2	2	25	38	16261
281_PR_4	4	11	38	16261
282_LC_4	4	12	40	16438
127_PR_2	2	26	40	16728
206_PR_3	3	16	40	16728
126_PR_2	-3	27	40	33456
353_SA_5	5	13	40	16739
354_PR_5	5	14	40	16908
16_SA_1	1	16	45	16941
207_SA_3	3	17	45	16941
128_SA_2	2	28	45	16952
17_NU_1	1	17	45	17150
129_NU_2	2	29	45	17150
283_SA_4	4	13	45	17212
355_LC_5	5	15	45	17241
130_SA_2	2	30	45	17241
356_SA_5	5	16	45	17255
131_PR_2	2	31	50	17290
18_SA_1	1	18	50	17309
208_SA_3	3	18	50	17309
209_SA_3	3	19	50	17309
132_SA_2	2	32	50	17309
19_SA_1	1	19	50	17330
210_SA_3	3	20	50	17330
284_SA_4	4	14	50	17330
134_SA_2	2	33	50	17398
133_SA_2	2	34	50	17398
357_SA_5	5	17	50	17398
285_SA_4	4	15	50	17446
135_SA_2	2	35	50	17452
20_SA_1	1	20	50	17452
136_LC_2	2	36	50	17470
286_PR_4	4	16	52	17719
360_LC_5	5	18	52	17719
358_PR_5	5	19	52	17719
137_PR_2	2	37	52	17719
359_LC_5	5	20	52	17719
361_SA_5	5	21	52	17719
21_NU_1	1	21	57	17746
211_NU_3	3	21	57	17746
362_PR_5	5	22	57	17795
22_PR_1	1	22	60	17800
213_LC_3	3	22	60	17800
139_PR_2	2	38	60	17800
140_SA_2	2	39	60	17800
288_SA_4	4	17	60	17800
287_PR_4	4	18	60	17800
212_SA_3	3	23	60	17800
138_VI_2	2	40	60	17800
363_VI_5	5	23	60	17976
214_VI_3	3	24	60	17976
215_PR_3	3	25	60	18245
23_SA_1	1	23	60	18446
24_PR_1	1	24	60	18494
289_LC_4	4	19	60	18677
25_PR_1	1	25	60	18685
141_NU_2	2	41	60	18816
26_NU_1	1	26	60	18816
27_LC_1	1	27	60	18831
216_SA_3	3	26	60	18838
28_SA_1	1	28	60	18957
29_SA_1	-2	29	60	38066
364_PR_5	5	24	60	19059
217_SA_3	3	27	60	19089
365_SA_5	5	25	60	19089
290_SA_4	4	20	60	19089
291_SA_4	4	21	60	19144
292_PR_4	4	22	60	19145
293_PR_4	4	23	60	19145
294_SA_4	4	24	60	19157
142_LC_2	2	42	60	19164
218_SA_3	3	28	60	19271
219_SA_3	3	29	60	19271
143_SA_2	2	43	60	19271
144_SA_2	2	44	60	19298
145_LC_2	2	45	60	19371
146_SA_2	2	46	60	19371
147_LC_2	2	47	60	19371
220_PR_3	3	30	60	19371
30_PR_1	1	30	60	19570
295_LC_4	4	25	60	19623
366_SA_5	5	26	60	19691
32_SA_1	1	31	60	19827
31_SA_1	1	32	60	19827
367_PR_5	5	27	60	19886
33_LC_1	1	33	60	20239
221_PR_3	3	31	60	20322
296_SA_4	4	26	60	20453
222_PR_3	3	32	60	20593
223_PR_3	3	33	60	20600
224_PR_3	3	34	60	20670
34_LC_1	1	34	60	20718
148_SA_2	2	48	60	20721
368_PR_5	5	28	60	20759
369_SA_5	5	29	60	20797
370_SA_5	5	30	60	20797
225_SA_3	3	35	60	20801
35_SA_1	1	35	60	20801
297_SA_4	4	27	60	20939
36_LC_1	1	36	61	21006
298_PR_4	4	28	65	21020
150_SA_2	2	49	65	21085
149_SA_2	2	50	65	21085
151_SA_2	2	51	65	21096
38_PR_1	1	37	65	21186
371_PR_5	5	31	65	21186
37_PR_1	1	38	65	21186
39_LC_1	1	39	65	21222
226_PR_3	3	36	65	21224
372_LC_5	5	32	67	21226
227_LC_3	3	37	68	21249
40_SA_1	1	40	70	21274
228_SA_3	3	38	70	21275
152_LC_2	2	52	70	21282
41_LC_1	1	41	70	21285
42_PR_1	1	42	70	21285
299_LC_4	4	29	70	21288
43_SA_1	1	43	73	21310
300_SA_4	4	30	75	21321
301_SA_4	4	31	75	21459
44_PR_1	1	44	75	21471
153_PR_2	2	53	75	21533
302_SA_4	4	32	75	21536
373_SA_5	5	33	75	21623
154_PR_2	2	54	75	21721
374_PR_5	5	34	75	21721
155_SA_2	2	55	75	21732
375_PR_5	5	35	75	21770
229_SA_3	3	39	75	21771
156_PR_2	2	56	75	21900
45_VI_1	1	45	75	21912
46_SA_1	1	46	75	21970
47_SA_1	1	47	75	21970
230_PR_3	3	40	78	22011
303_LC_4	4	33	79	22025
376_PR_5	5	36	80	22028
304_VI_4	4	34	80	22207
231_SA_3	3	41	80	22207
49_SA_1	1	48	80	22207
306_SA_4	4	35	80	22207
305_PR_4	4	36	80	22207
377_PR_5	5	37	80	22207
157_SA_2	2	57	80	22207
48_SA_1	1	49	80	22207
232_PR_3	3	42	80	22207
307_SA_4	4	37	80	22353
233_SA_3	3	43	80	22520
378_PR_5	5	38	80	22644
234_LC_3	3	44	80	22661
235_LC_3	3	45	85	22670
379_LC_5	5	39	85	22777
50_LC_1	1	50	90	22795
158_PR_2	2	58	90	22802
236_VI_3	3	46	90	22808
308_PR_4	4	38	90	22833
237_PR_3	3	47	90	22833
159_SA_2	2	59	90	23102
51_SA_1	1	51	90	23102
160_PR_2	2	60	90	23149
309_PR_4	4	39	90	23180
310_PR_4	4	40	90	23180
161_LC_2	2	61	90	23243
238_SA_3	3	48	90	23260
162_SA_2	2	62	90	23277
239_SA_3	3	49	90	23344
52_PR_1	1	52	90	23406
240_PR_3	3	50	90	23406
53_NU_1	1	53	90	23409
311_PR_4	4	41	90	23410
241_SA_3	3	51	90	23593
55_LC_1	1	54	90	23596
54_LC_1	1	55	90	23596
312_PR_4	4	42	90	23603
56_LC_1	1	56	90	23655
313_PR_4	4	43	90	23658
163_PR_2	2	63	90	23658
164_NU_2	2	64	90	23663
314_SA_4	4	44	90	23728
380_LC_5	5	40	90	23741
59_SA_1	1	57	90	23754
57_SA_1	1	58	90	23754
58_SA_1	1	59	90	23754
165_SA_2	2	65	90	23816
60_LC_1	1	60	90	23854
167_SA_2	2	66	90	23864
64_SA_1	-2	61	90	47728
62_SA_1	1	62	90	23864
61_SA_1	1	63	90	23864
166_SA_2	2	67	90	23864
65_SA_1	1	64	90	23864
63_SA_1	1	65	90	23864
381_SA_5	5	41	90	23864
242_LC_3	3	52	90	23906
315_SA_4	4	45	90	23919
316_NU_4	4	46	90	23931
66_PR_1	1	66	90	23942
168_SA_2	2	68	90	23973
67_SA_1	1	67	90	24022
317_LC_4	4	47	90	24080
243_SA_3	3	53	90	24087
318_SA_4	4	48	90	24087
68_SA_1	1	68	90	24151
69_VI_1	-2	69	90	48424
382_PR_5	5	42	93	24231
319_PR_4	4	49	98	24308
71_PR_1	1	70	100	24416
70_SA_1	1	71	100	24416
170_SA_2	2	69	100	24416
244_SA_3	3	54	100	24416
169_LC_2	2	70	100	24416
171_PR_2	2	71	100	24563
172_NU_2	2	72	100	24570
321_SA_4	4	50	100	24714
383_SA_5	5	43	100	24714
73_PR_1	1	72	100	24714
72_SA_1	1	73	100	24714
320_SA_4	4	51	100	24714
322_SA_4	4	52	100	24714
245_SA_3	3	55	100	24844
384_SA_5	5	44	100	24844
323_SA_4	4	53	100	24844
246_LC_3	3	56	100	24958
247_SA_3	3	57	100	25240
74_SA_1	1	74	100	25333
75_SA_1	1	75	100	25361
174_SA_2	2	73	100	25361
173_SA_2	2	74	100	25361
175_SA_2	2	75	100	25361
385_SA_5	5	45	100	25361
248_SA_3	3	58	102	25507
176_SA_2	2	76	102	25535
177_PR_2	2	77	105	25561
249_SA_3	3	59	105	25580
76_SA_1	1	76	105	25603
250_SA_3	3	60	105	25694
77_SA_1	1	77	105	25694
178_NU_2	2	78	108	25696
324_SA_4	4	54	108	26000
325_PR_4	4	55	110	26191
386_SA_5	5	46	110	26197
179_PR_2	2	79	110	26236
251_PR_3	3	61	111	26237
180_LC_2	2	80	120	26246
326_SA_4	4	56	120	26291
78_SA_1	1	78	120	26291
79_SA_1	1	79	120	26291
181_LC_2	2	81	120	26291
252_SA_3	3	62	120	26291
387_SA_5	5	47	120	26422
80_SA_1	1	80	120	26449
81_SA_1	1	81	120	26477
388_SA_5	5	48	120	26523
389_SA_5	5	49	120	26647
253_SA_3	3	63	120	26647
82_VI_1	1	82	120	26669
390_LC_5	5	50	120	26740
255_PR_3	3	64	120	26741
254_PR_3	3	65	120	26741
256_PR_3	3	66	120	26835
257_SA_3	3	67	120	26877
258_SA_3	3	68	120	27087
83_SA_1	1	83	120	27087
327_SA_4	4	57	120	27185
84_LC_1	1	84	120	27315
85_PR_1	1	85	120	27354
86_PR_1	1	86	120	27495
259_SA_3	3	69	120	27703
260_SA_3	3	70	120	27846
261_SA_3	3	71	128	27846
87_SA_1	1	87	130	27858
262_SA_3	3	72	130	27858
88_LC_1	1	88	130	27950
328_LC_4	4	58	130	28054
329_LC_4	4	59	130	28054
182_LC_2	2	82	130	28151
183_NU_2	2	83	130	28171
263_SA_3	3	73	138	28175
184_SA_2	2	84	138	28175
185_SA_2	2	85	140	28227
331_SA_4	4	60	140	28227
330_SA_4	4	61	140	28227
264_SA_3	3	74	150	28295
186_PR_2	2	86	150	28323
187_SA_2	2	87	150	28339
89_PR_1	1	89	150	28389
90_SA_1	1	90	150	28438
391_LC_5	5	51	150	28698
393_PR_5	5	52	150	28797
91_PR_1	1	91	150	28797
392_PR_5	5	53	150	28797
188_VI_2	2	88	160	28812
332_PR_4	4	62	168	28964
265_PR_3	3	75	170	29032
92_SA_1	1	92	173	29426
333_VI_4	4	63	178	29514
394_PR_5	5	54	180	29545
93_SA_1	1	93	180	29593
94_NU_1	1	94	180	29730
95_SA_1	1	95	180	29820
334_SA_4	4	64	180	29840
96_VI_1	1	96	180	30176
98_PR_1	1	97	180	30233
97_PR_1	1	98	180	30233
335_SA_4	4	65	180	30435
266_SA_3	3	76	180	30545
99_SA_1	1	99	200	30547
267_NU_3	3	77	200	31181
336_VI_4	4	66	207	31530
337_PR_4	4	67	207	31702
395_SA_5	5	55	210	31713
338_SA_4	4	68	210	31713
396_SA_5	5	56	215	32032
397_SA_5	5	57	215	32032
268_SA_3	3	78	230	32774
398_NU_5	5	58	234	33061
340_SA_4	4	69	234	33061
339_SA_4	4	70	234	33061
189_PR_2	2	89	234	33061
399_SA_5	5	59	240	34063
190_SA_2	2	90	240	34063
100_PR_1	1	100	240	34092
269_SA_3	3	79	240	34093
400_PR_5	5	60	240	35434
270_PR_3	3	80	285	35566
