Iter 72
MasterProb = 35053.8

s [*] :=
1  15
2  71
3  72
4  73
5  74
;

SubProb = -47096
d = 0

distanceCost*(sum{l in 1 .. Lcap - 1} t[l]) = 880

Iter 73
MasterProb = 35035

s [*] :=
1  34
2  59
3  72
4  73
5  74
;

SubProb = -324.569
d = 0

distanceCost*(sum{l in 1 .. Lcap - 1} t[l]) = 495

Iter 74
MasterProb = 35010

s [*] :=
1   2
2  34
3  72
4  73
5  74
;

SubProb = -194.031
d = 0

distanceCost*(sum{l in 1 .. Lcap - 1} t[l]) = 495

Iter 75
MasterProb = 34824.2

s [*] :=
1  34
2  12
3  72
4  73
5  74
;

SubProb = -352.596
d = 0

distanceCost*(sum{l in 1 .. Lcap - 1} t[l]) = 495

Iter 76
MasterProb = 34807.2

s [*] :=
1  10
2   1
3  72
4  73
5  74
;

SubProb = -88.1758
d = 0

distanceCost*(sum{l in 1 .. Lcap - 1} t[l]) = 605

Iter 77
MasterProb = 34803.3

s [*] :=
1  68
2  32
3  31
4  65
5  54
;

SubProb = -53.2114
d = 0

distanceCost*(sum{l in 1 .. Lcap - 1} t[l]) = 3520

Iter 78
MasterProb = 34794.4

s [*] :=
1   8
2  16
3  72
4  73
5  74
;

SubProb = -97.2033
d = 0

distanceCost*(sum{l in 1 .. Lcap - 1} t[l]) = 660

Iter 79
MasterProb = 34787.5

s [*] :=
1  38
2  42
3  72
4  73
5  74
;

SubProb = -55
d = 0

distanceCost*(sum{l in 1 .. Lcap - 1} t[l]) = 660

Iter 80
MasterProb = 34787.5

s [*] :=
1  15
2  71
3  72
4  73
5  74
;

SubProb = 0
d = 0

distanceCost*(sum{l in 1 .. Lcap - 1} t[l]) = 880

Problema Entero
MasterProb = 36465

fo1 = 36465
fo2 = 0

x[j] [*] :=
 17  1
 21  1
 37  1
 47  1
 79  1
 85  1
120  1
121  1
122  1
123  1
124  1
133  1
139  1
142  1
149  1
158  1
159  1
190  1
192  1
216  1
241  1
244  1
249  1
257  1
258  1
;

aa[i,j] [*,*]
:   17  21  37  47  79  85 120 121 122 123 124 133 139 142 149 158 159 190 192 :=
1    0   0   0   0   0   0   0   0   0   0   0   0   0   0   1   0   0   0   0
2    0   0   0   0   0   0   0   0   0   0   0   0   0   0   0   0   0   0   1
3    0   0   0   0   0   0   0   0   0   0   0   0   1   0   0   0   0   0   0
4    0   0   0   0   0   1   0   0   0   0   0   0   0   0   0   0   0   0   0
5    0   0   0   0   1   0   0   0   0   0   0   0   0   0   0   0   0   0   0
6    0   0   0   0   0   0   0   0   0   1   0   0   0   0   0   0   0   0   0
7    0   0   0   0   0   0   0   0   0   0   0   1   0   0   0   0   0   0   0
8    0   0   0   0   0   0   0   0   0   0   0   0   0   0   0   0   0   0   0
9    0   0   0   0   0   0   0   1   0   0   0   0   0   0   0   0   0   0   0
10   0   0   0   0   0   0   0   0   0   0   0   0   0   0   0   0   0   0   0
11   0   0   0   0   0   0   1   0   0   0   0   0   0   0   0   0   0   0   0
12   0   0   0   0   0   0   0   0   0   0   0   0   0   0   0   0   0   0   1
13   0   0   0   0   0   0   0   0   0   0   0   0   0   0   0   0   1   0   0
14   0   0   0   0   0   0   0   0   0   0   0   0   0   1   0   0   0   0   0
15   0   0   0   0   0   0   0   0   0   0   0   0   0   0   0   0   0   0   0
16   0   0   0   0   1   0   0   0   0   0   0   0   0   0   0   0   0   0   0
17   1   0   0   0   0   0   0   0   0   0   0   0   0   0   0   0   0   0   0
18   0   0   0   0   0   1   0   0   0   0   0   0   0   0   0   0   0   0   0
19   0   0   0   0   0   0   0   0   0   0   0   0   1   0   0   0   0   0   0
20   0   0   0   0   0   0   0   0   0   0   0   0   0   0   0   0   0   0   0
21   0   1   0   0   0   0   0   0   0   0   0   0   0   0   0   0   0   0   0
22   0   0   0   0   1   0   0   0   0   0   0   0   0   0   0   0   0   0   0
23   0   0   0   0   0   0   0   0   0   0   0   0   0   0   1   0   0   0   0
24   0   0   0   0   0   0   0   0   0   0   0   0   0   0   0   0   0   0   0
25   0   0   0   0   0   0   0   0   0   0   0   0   1   0   0   0   0   0   0
26   0   0   0   0   0   0   0   0   0   0   0   0   0   0   0   0   0   0   0
27   0   0   0   0   0   0   0   0   0   0   0   0   0   1   0   0   0   0   0
28   0   0   0   0   0   0   0   0   0   0   0   0   0   0   0   1   0   0   0
29   0   0   0   0   1   0   0   0   0   0   0   0   0   0   0   0   0   0   0
30   0   0   0   0   0   0   0   0   0   0   0   0   0   0   0   0   1   0   0
31   0   0   0   0   0   1   0   0   0   0   0   0   0   0   0   0   0   0   0
32   0   0   0   0   0   0   0   1   0   0   0   0   0   0   0   0   0   0   0
33   0   0   0   0   0   0   0   0   0   0   0   0   1   0   0   0   0   0   0
34   0   0   0   0   0   0   0   0   0   0   0   0   0   0   0   0   0   0   0
35   0   0   0   0   0   0   0   0   0   0   0   0   0   0   0   0   0   1   0
36   0   0   0   0   0   0   0   0   1   0   0   0   0   0   0   0   0   0   0
37   0   0   1   0   0   0   0   0   0   0   0   0   0   0   0   0   0   0   0
38   0   0   0   0   0   0   0   0   0   0   0   0   0   0   0   0   0   0   0
39   0   0   0   0   0   0   0   0   0   0   0   0   0   0   1   0   0   0   0
40   0   0   0   0   0   0   0   0   0   0   0   0   0   0   0   0   0   1   0
41   0   0   0   0   0   0   0   0   0   0   0   0   0   0   0   0   0   0   0
42   0   0   0   0   0   0   0   0   0   0   0   0   0   0   0   0   0   1   0
43   0   0   0   0   0   0   0   0   0   0   0   0   0   0   0   0   0   1   0
44   0   0   0   0   0   0   0   0   0   0   0   0   0   1   0   0   0   0   0
45   0   0   0   0   0   0   0   0   0   0   0   0   0   0   0   0   0   0   0
46   0   0   0   0   0   0   0   0   0   0   0   0   0   0   1   0   0   0   0
47   0   0   0   1   0   0   0   0   0   0   0   0   0   0   0   0   0   0   0
48   0   0   0   0   0   0   1   0   0   0   0   0   0   0   0   0   0   0   0
49   0   0   0   0   0   0   0   0   0   0   0   0   0   0   0   0   0   0   0
50   0   0   0   0   0   1   0   0   0   0   0   0   0   0   0   0   0   0   0
51   0   0   0   0   0   0   0   0   0   1   0   0   0   0   0   0   0   0   0
52   0   0   0   0   0   0   0   0   0   0   0   0   0   0   0   0   0   0   0
53   0   0   0   0   0   0   0   0   0   0   0   0   0   0   0   0   0   1   0
54   0   0   0   0   0   0   0   0   0   0   0   0   0   0   0   0   0   0   0
55   0   0   0   0   0   0   0   0   0   0   0   0   0   0   0   1   0   0   0
56   0   0   0   0   0   0   0   0   0   0   0   0   0   0   1   0   0   0   0
57   0   0   0   0   0   0   0   0   0   0   0   0   0   0   0   0   0   0   0
58   0   0   0   0   0   0   0   0   0   0   1   0   0   0   0   0   0   0   0
59   0   0   0   0   0   0   0   0   0   0   0   0   0   0   0   0   0   0   0
60   0   0   0   0   0   0   1   0   0   0   0   0   0   0   0   0   0   0   0
61   0   0   0   0   0   0   0   0   1   0   0   0   0   0   0   0   0   0   0
62   0   0   0   0   1   0   0   0   0   0   0   0   0   0   0   0   0   0   0
63   0   0   0   0   0   0   0   0   0   0   0   0   1   0   0   0   0   0   0
64   0   0   0   0   0   0   0   0   0   0   0   0   0   1   0   0   0   0   0
65   0   0   0   0   0   1   0   0   0   0   0   0   0   0   0   0   0   0   0
66   0   0   0   0   0   0   0   0   0   0   1   0   0   0   0   0   0   0   0
67   0   0   0   0   0   0   0   0   0   0   0   0   0   0   0   0   0   0   0
68   0   0   0   0   0   0   0   0   0   0   0   0   0   0   0   0   0   0   0
69   0   0   0   0   0   0   0   0   0   1   0   0   0   0   0   0   0   0   0
70   0   0   0   0   0   0   0   0   0   0   0   1   0   0   0   0   0   0   0
71   0   0   0   0   0   0   0   0   0   0   0   0   0   0   0   0   0   0   0

:  216 241 244 249 257 258    :=
1    0   0   0   0   0   0
2    0   0   0   0   0   0
3    0   0   0   0   0   0
4    0   0   0   0   0   0
5    0   0   0   0   0   0
6    0   0   0   0   0   0
7    0   0   0   0   0   0
8    0   0   1   0   0   0
9    0   0   0   0   0   0
10   0   0   1   0   0   0
11   0   0   0   0   0   0
12   0   0   0   0   0   0
13   0   0   0   0   0   0
14   0   0   0   0   0   0
15   0   0   0   0   1   0
16   0   0   0   0   0   0
17   0   0   0   0   0   0
18   0   0   0   0   0   0
19   0   0   0   0   0   0
20   0   0   0   1   0   0
21   0   0   0   0   0   0
22   0   0   0   0   0   0
23   0   0   0   0   0   0
24   0   0   0   1   0   0
25   0   0   0   0   0   0
26   0   0   0   1   0   0
27   0   0   0   0   0   0
28   0   0   0   0   0   0
29   0   0   0   0   0   0
30   0   0   0   0   0   0
31   0   0   0   0   0   0
32   0   0   0   0   0   0
33   0   0   0   0   0   0
34   0   0   0   0   0   1
35   0   0   0   0   0   0
36   0   0   0   0   0   0
37   0   0   0   0   0   0
38   0   1   0   0   0   0
39   0   0   0   0   0   0
40   0   0   0   0   0   0
41   0   0   1   0   0   0
42   0   0   0   0   0   0
43   0   0   0   0   0   0
44   0   0   0   0   0   0
45   1   0   0   0   0   0
46   0   0   0   0   0   0
47   0   0   0   0   0   0
48   0   0   0   0   0   0
49   0   1   0   0   0   0
50   0   0   0   0   0   0
51   0   0   0   0   0   0
52   0   0   0   1   0   0
53   0   0   0   0   0   0
54   1   0   0   0   0   0
55   0   0   0   0   0   0
56   0   0   0   0   0   0
57   0   0   1   0   0   0
58   0   0   0   0   0   0
59   0   0   0   0   0   1
60   0   0   0   0   0   0
61   0   0   0   0   0   0
62   0   0   0   0   0   0
63   0   0   0   0   0   0
64   0   0   0   0   0   0
65   0   0   0   0   0   0
66   0   0   0   0   0   0
67   0   0   1   0   0   0
68   0   0   0   1   0   0
69   0   0   0   0   0   0
70   0   0   0   0   0   0
71   0   0   0   0   1   0
;

vi[i] [*] :=
;

:   x[i]   c[i] travel[i] delay[i]    :=
17    1       0       0       0
21    1       0       0       0
37    1       0       0       0
47    1       0       0       0
79    1    3685    3685       0
85    1    3520    3520       0
120   1    2035    2035       0
121   1     880     880       0
122   1     880     880       0
123   1    1760    1760       0
124   1     495     495       0
133   1     880     880       0
139   1    1980    1980       0
142   1    2640    2640       0
149   1    3025    3025       0
158   1     660     660       0
159   1     880     880       0
190   1    3135    3135       0
192   1     495     495       0
216   1     880     880       0
241   1     660     660       0
244   1    3080    3080       0
249   1    3520    3520       0
257   1     880     880       0
258   1     495     495       0
;

