Iter 83
MasterProb = 45714

s [*] :=
1   8
2  62
3  82
4  33
5  81
;

SubProb = -83981.4
d = 1

distanceCost*(sum{l in 1 .. Lcap - 1} t[l]) = 3630

Iter 84
MasterProb = 45700.4

s [*] :=
1  33
2  82
3  83
4  84
5  85
;

SubProb = -292.027
d = 0

distanceCost*(sum{l in 1 .. Lcap - 1} t[l]) = 605

Iter 85
MasterProb = 45674.9

s [*] :=
1  81
2  52
3  83
4  84
5  85
;

SubProb = -386.227
d = 0

distanceCost*(sum{l in 1 .. Lcap - 1} t[l]) = 495

Iter 86
MasterProb = 45669.9

s [*] :=
1  56
2  45
3  81
4  83
5  84
;

SubProb = -1043.07
d = 0

distanceCost*(sum{l in 1 .. Lcap - 1} t[l]) = 990

Iter 87
MasterProb = 45210.7

s [*] :=
1  32
2  82
3  83
4  84
5  85
;

SubProb = -400.543
d = 0

distanceCost*(sum{l in 1 .. Lcap - 1} t[l]) = 605

Iter 88
MasterProb = 44856.5

s [*] :=
1  80
2  82
3  83
4  84
5  85
;

SubProb = -304.364
d = 0

distanceCost*(sum{l in 1 .. Lcap - 1} t[l]) = 605

Iter 89
MasterProb = 44843.9

s [*] :=
1  34
2  21
3  32
4   6
5  64
;

SubProb = -648.877
d = 0

distanceCost*(sum{l in 1 .. Lcap - 1} t[l]) = 2530

Iter 90
MasterProb = 44796.4

s [*] :=
1   1
2  30
3   2
4  31
5  83
;

SubProb = -379.105
d = 0

distanceCost*(sum{l in 1 .. Lcap - 1} t[l]) = 1980

Iter 91
MasterProb = 44717.3

s [*] :=
1  50
2  82
3  66
4   2
5  83
;

SubProb = -692.764
d = 0

distanceCost*(sum{l in 1 .. Lcap - 1} t[l]) = 1870

Iter 92
MasterProb = 44557.9

s [*] :=
1  77
2  42
3  83
4  84
5  85
;

SubProb = -257.765
d = 0

distanceCost*(sum{l in 1 .. Lcap - 1} t[l]) = 605

Iter 93
MasterProb = 44526.7

s [*] :=
1  80
2   6
3  83
4  84
5  85
;

SubProb = -87.1873
d = 0

distanceCost*(sum{l in 1 .. Lcap - 1} t[l]) = 660

Iter 94
MasterProb = 44504.9

s [*] :=
1  42
2  16
3  83
4  84
5  85
;

SubProb = -220
d = 0

distanceCost*(sum{l in 1 .. Lcap - 1} t[l]) = 660

Iter 95
MasterProb = 44487.7

s [*] :=
1  47
2  64
3  83
4  84
5  85
;

SubProb = -218.967
d = 0

distanceCost*(sum{l in 1 .. Lcap - 1} t[l]) = 660

Iter 96
MasterProb = 44479.7

s [*] :=
1  47
2  34
3  83
4  84
5  85
;

SubProb = -177.29
d = 0

distanceCost*(sum{l in 1 .. Lcap - 1} t[l]) = 660

Iter 97
MasterProb = 44468.8

s [*] :=
1  32
2  77
3  83
4  84
5  85
;

SubProb = -129.465
d = 0

distanceCost*(sum{l in 1 .. Lcap - 1} t[l]) = 605

Iter 98
MasterProb = 44451.2

s [*] :=
1  12
2  51
3  68
4  83
5  84
;

SubProb = -106.251
d = 0

distanceCost*(sum{l in 1 .. Lcap - 1} t[l]) = 1760

Iter 99
MasterProb = 44416.8

s [*] :=
1  58
2  35
3  83
4  84
5  85
;

SubProb = -43.5335
d = 0

distanceCost*(sum{l in 1 .. Lcap - 1} t[l]) = 880

Iter 100
MasterProb = 44414.3

s [*] :=
1  69
2  17
3  60
4  18
5  54
;

SubProb = -58.0006
d = 0

distanceCost*(sum{l in 1 .. Lcap - 1} t[l]) = 3520

Iter 101
MasterProb = 44409.7

s [*] :=
1  58
2  76
3  10
4  17
5   7
;

SubProb = -76.6057
d = 0

distanceCost*(sum{l in 1 .. Lcap - 1} t[l]) = 3520

Iter 102
MasterProb = 44400

s [*] :=
1  17
2  57
3  83
4  84
5  85
;

SubProb = -2.27374e-13
d = 0

distanceCost*(sum{l in 1 .. Lcap - 1} t[l]) = 880

Problema Entero
MasterProb = 70873

fo1 = 46885
fo2 = 23988

x[j] [*] :=
 17  1
 20  1
 41  1
 61  1
 63  1
 72  1
 96  1
100  1
135  1
140  1
143  1
145  1
148  1
154  1
155  1
157  1
163  1
171  1
195  1
199  1
205  1
206  1
220  1
232  1
245  1
;

aa[i,j] [*,*]
:   17  20  41  61  63  72  96 100 135 140 143 145 148 154 155 157 163 171 195 :=
1    0   0   0   0   0   0   0   0   0   0   0   0   0   0   0   0   1   0   0
2    0   0   0   0   0   0   0   0   0   0   0   0   1   0   0   0   0   0   0
3    0   0   0   0   0   0   1   0   0   0   0   0   0   0   0   0   0   0   0
4    0   0   0   0   0   0   0   0   0   0   0   0   0   0   0   0   0   0   0
5    0   0   0   0   0   0   0   1   0   0   0   0   0   0   0   0   0   0   0
6    0   0   0   0   0   0   0   0   0   0   0   0   1   0   0   0   0   0   0
7    0   0   0   0   0   0   0   0   0   0   0   0   0   0   0   0   0   0   0
8    0   0   0   0   0   0   0   0   0   0   0   0   0   0   0   0   0   0   0
9    0   0   0   0   0   0   0   0   0   0   1   0   0   0   0   0   0   0   0
10   0   0   0   0   0   0   0   0   0   0   0   0   0   0   0   0   0   0   0
11   0   0   0   0   0   0   0   0   0   0   0   0   0   0   0   0   0   0   0
12   0   0   0   0   0   0   0   0   0   0   0   0   0   0   0   0   0   0   1
13   0   0   0   0   0   0   0   1   0   0   0   0   0   0   0   0   0   0   0
14   0   0   0   0   0   0   0   0   0   0   0   0   0   0   0   0   0   0   0
15   0   0   0   0   0   0   0   0   0   0   0   0   0   0   0   0   0   0   1
16   0   0   0   0   0   0   0   0   0   0   0   0   0   0   0   0   0   0   0
17   1   0   0   0   0   0   0   0   0   0   0   0   0   0   0   0   0   0   0
18   0   0   0   0   0   0   0   0   0   0   0   0   0   1   0   0   0   0   0
19   0   0   0   0   0   0   0   0   0   0   0   0   0   0   0   0   0   0   1
20   0   1   0   0   0   0   0   0   0   0   0   0   0   0   0   0   0   0   0
21   0   0   0   0   0   0   0   0   0   0   0   0   1   0   0   0   0   0   0
22   0   0   0   0   0   0   0   0   0   0   0   0   0   0   0   1   0   0   0
23   0   0   0   0   0   0   0   0   0   0   0   0   0   0   0   0   0   0   0
24   0   0   0   0   0   0   0   0   0   0   0   0   0   0   1   0   0   0   0
25   0   0   0   0   0   0   0   0   1   0   0   0   0   0   0   0   0   0   0
26   0   0   0   0   0   0   0   0   1   0   0   0   0   0   0   0   0   0   0
27   0   0   0   0   0   0   0   0   0   0   0   0   0   0   0   0   0   0   0
28   0   0   0   0   0   0   0   0   0   0   0   0   0   1   0   0   0   0   0
29   0   0   0   0   0   0   0   0   0   1   0   0   0   0   0   0   0   0   0
30   0   0   0   0   0   0   0   0   0   0   0   0   0   0   0   0   1   0   0
31   0   0   0   0   0   0   0   0   0   0   0   0   0   0   1   0   0   0   0
32   0   0   0   0   0   0   1   0   0   0   0   0   0   0   0   0   0   0   0
33   0   0   0   0   0   0   0   0   0   0   0   0   0   0   0   0   0   0   0
34   0   0   0   0   0   0   0   0   0   0   0   0   0   0   0   0   0   0   0
35   0   0   0   0   0   0   0   0   0   1   0   0   0   0   0   0   0   0   0
36   0   0   0   0   0   0   0   0   0   0   0   1   0   0   0   0   0   0   0
37   0   0   0   0   0   0   0   0   0   0   0   0   1   0   0   0   0   0   0
38   0   0   0   0   0   0   0   0   0   0   0   0   0   0   0   0   0   0   0
39   0   0   0   0   0   0   0   1   0   0   0   0   0   0   0   0   0   0   0
40   0   0   0   0   0   0   0   0   0   0   0   0   1   0   0   0   0   0   0
41   0   0   1   0   0   0   0   0   0   0   0   0   0   0   0   0   0   0   0
42   0   0   0   0   0   0   0   0   0   0   0   0   0   0   1   0   0   0   0
43   0   0   0   0   0   0   0   1   0   0   0   0   0   0   0   0   0   0   0
44   0   0   0   0   0   0   0   0   0   0   0   0   0   0   1   0   0   0   0
45   0   0   0   0   0   0   0   0   1   0   0   0   0   0   0   0   0   0   0
46   0   0   0   0   0   0   0   0   1   0   0   0   0   0   0   0   0   0   0
47   0   0   0   0   0   0   0   0   0   0   0   0   0   0   0   0   0   0   0
48   0   0   0   0   0   0   0   0   0   0   0   0   0   0   0   0   0   0   0
49   0   0   0   0   0   0   0   0   0   0   0   0   0   0   0   0   0   0   0
50   0   0   0   0   0   0   0   0   0   0   1   0   0   0   0   0   0   0   0
51   0   0   0   0   0   0   0   0   0   0   0   0   0   0   0   1   0   0   0
52   0   0   0   0   0   0   1   0   0   0   0   0   0   0   0   0   0   0   0
53   0   0   0   0   0   0   0   1   0   0   0   0   0   0   0   0   0   0   0
54   0   0   0   0   0   0   0   0   0   0   1   0   0   0   0   0   0   0   0
55   0   0   0   0   0   0   0   0   0   0   0   0   0   0   0   0   0   0   0
56   0   0   0   0   0   0   1   0   0   0   0   0   0   0   0   0   0   0   0
57   0   0   0   0   0   0   0   0   0   0   0   0   0   1   0   0   0   0   0
58   0   0   0   0   0   0   0   0   0   0   0   0   0   1   0   0   0   0   0
59   0   0   0   0   0   0   0   0   0   1   0   0   0   0   0   0   0   0   0
60   0   0   0   0   0   0   0   0   0   0   0   0   0   0   0   0   0   0   0
61   0   0   0   1   0   0   0   0   0   0   0   0   0   0   0   0   0   0   0
62   0   0   0   0   0   0   0   0   0   0   0   0   0   0   0   0   0   0   0
63   0   0   0   0   1   0   0   0   0   0   0   0   0   0   0   0   0   0   0
64   0   0   0   0   0   0   0   0   1   0   0   0   0   0   0   0   0   0   0
65   0   0   0   0   0   0   0   0   0   0   0   0   0   0   1   0   0   0   0
66   0   0   0   0   0   0   0   0   0   0   0   0   0   0   0   0   0   1   0
67   0   0   0   0   0   0   0   0   0   0   0   0   0   0   0   0   0   0   1
68   0   0   0   0   0   0   1   0   0   0   0   0   0   0   0   0   0   0   0
69   0   0   0   0   0   0   0   0   0   1   0   0   0   0   0   0   0   0   0
70   0   0   0   0   0   0   0   0   0   0   0   0   0   0   0   1   0   0   0
71   0   0   0   0   0   0   0   0   0   0   0   0   0   0   0   0   0   0   1
72   0   0   0   0   0   1   0   0   0   0   0   0   0   0   0   0   0   0   0
73   0   0   0   0   0   0   0   0   0   0   0   0   0   0   0   1   0   0   0
74   0   0   0   0   0   0   0   0   0   0   1   0   0   0   0   0   0   0   0
75   0   0   0   0   0   0   0   0   0   0   0   1   0   0   0   0   0   0   0
76   0   0   0   0   0   0   0   0   0   0   1   0   0   0   0   0   0   0   0
77   0   0   0   0   0   0   0   0   0   0   0   0   0   0   0   0   0   0   0
78   0   0   0   0   0   0   0   0   0   0   0   0   0   0   0   1   0   0   0
79   0   0   0   0   0   0   0   0   0   1   0   0   0   0   0   0   0   0   0
80   0   0   0   0   0   0   0   0   0   0   0   0   0   0   0   0   0   1   0
81   0   0   0   0   0   0   0   0   0   0   0   0   0   0   0   0   0   0   0
82   0   0   0   0   0   0   0   0   0   0   0   0   0   0   0   0   0   0   0

:  199 205 206 220 232 245    :=
1    0   0   0   0   0   0
2    0   0   0   0   0   0
3    0   0   0   0   0   0
4    0   1   0   0   0   0
5    0   0   0   0   0   0
6    0   0   0   0   0   0
7    0   0   0   1   0   0
8    0   0   0   0   1   0
9    0   0   0   0   0   0
10   1   0   0   0   0   0
11   0   1   0   0   0   0
12   0   0   0   0   0   0
13   0   0   0   0   0   0
14   1   0   0   0   0   0
15   0   0   0   0   0   0
16   1   0   0   0   0   0
17   0   0   0   0   0   0
18   0   0   0   0   0   0
19   0   0   0   0   0   0
20   0   0   0   0   0   0
21   0   0   0   0   0   0
22   0   0   0   0   0   0
23   0   1   0   0   0   0
24   0   0   0   0   0   0
25   0   0   0   0   0   0
26   0   0   0   0   0   0
27   1   0   0   0   0   0
28   0   0   0   0   0   0
29   0   0   0   0   0   0
30   0   0   0   0   0   0
31   0   0   0   0   0   0
32   0   0   0   0   0   0
33   0   0   0   0   1   0
34   0   0   0   0   0   1
35   0   0   0   0   0   0
36   0   0   0   0   0   0
37   0   0   0   0   0   0
38   0   0   1   0   0   0
39   0   0   0   0   0   0
40   0   0   0   0   0   0
41   0   0   0   0   0   0
42   0   0   0   0   0   0
43   0   0   0   0   0   0
44   0   0   0   0   0   0
45   0   0   0   0   0   0
46   0   0   0   0   0   0
47   0   0   0   0   0   1
48   0   0   1   0   0   0
49   0   0   0   0   0   0
50   0   0   0   0   0   0
51   0   0   0   0   0   0
52   0   0   0   0   0   0
53   0   0   0   0   0   0
54   0   0   0   0   0   0
55   0   0   1   0   0   0
56   0   0   0   0   0   0
57   0   0   0   0   0   0
58   0   0   0   0   0   0
59   0   0   0   0   0   0
60   0   0   0   1   0   0
61   0   0   0   0   0   0
62   0   0   0   0   1   0
63   0   0   0   0   0   0
64   0   0   0   0   0   0
65   0   0   0   0   0   0
66   0   0   0   0   0   0
67   0   0   0   0   0   0
68   0   0   0   0   0   0
69   0   0   0   0   0   0
70   0   0   0   0   0   0
71   0   0   0   0   0   0
72   0   0   0   0   0   0
73   0   0   0   0   0   0
74   0   0   0   0   0   0
75   0   0   0   0   0   0
76   0   0   0   0   0   0
77   1   0   0   0   0   0
78   0   0   0   0   0   0
79   0   0   0   0   0   0
80   0   0   0   0   0   0
81   0   0   0   0   1   0
82   0   0   0   0   1   0
;

vi[i] [*] :=
49  1
;

:   x[i]   c[i] travel[i] delay[i]    :=
17    1       0       0        0
20    1       0       0        0
41    1       0       0        0
61    1       0       0        0
63    1       0       0        0
72    1       0       0        0
96    1    3025    3025        0
100   1    3520    3520        0
135   1    3795    3795        0
140   1    3520    3520        0
143   1    3795    3795        0
145   1     660     660        0
148   1    2970    2970        0
154   1    2640    2640        0
155   1    2695    2695        0
157   1    3520    3520        0
163   1     660     660        0
171   1     660     660        0
195   1    3520    3520        0
199   1    3520    3520        0
205   1    1375    1375        0
206   1    1760    1760        0
220   1     880     880        0
232   1    3710    3630       80
245   1     660     660        0
;

