#Nombre	DiaAten	ModelId		T.Servicio	Penalty
191_PR_3	3	1	60	1148
101_PR_2	2	1	60	1710
1_PR_1	-2	1	90	850
341_SA_5	-6	1	70	1994
102_SA_2	2	2	120	3526
2_SA_1	1	2	90	81644
103_SA_2	2	3	120	80137
104_LC_2	-3	4	120	780
271_PR_4	4	1	60	29072
105_LC_2	2	5	200	38945
342_PR_5	5	2	60	495
192_PR_3	3	2	130	3051
193_LC_3	3	3	70	1337
272_LC_4	4	2	130	52527
273_LC_4	4	3	90	2314
343_LC_5	5	3	45	70498
274_SA_4	4	4	60	64015
3_SA_1	1	3	75	60599
106_NU_2	2	6	75	65194
107_PR_2	2	7	30	37405
344_LC_5	5	4	120	59879
108_LC_2	2	8	10	49819
345_SA_5	-6	5	150	196
194_PR_3	3	4	20	77673
4_LC_1	-2	4	120	2722
195_SA_3	3	5	150	2698
5_SA_1	1	5	90	45608
197_SA_3	3	6	120	40868
346_LC_5	5	6	70	77144
199_SA_3	3	7	80	55315
196_PR_3	3	8	45	39351
198_SA_3	3	9	60	27955
6_SA_1	-2	6	30	8596
200_SA_3	3	10	60	5255
201_LC_3	3	11	270	4644
347_SA_5	5	7	20	62922
7_SA_1	1	7	290	59639
202_SA_3	3	12	180	44983
8_SA_1	1	8	60	53487
110_SA_2	2	9	120	59877
111_SA_2	2	10	120	46247
112_SA_2	2	11	60	40426
109_SA_2	2	12	110	40577
114_SA_2	2	13	60	45740
113_SA_2	2	14	60	40552
203_SA_3	3	13	45	61069
115_PR_2	2	15	90	51648
348_SA_5	5	8	60	7368
349_SA_5	5	9	15	3796
9_SA_1	1	9	360	1072
10_SA_1	-2	10	60	1538
13_SA_1	-2	11	60	1756
14_SA_1	-2	12	90	610
350_SA_5	-6	10	180	1448
12_SA_1	-2	13	75	1782
204_SA_3	-4	14	80	1036
205_SA_3	-4	15	60	1682
352_PR_5	-6	11	70	1994
11_SA_1	-2	14	120	1476
275_SA_4	-5	5	90	922
276_SA_4	-5	6	60	1518
277_SA_4	-5	7	120	1240
120_SA_2	-3	16	55	1280
279_SA_4	-5	8	300	1704
280_NU_4	-5	9	60	1168
119_SA_2	-3	17	60	1474
124_SA_2	2	18	30	501
121_LC_2	2	19	45	725
122_SA_2	-3	20	50	796
351_SA_5	-6	12	60	1352
118_SA_2	-3	21	120	648
278_PR_4	-5	10	150	1964
116_SA_2	-3	22	60	1480
117_SA_2	-3	23	140	1258
123_SA_2	2	24	50	520
15_SA_1	1	15	240	52676
125_SA_2	2	25	60	38640
281_PR_4	4	11	70	47236
282_LC_4	4	12	90	31801
127_PR_2	2	26	80	114638
206_PR_3	3	16	35	94087
126_PR_2	2	27	180	102563
353_SA_5	-6	13	5	420
354_PR_5	5	14	30	38349
16_SA_1	1	16	110	298
207_SA_3	-4	17	50	736
128_SA_2	-3	28	120	280
17_NU_1	-2	17	180	2316
129_NU_2	2	29	120	884
283_SA_4	4	13	180	2097
355_LC_5	-6	15	150	896
130_SA_2	-3	30	90	2972
356_SA_5	-6	16	150	648
131_PR_2	2	31	215	51892
18_SA_1	-2	18	90	2938
208_SA_3	3	18	90	2257
209_SA_3	-4	19	45	2412
132_SA_2	2	32	20	2017
19_SA_1	1	19	180	86337
210_SA_3	3	20	180	94055
284_SA_4	4	14	240	88820
134_SA_2	2	33	60	64774
133_SA_2	2	34	90	39112
357_SA_5	5	17	60	30087
285_SA_4	4	15	60	89453
135_SA_2	2	35	60	19627
20_SA_1	1	20	60	49986
136_LC_2	-3	36	30	874
286_PR_4	4	16	60	62121
360_LC_5	5	18	10	57633
358_PR_5	5	19	70	49574
137_PR_2	2	37	150	65279
359_LC_5	5	20	10	47277
361_SA_5	5	21	10	62620
21_NU_1	1	21	90	22781
211_NU_3	3	21	40	14134
362_PR_5	5	22	240	60599
22_PR_1	1	22	60	47845
213_LC_3	3	22	90	66166
139_PR_2	2	38	60	51073
140_SA_2	2	39	50	51011
288_SA_4	4	17	60	63421
287_PR_4	4	18	90	59106
212_SA_3	3	23	40	50993
138_VI_2	2	40	90	36954
363_VI_5	5	23	10	2821
214_VI_3	3	24	25	3657
215_PR_3	3	25	45	22646
23_SA_1	1	23	90	59403
24_PR_1	1	24	100	5988
289_LC_4	4	19	110	34446
25_PR_1	1	25	90	5504
141_NU_2	-3	41	150	382
26_NU_1	-2	26	420	668
27_LC_1	-2	27	180	4544
216_SA_3	3	26	80	4689
28_SA_1	1	28	30	242
29_SA_1	1	29	60	39555
364_PR_5	5	24	1	1401
217_SA_3	-4	27	150	1032
365_SA_5	5	25	120	991
290_SA_4	-5	20	60	1354
291_SA_4	4	21	150	3769
292_PR_4	4	22	50	1932
293_PR_4	-5	23	165	2192
294_SA_4	4	24	90	30243
142_LC_2	2	42	50	6916
218_SA_3	-4	28	120	3828
219_SA_3	3	29	90	3680
143_SA_2	-3	43	180	5942
144_SA_2	-3	44	90	258
145_LC_2	-3	45	60	318
146_SA_2	-3	46	165	374
147_LC_2	2	47	30	145
220_PR_3	-4	30	60	308
30_PR_1	1	30	60	6104
295_LC_4	-5	25	60	190
366_SA_5	5	26	20	8973
32_SA_1	1	31	90	10108
31_SA_1	1	32	90	22977
367_PR_5	5	27	15	44115
33_LC_1	1	33	150	2907
221_PR_3	3	31	35	30084
296_SA_4	4	26	90	48958
222_PR_3	3	32	60	30219
223_PR_3	3	33	40	55010
224_PR_3	3	34	50	2950
34_LC_1	1	34	80	31897
148_SA_2	2	48	90	9565
368_PR_5	5	28	5	10816
369_SA_5	5	29	120	32571
370_SA_5	5	30	140	32197
225_SA_3	-4	35	80	636
35_SA_1	-2	35	105	798
297_SA_4	4	27	100	2780
36_LC_1	1	36	60	42441
298_PR_4	-5	28	120	698
150_SA_2	-3	49	120	-68
149_SA_2	2	50	235	2419
151_SA_2	2	51	120	68019
38_PR_1	1	37	80	64582
371_PR_5	5	31	30	59242
37_PR_1	1	38	60	57714
39_LC_1	1	39	90	2809
226_PR_3	3	36	65	58974
372_LC_5	5	32	60	73760
227_LC_3	3	37	120	1491
40_SA_1	1	40	60	2710
228_SA_3	3	38	100	39335
152_LC_2	2	52	1	1161
41_LC_1	-2	41	120	6442
42_PR_1	-2	42	60	4380
299_LC_4	-5	29	60	380
43_SA_1	1	43	207	4501
300_SA_4	4	30	105	35739
301_SA_4	-5	31	75	478
44_PR_1	1	44	25	962
153_PR_2	2	53	230	54568
302_SA_4	4	32	90	34655
373_SA_5	5	33	60	1760
154_PR_2	2	54	170	93502
374_PR_5	5	34	105	57498
155_SA_2	2	55	240	60642
375_PR_5	5	35	170	31119
229_SA_3	-4	39	60	1152
156_PR_2	2	56	80	52272
45_VI_1	1	45	75	10976
46_SA_1	-2	46	90	204
47_SA_1	-2	47	90	106
230_PR_3	3	40	30	41003
303_LC_4	4	33	60	49256
376_PR_5	5	36	75	60260
304_VI_4	4	34	120	1804
231_SA_3	-4	41	80	508
49_SA_1	1	48	60	2173
306_SA_4	-5	35	270	1996
305_PR_4	4	36	25	1005
377_PR_5	5	37	30	1730
157_SA_2	-3	57	150	3826
48_SA_1	1	49	60	1579
232_PR_3	3	42	120	1926
307_SA_4	4	37	120	35394
233_SA_3	3	43	40	41959
378_PR_5	5	38	30	52320
234_LC_3	3	44	60	2264
235_LC_3	-4	45	120	1022
379_LC_5	5	39	60	35370
50_LC_1	1	50	80	52445
158_PR_2	2	58	85	2762
236_VI_3	-4	46	90	342
308_PR_4	4	38	30	53176
237_PR_3	3	47	70	77566
159_SA_2	-3	59	55	4214
51_SA_1	-2	51	90	4918
160_PR_2	2	60	60	75600
309_PR_4	4	39	60	19031
310_PR_4	4	40	120	47353
161_LC_2	2	61	180	49197
238_SA_3	3	48	60	6491
162_SA_2	2	62	1	560
239_SA_3	3	49	180	60262
52_PR_1	1	52	30	5152
240_PR_3	3	50	60	4698
53_NU_1	1	53	90	50139
311_PR_4	4	41	60	40086
241_SA_3	3	51	20	36759
55_LC_1	1	54	60	1514
54_LC_1	-2	55	60	1652
312_PR_4	4	42	50	97892
56_LC_1	-2	56	150	158
313_PR_4	4	43	50	1879
163_PR_2	-3	63	120	3974
164_NU_2	2	64	90	1655
314_SA_4	4	44	20	2789
380_LC_5	5	40	234	3226
59_SA_1	1	57	60	5199
57_SA_1	1	58	60	4068
58_SA_1	1	59	60	5461
165_SA_2	2	65	120	58271
60_LC_1	1	60	90	5602
167_SA_2	2	66	60	39982
64_SA_1	1	61	10	70581
62_SA_1	1	62	150	59162
61_SA_1	1	63	30	45233
166_SA_2	2	67	40	51096
65_SA_1	1	64	30	37085
63_SA_1	1	65	75	50712
381_SA_5	5	41	60	32011
242_LC_3	3	52	40	49851
315_SA_4	4	45	180	1953
316_NU_4	4	46	60	14963
66_PR_1	-2	66	75	776
168_SA_2	-3	68	60	646
67_SA_1	-2	67	60	434
317_LC_4	4	47	45	30853
243_SA_3	-4	53	120	1568
318_SA_4	-5	48	240	2172
68_SA_1	-2	68	120	370
69_VI_1	1	69	60	40241
382_PR_5	5	42	30	2175
319_PR_4	4	49	90	1417
71_PR_1	1	70	520	17014
70_SA_1	1	71	180	31682
170_SA_2	2	69	120	23656
244_SA_3	3	54	80	16488
169_LC_2	2	70	135	10468
171_PR_2	2	71	65	9883
172_NU_2	2	72	60	31454
321_SA_4	4	50	240	52792
383_SA_5	5	43	240	44248
73_PR_1	1	72	120	40228
72_SA_1	1	73	195	22040
320_SA_4	4	51	120	31724
322_SA_4	4	52	90	42957
245_SA_3	-4	55	160	706
384_SA_5	-6	44	240	426
323_SA_4	-5	53	120	1088
246_LC_3	3	56	100	1929
247_SA_3	3	57	90	59216
74_SA_1	-2	74	60	456
75_SA_1	1	75	75	42312
174_SA_2	2	73	360	67139
173_SA_2	2	74	55	49098
175_SA_2	2	75	90	62649
385_SA_5	5	45	60	69010
248_SA_3	3	58	60	2234
176_SA_2	2	76	90	1156
177_PR_2	2	77	50	66
249_SA_3	3	59	75	45972
76_SA_1	-2	76	100	298
250_SA_3	3	60	60	57763
77_SA_1	1	77	120	58160
178_NU_2	-3	78	20	532
324_SA_4	4	54	130	42509
325_PR_4	4	55	180	4256
386_SA_5	5	46	90	53427
179_PR_2	2	79	100	46447
251_PR_3	3	61	60	6211
180_LC_2	2	80	60	61472
326_SA_4	4	56	1	1085
78_SA_1	-2	78	60	790
79_SA_1	-2	79	100	1732
181_LC_2	-3	81	120	1320
252_SA_3	-4	62	55	2280
387_SA_5	5	47	90	62791
80_SA_1	1	80	90	68674
81_SA_1	1	81	60	16867
388_SA_5	5	48	60	2562
389_SA_5	5	49	90	25646
253_SA_3	3	63	60	64246
82_VI_1	1	82	30	11014
390_LC_5	5	50	180	4357
255_PR_3	3	64	150	63986
254_PR_3	3	65	60	55607
256_PR_3	3	66	90	1125
257_SA_3	-4	67	5	1696
258_SA_3	3	68	120	2405
83_SA_1	-2	83	240	7208
327_SA_4	4	57	120	6351
84_LC_1	1	84	15	58584
85_PR_1	-2	85	70	396
86_PR_1	1	86	90	46326
259_SA_3	-4	69	110	326
260_SA_3	-4	70	120	502
261_SA_3	3	71	90	5177
87_SA_1	1	87	60	1118
262_SA_3	3	72	120	2064
88_LC_1	1	88	120	44284
328_LC_4	4	58	120	73205
329_LC_4	4	59	90	36598
182_LC_2	2	82	60	45188
183_NU_2	2	83	20	421
263_SA_3	3	73	60	43247
184_SA_2	2	84	15	52493
185_SA_2	2	85	35	55707
331_SA_4	4	60	160	46447
330_SA_4	4	61	120	66594
264_SA_3	3	74	65	77680
186_PR_2	-3	86	120	362
187_SA_2	2	87	210	56360
89_PR_1	1	89	70	43305
90_SA_1	-2	90	90	178
391_LC_5	5	51	75	61109
393_PR_5	5	52	150	49605
91_PR_1	1	91	120	55289
392_PR_5	5	53	35	75049
188_VI_2	-3	88	100	92
332_PR_4	4	62	120	1019
265_PR_3	3	75	100	57351
92_SA_1	1	92	60	51532
333_VI_4	4	63	90	39663
394_PR_5	5	54	75	37941
93_SA_1	1	93	90	2273
94_NU_1	1	94	160	38625
95_SA_1	-2	95	140	644
334_SA_4	4	64	30	1011
96_VI_1	1	96	50	60158
98_PR_1	1	97	10	28990
97_PR_1	1	98	20	50661
335_SA_4	4	65	30	11126
266_SA_3	3	76	80	5625
99_SA_1	-2	99	75	214
267_NU_3	3	77	50	7843
336_VI_4	4	66	240	588
337_PR_4	4	67	1	2232
395_SA_5	-6	55	90	406
338_SA_4	-5	68	60	286
396_SA_5	5	56	60	57111
397_SA_5	5	57	10	68993
268_SA_3	3	78	90	980
398_NU_5	5	58	150	5124
340_SA_4	4	69	60	9945
339_SA_4	4	70	140	4419
189_PR_2	2	89	80	8079
399_SA_5	5	59	60	63072
190_SA_2	2	90	30	43128
100_PR_1	1	100	60	4130
269_SA_3	3	79	40	282383
400_PR_5	5	60	45	63811
270_PR_3	3	80	75	15417
