#Nombre	DiaAten	ModelId		T.Servicio	Penalty
1_PR_1	1	1	90	30164
2_SA_1	1	2	90	43991
3_SA_1	1	3	75	24220
4_LC_1	1	4	120	44583
5_SA_1	1	5	90	26865
6_SA_1	1	6	30	29515
7_SA_1	1	7	290	28370
8_SA_1	1	8	60	28370
9_SA_1	1	9	360	28671
10_SA_1	1	10	60	28671
11_SA_1	1	11	120	28671
12_SA_1	1	12	75	28671
13_SA_1	1	13	60	28671
14_SA_1	1	14	90	28671
15_SA_1	1	15	240	27459
16_SA_1	1	16	110	29252
17_NU_1	1	17	180	26441
18_SA_1	1	18	90	29458
19_SA_1	1	19	180	26024
20_SA_1	1	20	60	34143
21_NU_1	1	21	90	32638
22_PR_1	1	22	60	29034
23_SA_1	1	23	90	14091
24_PR_1	1	24	100	35939
25_PR_1	1	25	90	25464
26_NU_1	-2	26	420	31840
27_LC_1	1	27	180	27553
28_SA_1	1	28	30	21744
29_SA_1	1	29	60	28052
30_PR_1	1	30	60	24258
31_SA_1	1	31	90	23127
32_SA_1	1	32	90	23127
33_LC_1	1	33	150	19286
34_LC_1	1	34	80	31538
35_SA_1	1	35	105	28483
36_LC_1	1	36	60	23835
37_PR_1	1	37	60	27406
38_PR_1	1	38	80	27406
39_LC_1	1	39	90	20306
40_SA_1	1	40	60	30684
41_LC_1	1	41	120	27430
42_PR_1	1	42	60	27430
43_SA_1	-2	43	207	43230
44_PR_1	1	44	25	40521
45_VI_1	-2	45	75	37760
46_SA_1	1	46	90	22367
47_SA_1	1	47	90	22367
48_SA_1	1	48	60	30226
49_SA_1	1	49	60	30226
50_LC_1	1	50	80	23516
51_SA_1	1	51	90	24627
52_PR_1	1	52	30	19987
53_NU_1	1	53	90	25766
54_LC_1	1	54	60	33605
55_LC_1	1	55	60	33605
56_LC_1	-2	56	150	33772
57_SA_1	1	57	60	42609
58_SA_1	1	58	60	42609
59_SA_1	1	59	60	42609
60_LC_1	1	60	90	25547
61_SA_1	1	61	30	30938
62_SA_1	1	62	150	30938
63_SA_1	1	63	75	30938
64_SA_1	1	64	10	30938
65_SA_1	1	65	30	30938
66_PR_1	1	66	75	33785
67_SA_1	1	67	60	12178
68_SA_1	1	68	120	27490
69_VI_1	1	69	60	27367
70_SA_1	1	70	180	32287
71_PR_1	1	71	520	32287
72_SA_1	1	72	195	30300
73_PR_1	1	73	120	30300
74_SA_1	1	74	60	15092
75_SA_1	1	75	75	38420
76_SA_1	1	76	100	12920
77_SA_1	1	77	120	23581
78_SA_1	1	78	60	31241
79_SA_1	1	79	100	31241
80_SA_1	1	80	90	23689
81_SA_1	1	81	60	27770
82_VI_1	1	82	30	28931
83_SA_1	1	83	240	32048
84_LC_1	1	84	15	30913
85_PR_1	1	85	70	25677
86_PR_1	1	86	90	35982
87_SA_1	1	87	60	27663
88_LC_1	1	88	120	27630
89_PR_1	1	89	70	28866
90_SA_1	1	90	90	12024
91_PR_1	1	91	120	35073
92_SA_1	1	92	60	33092
93_SA_1	1	93	90	24729
94_NU_1	1	94	160	35135
95_SA_1	1	95	140	31061
96_VI_1	1	96	50	29981
97_PR_1	1	97	20	39755
98_PR_1	1	98	10	39755
99_SA_1	1	99	75	24662
100_PR_1	1	100	60	24704
101_PR_2	-3	1	60	52332
102_SA_2	2	2	120	17001
103_SA_2	2	3	120	35262
104_LC_2	2	4	120	33394
105_LC_2	2	5	200	15369
106_NU_2	2	6	75	38365
107_PR_2	2	7	30	20415
108_LC_2	2	8	10	25581
109_SA_2	2	9	110	28370
110_SA_2	2	10	120	28370
111_SA_2	2	11	120	28370
112_SA_2	2	12	60	28370
113_SA_2	2	13	60	28370
114_SA_2	2	14	60	28370
115_PR_2	2	15	90	32209
116_SA_2	2	16	60	28671
117_SA_2	2	17	140	28671
118_SA_2	2	18	120	28671
119_SA_2	2	19	60	28671
120_SA_2	2	20	55	28671
121_LC_2	2	21	45	28671
122_SA_2	2	22	50	28671
123_SA_2	2	23	50	28671
124_SA_2	2	24	30	28671
125_SA_2	2	25	60	43040
126_PR_2	2	26	180	29534
127_PR_2	2	27	80	29534
128_SA_2	2	28	120	21592
129_NU_2	2	29	120	26441
130_SA_2	2	30	90	33041
131_PR_2	2	31	215	30754
132_SA_2	2	32	20	29458
133_SA_2	2	33	90	17359
134_SA_2	2	34	60	17359
135_SA_2	2	35	60	34143
136_LC_2	2	36	30	25778
137_PR_2	2	37	150	21048
138_VI_2	2	38	90	29034
139_PR_2	2	39	60	29034
140_SA_2	2	40	50	29034
141_NU_2	2	41	150	15920
142_LC_2	2	42	50	33078
143_SA_2	2	43	180	18286
144_SA_2	2	44	90	16594
145_LC_2	2	45	60	24797
146_SA_2	2	46	165	24797
147_LC_2	2	47	30	24797
148_SA_2	2	48	90	30805
149_SA_2	2	49	235	20090
150_SA_2	2	50	120	20090
151_SA_2	2	51	120	22820
152_LC_2	2	52	1	25934
153_PR_2	2	53	230	41412
154_PR_2	2	54	170	35375
155_SA_2	2	55	240	25229
156_PR_2	2	56	80	24956
157_SA_2	2	57	150	30226
158_PR_2	-3	58	85	46722
159_SA_2	2	59	55	24627
160_PR_2	2	60	60	21664
161_LC_2	2	61	180	24567
162_SA_2	2	62	1	19128
163_PR_2	2	63	120	37520
164_NU_2	2	64	90	28757
165_SA_2	2	65	120	28694
166_SA_2	2	66	40	30938
167_SA_2	2	67	60	30938
168_SA_2	2	68	60	32918
169_LC_2	2	69	135	32287
170_SA_2	2	70	120	32287
171_PR_2	2	71	65	29258
172_NU_2	2	72	60	32930
173_SA_2	2	73	55	38420
174_SA_2	2	74	360	38420
175_SA_2	2	75	90	38420
176_SA_2	2	76	90	19291
177_PR_2	2	77	50	21536
178_NU_2	2	78	20	31184
179_PR_2	2	79	100	33638
180_LC_2	2	80	60	39238
181_LC_2	2	81	120	31241
182_LC_2	2	82	60	16722
183_NU_2	2	83	20	20653
184_SA_2	2	84	15	24727
185_SA_2	2	85	35	21503
186_PR_2	2	86	120	33439
187_SA_2	2	87	210	37352
188_VI_2	2	88	100	23852
189_PR_2	2	89	80	17674
190_SA_2	2	90	30	14497
191_PR_3	3	1	60	26166
192_PR_3	3	2	130	22180
193_LC_3	3	3	70	18682
194_PR_3	3	4	20	27136
195_SA_3	3	5	150	26719
196_PR_3	3	6	45	26865
197_SA_3	3	7	120	26865
198_SA_3	3	8	60	26865
199_SA_3	3	9	80	26865
200_SA_3	3	10	60	29515
201_LC_3	3	11	270	29515
202_SA_3	3	12	180	28370
203_SA_3	3	13	45	28370
204_SA_3	3	14	80	28671
205_SA_3	3	15	60	28671
206_PR_3	3	16	35	29534
207_SA_3	3	17	50	29252
208_SA_3	3	18	90	29458
209_SA_3	3	19	45	29458
210_SA_3	3	20	180	26024
211_NU_3	3	21	40	32638
212_SA_3	3	22	40	29034
213_LC_3	3	23	90	29034
214_VI_3	3	24	25	32562
215_PR_3	3	25	45	24868
216_SA_3	3	26	80	26003
217_SA_3	3	27	150	23883
218_SA_3	3	28	120	18286
219_SA_3	3	29	90	18286
220_PR_3	3	30	60	24797
221_PR_3	3	31	35	22036
222_PR_3	3	32	60	40973
223_PR_3	3	33	40	26013
224_PR_3	3	34	50	37830
225_SA_3	3	35	80	28483
226_PR_3	3	36	65	27633
227_LC_3	3	37	120	35757
228_SA_3	3	38	100	28383
229_SA_3	3	39	60	27348
230_PR_3	3	40	30	24993
231_SA_3	3	41	80	30226
232_PR_3	3	42	120	30226
233_SA_3	3	43	40	34005
234_LC_3	3	44	60	20534
235_LC_3	3	45	120	21597
236_VI_3	3	46	90	30643
237_PR_3	3	47	70	31361
238_SA_3	3	48	60	32136
239_SA_3	3	49	180	27875
240_PR_3	3	50	60	19987
241_SA_3	3	51	20	23612
242_LC_3	3	52	40	25114
243_SA_3	3	53	120	22220
244_SA_3	3	54	80	32287
245_SA_3	3	55	160	31202
246_LC_3	3	56	100	27893
247_SA_3	3	57	90	18498
248_SA_3	3	58	60	23483
249_SA_3	3	59	75	35885
250_SA_3	3	60	60	23581
251_PR_3	3	61	60	23039
252_SA_3	3	62	55	31241
253_SA_3	3	63	60	25124
254_PR_3	3	64	60	35515
255_PR_3	3	65	150	35515
256_PR_3	3	66	90	26831
257_SA_3	3	67	5	27243
258_SA_3	3	68	120	32048
259_SA_3	3	69	110	23675
260_SA_3	3	70	120	30609
261_SA_3	3	71	90	25695
262_SA_3	3	72	120	27663
263_SA_3	3	73	60	24727
264_SA_3	3	74	65	45681
265_PR_3	3	75	100	20322
266_SA_3	3	76	80	43337
267_NU_3	3	77	50	31218
268_SA_3	3	78	90	21129
269_SA_3	3	79	40	31513
270_PR_3	3	80	75	22340
271_PR_4	4	1	60	22314
272_LC_4	4	2	130	19766
273_LC_4	4	3	90	29439
274_SA_4	4	4	60	30677
275_SA_4	4	5	90	28671
276_SA_4	4	6	60	28671
277_SA_4	4	7	120	28671
278_PR_4	4	8	150	28671
279_SA_4	4	9	300	28671
280_NU_4	4	10	60	28671
281_PR_4	4	11	70	43040
282_LC_4	4	12	90	17049
283_SA_4	4	13	180	18786
284_SA_4	4	14	240	26024
285_SA_4	4	15	60	33467
286_PR_4	4	16	60	21048
287_PR_4	4	17	90	29034
288_SA_4	4	18	60	29034
289_LC_4	4	19	110	33277
290_SA_4	4	20	60	23883
291_SA_4	4	21	150	39941
292_PR_4	4	22	50	30837
293_PR_4	4	23	165	30837
294_SA_4	4	24	90	32446
295_LC_4	4	25	60	27514
296_SA_4	4	26	90	23291
297_SA_4	4	27	100	27850
298_PR_4	4	28	120	31622
299_LC_4	4	29	60	38802
300_SA_4	4	30	105	21228
301_SA_4	4	31	75	40879
302_SA_4	4	32	90	28216
303_LC_4	4	33	60	23261
304_VI_4	4	34	120	30226
305_PR_4	4	35	25	30226
306_SA_4	4	36	270	30226
307_SA_4	4	37	120	35540
308_PR_4	4	38	30	31361
309_PR_4	4	39	60	37197
310_PR_4	4	40	120	37197
311_PR_4	4	41	60	20868
312_PR_4	4	42	50	19573
313_PR_4	4	43	50	37520
314_SA_4	4	44	20	34043
315_SA_4	4	45	180	27518
316_NU_4	4	46	60	28166
317_LC_4	4	47	45	32081
318_SA_4	4	48	240	22220
319_PR_4	4	49	90	14181
320_SA_4	4	50	120	30300
321_SA_4	4	51	240	30300
322_SA_4	4	52	90	30300
323_SA_4	4	53	120	31202
324_SA_4	4	54	130	37130
325_PR_4	4	55	180	27843
326_SA_4	4	56	1	31241
327_SA_4	4	57	120	34588
328_LC_4	4	58	120	29505
329_LC_4	4	59	90	29505
330_SA_4	4	60	120	21503
331_SA_4	4	61	160	21503
332_PR_4	4	62	120	28856
333_VI_4	4	63	90	28787
334_SA_4	4	64	30	35585
335_SA_4	4	65	30	27419
336_VI_4	4	66	240	34125
337_PR_4	4	67	1	24468
338_SA_4	4	68	60	17798
339_SA_4	4	69	140	17674
340_SA_4	4	70	60	17674
341_SA_5	5	1	70	14827
342_PR_5	5	2	60	19507
343_LC_5	5	3	45	22790
344_LC_5	5	4	120	25581
345_SA_5	5	5	150	32207
346_LC_5	5	6	70	26865
347_SA_5	5	7	20	11810
348_SA_5	5	8	60	23324
349_SA_5	5	9	15	23324
350_SA_5	5	10	180	28671
351_SA_5	5	11	60	28671
352_PR_5	5	12	70	28671
353_SA_5	5	13	5	28664
354_PR_5	5	14	30	22261
355_LC_5	5	15	150	33041
356_SA_5	5	16	150	37589
357_SA_5	5	17	60	17359
358_PR_5	5	18	70	21048
359_LC_5	5	19	10	21048
360_LC_5	5	20	10	21048
361_SA_5	5	21	10	21048
362_PR_5	5	22	240	25865
363_VI_5	5	23	10	32562
364_PR_5	5	24	1	36154
365_SA_5	5	25	120	23883
366_SA_5	5	26	20	23592
367_PR_5	5	27	15	22212
368_PR_5	5	28	5	24646
369_SA_5	5	29	120	21498
370_SA_5	5	30	140	21498
371_PR_5	5	31	30	27406
372_LC_5	5	32	60	18758
373_SA_5	5	33	60	26045
374_PR_5	5	34	105	35375
375_PR_5	5	35	170	29524
376_PR_5	5	36	75	35651
377_PR_5	5	37	30	30226
378_PR_5	5	38	30	16833
379_LC_5	5	39	60	28651
380_LC_5	5	40	234	29629
381_SA_5	5	41	60	30938
382_PR_5	5	42	30	24059
383_SA_5	5	43	240	30300
384_SA_5	5	44	240	31202
385_SA_5	5	45	60	38420
386_SA_5	5	46	90	18237
387_SA_5	5	47	90	25519
388_SA_5	5	48	60	25240
389_SA_5	5	49	90	25124
390_LC_5	5	50	180	22568
391_LC_5	5	51	75	26589
392_PR_5	5	52	35	35073
393_PR_5	5	53	150	35073
394_PR_5	5	54	75	14924
395_SA_5	5	55	90	17798
396_SA_5	5	56	60	32712
397_SA_5	5	57	10	32712
398_NU_5	5	58	150	17674
399_SA_5	5	59	60	14497
400_PR_5	5	60	45	32213
