Iter 101
MasterProb = 199310

s [*] :=
1  80
2  19
3  48
4  59
5  17
;

SubProb = -853.441
d = 161

distanceCost*(sum{l in 1 .. Lcap - 1} t[l]) = 3905

Iter 102
MasterProb = 199292

s [*] :=
1  100
2   35
3   82
4   67
5    7
;

SubProb = -2508.71
d = 156

distanceCost*(sum{l in 1 .. Lcap - 1} t[l]) = 5005

Iter 103
MasterProb = 198675

s [*] :=
1  44
2  65
3  42
4  19
5  53
;

SubProb = -1100.13
d = 36

distanceCost*(sum{l in 1 .. Lcap - 1} t[l]) = 4730

Iter 104
MasterProb = 198572

s [*] :=
1  67
2  82
3   4
4  76
5   7
;

SubProb = -1295.98
d = 207

distanceCost*(sum{l in 1 .. Lcap - 1} t[l]) = 4785

Iter 105
MasterProb = 198311

s [*] :=
1  68
2  12
3  30
4  24
5   7
;

SubProb = -2958.26
d = 250

distanceCost*(sum{l in 1 .. Lcap - 1} t[l]) = 3850

Iter 106
MasterProb = 197588

s [*] :=
1  24
2  77
3  20
4  16
5  85
;

SubProb = -464.035
d = 54

distanceCost*(sum{l in 1 .. Lcap - 1} t[l]) = 4070

Iter 107
MasterProb = 197581

s [*] :=
1  24
2  58
3  68
4  80
5  16
;

SubProb = -1487.57
d = 69

distanceCost*(sum{l in 1 .. Lcap - 1} t[l]) = 3795

Iter 108
MasterProb = 197421

s [*] :=
1  93
2  18
3  31
4  47
5  68
;

SubProb = -1868.1
d = 64

distanceCost*(sum{l in 1 .. Lcap - 1} t[l]) = 3520

Iter 109
MasterProb = 197363

s [*] :=
1   2
2  19
3  20
4  10
5  17
;

SubProb = 587.053
d = 161

distanceCost*(sum{l in 1 .. Lcap - 1} t[l]) = 3905

Problema Entero
MasterProb = 327530

fo1 = 117860
fo2 = 209670

x[j] [*] :=
182  1
183  1
214  1
242  1
287  1
295  1
330  1
335  1
338  1
348  1
386  1
424  1
440  1
514  1
523  1
538  1
546  1
559  1
581  1
586  1
;

aa[i,j] [*,*]
:   182 183 214 242 287 295 330 335 338 348 386 424 440 514 523 538 546 559 581 :=
1     0   1   0   0   0   0   0   0   0   0   0   0   0   0   0   0   0   0   0
2     0   0   0   0   0   0   0   0   0   0   0   0   0   0   0   0   0   0   0
3     0   0   0   0   0   0   0   0   1   0   0   0   0   0   0   0   0   0   0
4     0   0   0   1   0   0   0   0   0   0   0   0   0   0   0   0   0   0   0
5     1   0   0   0   0   0   0   0   0   0   0   0   0   0   0   0   0   0   0
6     0   0   0   1   0   0   0   0   0   0   0   0   0   0   0   0   0   0   0
7     0   0   0   0   0   0   0   0   0   0   0   0   0   0   0   0   0   0   1
8     0   0   0   0   0   0   0   0   0   0   0   0   0   0   0   1   0   0   0
9     0   0   0   0   0   0   0   0   0   0   0   0   0   0   1   0   0   0   0
10    0   0   0   0   0   0   0   0   0   1   0   0   0   0   0   0   0   0   0
11    0   0   0   0   0   1   0   0   0   0   0   0   0   0   0   0   0   0   0
12    0   0   0   0   0   0   1   0   0   0   0   0   0   0   0   0   0   0   0
13    0   0   0   0   0   0   0   0   0   0   0   0   0   0   0   0   0   0   0
14    0   0   0   0   0   0   0   0   0   1   0   0   0   0   0   0   0   0   0
15    0   0   0   0   0   0   0   0   0   0   0   0   0   0   0   0   0   0   0
16    0   0   0   0   0   0   0   0   0   0   0   0   0   0   0   0   0   0   0
17    0   0   0   0   0   0   0   0   0   0   0   1   0   0   0   0   0   0   0
18    0   0   0   0   0   0   0   0   0   0   0   0   0   0   0   0   0   0   0
19    0   0   0   0   0   0   0   0   0   0   0   1   0   0   0   0   0   0   0
20    0   0   0   0   0   0   0   0   0   0   1   0   0   0   0   0   0   0   0
21    0   0   0   0   0   0   0   0   1   0   0   0   0   0   0   0   0   0   0
22    0   0   0   0   0   0   1   0   0   0   0   0   0   0   0   0   0   0   0
23    0   0   0   0   0   0   0   0   0   0   0   0   0   0   1   0   0   0   0
24    0   0   0   0   0   0   0   0   0   0   0   0   0   0   0   0   0   0   0
25    0   0   0   0   0   0   0   0   0   0   0   0   1   0   0   0   0   0   0
26    0   0   0   0   0   0   0   0   0   0   0   0   0   0   0   0   0   0   0
27    0   0   0   0   0   0   0   0   0   0   0   0   0   0   0   0   0   1   0
28    0   0   0   0   0   1   0   0   0   0   0   0   0   0   0   0   0   0   0
29    0   0   0   0   0   0   0   0   0   0   0   0   1   0   0   0   0   0   0
30    0   0   0   0   0   0   0   0   0   0   0   0   0   0   0   0   0   1   0
31    0   0   0   0   0   0   0   0   0   0   1   0   0   0   0   0   0   0   0
32    0   0   0   0   0   0   0   0   0   0   0   0   0   1   0   0   0   0   0
33    0   1   0   0   0   0   0   0   0   0   0   0   0   0   0   0   0   0   0
34    0   0   0   0   0   0   0   0   0   0   0   0   1   0   0   0   0   0   0
35    0   0   0   0   0   0   0   0   0   0   0   0   0   0   0   0   0   0   1
36    0   0   1   0   0   0   0   0   0   0   0   0   0   0   0   0   0   0   0
37    0   1   0   0   0   0   0   0   0   0   0   0   0   0   0   0   0   0   0
38    0   0   0   0   0   0   0   0   0   0   0   0   0   0   0   0   0   0   0
39    0   0   0   0   0   0   0   0   0   0   1   0   0   0   0   0   0   0   0
40    0   0   0   0   1   0   0   0   0   0   0   0   0   0   0   0   0   0   0
41    0   0   0   0   0   0   0   0   0   0   0   0   0   0   0   0   1   0   0
42    0   0   0   0   0   0   0   0   0   0   0   0   0   1   0   0   0   0   0
43    0   0   0   0   0   1   0   0   0   0   0   0   0   0   0   0   0   0   0
44    0   0   1   0   0   0   0   0   0   0   0   0   0   0   0   0   0   0   0
45    1   0   0   0   0   0   0   0   0   0   0   0   0   0   0   0   0   0   0
46    0   0   0   0   1   0   0   0   0   0   0   0   0   0   0   0   0   0   0
47    0   0   0   0   0   0   0   0   0   0   0   0   0   0   0   1   0   0   0
48    0   0   0   0   0   0   0   0   0   0   0   0   0   0   0   0   1   0   0
49    1   0   0   0   0   0   0   0   0   0   0   0   0   0   0   0   0   0   0
50    0   0   0   0   0   0   0   0   0   0   0   0   0   0   0   0   0   1   0
51    0   0   0   1   0   0   0   0   0   0   0   0   0   0   0   0   0   0   0
52    0   0   0   0   0   0   0   1   0   0   0   0   0   0   0   0   0   0   0
53    0   0   0   1   0   0   0   0   0   0   0   0   0   0   0   0   0   0   0
54    0   0   0   0   0   0   0   1   0   0   0   0   0   0   0   0   0   0   0
55    0   0   0   0   0   0   0   1   0   0   0   0   0   0   0   0   0   0   0
56    0   0   1   0   0   0   0   0   0   0   0   0   0   0   0   0   0   0   0
57    0   1   0   0   0   0   0   0   0   0   0   0   0   0   0   0   0   0   0
58    0   0   0   0   0   0   0   0   0   0   0   0   0   0   0   0   0   0   0
59    0   0   0   0   0   0   0   0   0   1   0   0   0   0   0   0   0   0   0
60    0   0   0   0   0   0   0   0   0   0   0   0   0   0   0   1   0   0   0
61    0   0   0   0   0   1   0   0   0   0   0   0   0   0   0   0   0   0   0
62    0   0   1   0   0   0   0   0   0   0   0   0   0   0   0   0   0   0   0
63    0   0   0   0   0   0   0   0   1   0   0   0   0   0   0   0   0   0   0
64    0   0   0   0   1   0   0   0   0   0   0   0   0   0   0   0   0   0   0
65    0   0   0   0   0   0   0   0   0   0   0   0   0   1   0   0   0   0   0
66    0   0   0   0   0   0   0   0   0   0   0   0   1   0   0   0   0   0   0
67    0   0   0   0   0   0   0   0   0   0   0   0   0   0   0   0   0   0   1
68    0   0   0   0   0   0   0   0   0   0   0   0   0   0   0   0   0   0   0
69    0   0   0   0   0   0   0   0   0   0   0   0   0   0   0   0   1   0   0
70    0   0   0   0   0   0   0   0   0   0   0   0   0   0   0   0   0   0   0
71    0   0   0   0   0   0   0   0   1   0   0   0   0   0   0   0   0   0   0
72    1   0   0   0   0   0   0   0   0   0   0   0   0   0   0   0   0   0   0
73    0   0   0   0   1   0   0   0   0   0   0   0   0   0   0   0   0   0   0
74    0   0   0   0   0   0   0   0   0   0   0   0   0   0   0   0   1   0   0
75    0   0   0   1   0   0   0   0   0   0   0   0   0   0   0   0   0   0   0
76    0   0   0   0   0   0   0   1   0   0   0   0   0   0   0   0   0   0   0
77    0   0   0   0   0   0   0   0   0   1   0   0   0   0   0   0   0   0   0
78    0   0   0   0   0   0   0   0   1   0   0   0   0   0   0   0   0   0   0
79    0   0   0   0   0   0   1   0   0   0   0   0   0   0   0   0   0   0   0
80    0   0   0   0   0   0   0   0   0   0   0   0   0   0   0   0   0   0   0
81    0   0   0   0   0   0   0   0   0   0   0   0   0   0   0   1   0   0   0
82    0   0   0   0   0   0   0   0   0   0   0   0   0   0   0   0   0   0   1
83    0   0   0   0   0   0   0   0   0   0   1   0   0   0   0   0   0   0   0
84    0   0   0   0   0   0   0   0   0   0   0   0   0   0   0   0   1   0   0
85    0   0   0   0   1   0   0   0   0   0   0   0   0   0   0   0   0   0   0
86    0   0   0   0   0   0   0   0   0   0   0   0   0   1   0   0   0   0   0
87    0   0   0   0   0   0   0   0   0   0   0   0   1   0   0   0   0   0   0
88    0   0   0   0   0   0   0   0   0   0   0   0   0   0   0   0   0   1   0
89    0   1   0   0   0   0   0   0   0   0   0   0   0   0   0   0   0   0   0
90    1   0   0   0   0   0   0   0   0   0   0   0   0   0   0   0   0   0   0
91    0   0   0   0   0   0   0   0   0   0   0   0   0   1   0   0   0   0   0
92    0   0   0   0   0   0   0   0   0   1   0   0   0   0   0   0   0   0   0
93    0   0   0   0   0   0   0   0   0   0   0   0   0   0   0   1   0   0   0
94    0   0   0   0   0   0   0   1   0   0   0   0   0   0   0   0   0   0   0
95    0   0   0   0   0   0   1   0   0   0   0   0   0   0   0   0   0   0   0
96    0   0   0   0   0   0   0   0   0   0   1   0   0   0   0   0   0   0   0
97    0   0   1   0   0   0   0   0   0   0   0   0   0   0   0   0   0   0   0
98    0   0   0   0   0   0   1   0   0   0   0   0   0   0   0   0   0   0   0
99    0   0   0   0   0   1   0   0   0   0   0   0   0   0   0   0   0   0   0
100   0   0   0   0   0   0   0   0   0   0   0   0   0   0   0   0   0   0   1

:   586    :=
1     0
2     0
3     0
4     0
5     0
6     0
7     0
8     0
9     0
10    0
11    0
12    0
13    0
14    0
15    0
16    1
17    0
18    0
19    0
20    0
21    0
22    0
23    0
24    1
25    0
26    0
27    0
28    0
29    0
30    0
31    0
32    0
33    0
34    0
35    0
36    0
37    0
38    0
39    0
40    0
41    0
42    0
43    0
44    0
45    0
46    0
47    0
48    0
49    0
50    0
51    0
52    0
53    0
54    0
55    0
56    0
57    0
58    1
59    0
60    0
61    0
62    0
63    0
64    0
65    0
66    0
67    0
68    1
69    0
70    0
71    0
72    0
73    0
74    0
75    0
76    0
77    0
78    0
79    0
80    1
81    0
82    0
83    0
84    0
85    0
86    0
87    0
88    0
89    0
90    0
91    0
92    0
93    0
94    0
95    0
96    0
97    0
98    0
99    0
100   0
;

vi[i] [*] :=
 2  1
13  1
15  1
18  1
26  1
38  1
70  1
;

:   x[i]   c[i]  travel[i] delay[i]    :=
182   1     7875    4675      3200
183   1     6645    3685      2960
214   1     4015    4015         0
242   1     7095    5335      1760
287   1     6515    3795      2720
295   1     3520    3520         0
330   1     3575    3575         0
335   1     3740    3740         0
338   1     5985    3905      2080
348   1     3840    3520       320
386   1    15745    4785     10960
424   1     1265    1265         0
440   1     4565    4565         0
514   1     4635    3355      1280
523   1      880     880         0
538   1     4235    4235         0
546   1     4785    4785         0
559   1     2145    2145         0
581   1    17485    5005     12480
586   1     9315    3795      5520
;

