#Nombre	DiaAten	ModelId		T.Servicio	Penalty
191_PR_3	3	1	60	25470
101_PR_2	2	1	60	25470
1_PR_1	1	1	90	25491
341_SA_5	5	1	70	26335
102_SA_2	2	2	120	26344
2_SA_1	-2	2	90	52746
103_SA_2	2	3	120	26390
104_LC_2	2	4	120	26465
271_PR_4	4	1	60	26498
105_LC_2	2	5	200	26605
342_PR_5	5	2	60	27072
192_PR_3	3	2	130	27377
193_LC_3	3	3	70	27384
272_LC_4	4	2	130	27453
273_LC_4	4	3	90	27473
343_LC_5	5	3	45	27568
274_SA_4	4	4	60	27576
3_SA_1	1	3	75	27791
106_NU_2	2	6	75	27859
107_PR_2	-3	7	30	55882
344_LC_5	5	4	120	27982
108_LC_2	2	8	10	27982
345_SA_5	5	5	150	28102
194_PR_3	3	4	20	28123
4_LC_1	1	4	120	28211
195_SA_3	3	5	150	28251
5_SA_1	1	5	90	28290
197_SA_3	3	6	120	28290
346_LC_5	5	6	70	28290
199_SA_3	3	7	80	28290
196_PR_3	3	8	45	28290
198_SA_3	-4	9	60	56580
6_SA_1	1	6	30	28382
200_SA_3	3	10	60	28382
201_LC_3	3	11	270	28382
347_SA_5	5	7	20	28535
7_SA_1	1	7	290	28595
202_SA_3	3	12	180	28595
8_SA_1	1	8	60	28595
110_SA_2	2	9	120	28595
111_SA_2	2	10	120	28595
112_SA_2	2	11	60	28595
109_SA_2	2	12	110	28595
114_SA_2	2	13	60	28595
113_SA_2	2	14	60	28595
203_SA_3	3	13	45	28595
115_PR_2	-3	15	90	57208
348_SA_5	5	8	60	28689
349_SA_5	5	9	15	28689
9_SA_1	1	9	360	28852
10_SA_1	1	10	60	28852
13_SA_1	1	11	60	28852
14_SA_1	1	12	90	28852
350_SA_5	5	10	180	28852
12_SA_1	-2	13	75	57704
204_SA_3	3	14	80	28852
205_SA_3	3	15	60	28852
352_PR_5	5	11	70	28852
11_SA_1	1	14	120	28852
275_SA_4	4	5	90	28852
276_SA_4	4	6	60	28852
277_SA_4	4	7	120	28852
120_SA_2	2	16	55	28852
279_SA_4	4	8	300	28852
280_NU_4	4	9	60	28852
119_SA_2	-3	17	60	57704
124_SA_2	2	18	30	28852
121_LC_2	2	19	45	28852
122_SA_2	2	20	50	28852
351_SA_5	5	12	60	28852
118_SA_2	2	21	120	28852
278_PR_4	4	10	150	28852
116_SA_2	2	22	60	28852
117_SA_2	-3	23	140	57704
123_SA_2	2	24	50	28852
15_SA_1	-2	15	240	57714
125_SA_2	2	25	60	28965
281_PR_4	4	11	70	28965
282_LC_4	4	12	90	29030
127_PR_2	2	26	80	29040
206_PR_3	3	16	35	29040
126_PR_2	2	27	180	29040
353_SA_5	5	13	5	29043
354_PR_5	5	14	30	29104
16_SA_1	1	16	110	29264
207_SA_3	3	17	50	29264
128_SA_2	2	28	120	29322
17_NU_1	1	17	180	29401
129_NU_2	2	29	120	29401
283_SA_4	4	13	180	29461
355_LC_5	5	15	150	29560
130_SA_2	2	30	90	29560
356_SA_5	5	16	150	29572
131_PR_2	-3	31	215	59218
18_SA_1	-2	18	90	59298
208_SA_3	3	18	90	29649
209_SA_3	3	19	45	29649
132_SA_2	2	32	20	29649
19_SA_1	1	19	180	29672
210_SA_3	3	20	180	29672
284_SA_4	4	14	240	29672
134_SA_2	2	33	60	29677
133_SA_2	2	34	90	29677
357_SA_5	5	17	60	29677
285_SA_4	4	15	60	29702
135_SA_2	-3	35	60	59440
20_SA_1	1	20	60	29720
136_LC_2	2	36	30	29747
286_PR_4	4	16	60	29769
360_LC_5	5	18	10	29769
358_PR_5	5	19	70	29769
137_PR_2	2	37	150	29769
359_LC_5	5	20	10	29769
361_SA_5	5	21	10	29769
21_NU_1	1	21	90	29784
211_NU_3	3	21	40	29784
362_PR_5	5	22	240	29867
22_PR_1	1	22	60	29974
213_LC_3	3	22	90	29974
139_PR_2	2	38	60	29974
140_SA_2	2	39	50	29974
288_SA_4	4	17	60	29974
287_PR_4	4	18	90	29974
212_SA_3	3	23	40	29974
138_VI_2	2	40	90	29974
363_VI_5	5	23	10	30002
214_VI_3	3	24	25	30002
215_PR_3	3	25	45	30016
23_SA_1	1	23	90	30050
24_PR_1	1	24	100	30188
289_LC_4	4	19	110	30193
25_PR_1	1	25	90	30248
141_NU_2	2	41	150	30253
26_NU_1	-2	26	420	60506
27_LC_1	1	27	180	30288
216_SA_3	3	26	80	30291
28_SA_1	1	28	30	30304
29_SA_1	1	29	60	30310
364_PR_5	5	24	1	30445
217_SA_3	3	27	150	30453
365_SA_5	5	25	120	30453
290_SA_4	4	20	60	30453
291_SA_4	4	21	150	30463
292_PR_4	4	22	50	30509
293_PR_4	4	23	165	30509
294_SA_4	4	24	90	30558
142_LC_2	2	42	50	30561
218_SA_3	3	28	120	30695
219_SA_3	3	29	90	30695
143_SA_2	2	43	180	30695
144_SA_2	2	44	90	30785
145_LC_2	2	45	60	30813
146_SA_2	2	46	165	30813
147_LC_2	2	47	30	30813
220_PR_3	3	30	60	30813
30_PR_1	1	30	60	31055
295_LC_4	4	25	60	31061
366_SA_5	5	26	20	31068
32_SA_1	1	31	90	31079
31_SA_1	1	32	90	31079
367_PR_5	5	27	15	31089
33_LC_1	1	33	150	31102
221_PR_3	3	31	35	31128
296_SA_4	4	26	90	31136
222_PR_3	3	32	60	31139
223_PR_3	3	33	40	31148
224_PR_3	3	34	50	31193
34_LC_1	1	34	80	31194
148_SA_2	2	48	90	31232
368_PR_5	5	28	5	31244
369_SA_5	5	29	120	31369
370_SA_5	5	30	140	31369
225_SA_3	3	35	80	31407
35_SA_1	1	35	105	31407
297_SA_4	4	27	100	31411
36_LC_1	1	36	60	31467
298_PR_4	4	28	120	31485
150_SA_2	2	49	120	31505
149_SA_2	2	50	235	31505
151_SA_2	2	51	120	31535
38_PR_1	1	37	80	31579
371_PR_5	5	31	30	31579
37_PR_1	-2	38	60	63158
39_LC_1	1	39	90	31590
226_PR_3	3	36	65	31606
372_LC_5	5	32	60	31619
227_LC_3	3	37	120	31624
40_SA_1	1	40	60	31789
228_SA_3	3	38	100	31879
152_LC_2	2	52	1	32005
41_LC_1	1	41	120	32081
42_PR_1	1	42	60	32081
299_LC_4	4	29	60	32086
43_SA_1	1	43	207	32138
300_SA_4	4	30	105	32171
301_SA_4	4	31	75	32201
44_PR_1	1	44	25	32227
153_PR_2	2	53	230	32357
302_SA_4	4	32	90	32362
373_SA_5	5	33	60	32398
154_PR_2	2	54	170	32423
374_PR_5	5	34	105	32423
155_SA_2	2	55	240	32468
375_PR_5	5	35	170	32481
229_SA_3	3	39	60	32557
156_PR_2	2	56	80	32590
45_VI_1	1	45	75	32599
46_SA_1	1	46	90	32678
47_SA_1	1	47	90	32678
230_PR_3	3	40	30	32711
303_LC_4	4	33	60	32716
376_PR_5	5	36	75	32738
304_VI_4	4	34	120	32772
231_SA_3	3	41	80	32772
49_SA_1	1	48	60	32772
306_SA_4	4	35	270	32772
305_PR_4	4	36	25	32772
377_PR_5	5	37	30	32772
157_SA_2	2	57	150	32772
48_SA_1	1	49	60	32772
232_PR_3	3	42	120	32772
307_SA_4	4	37	120	32780
233_SA_3	3	43	40	32823
378_PR_5	5	38	30	32895
234_LC_3	3	44	60	32904
235_LC_3	3	45	120	32939
379_LC_5	5	39	60	33014
50_LC_1	1	50	80	33041
158_PR_2	2	58	85	33086
236_VI_3	3	46	90	33125
308_PR_4	4	38	30	33134
237_PR_3	3	47	70	33134
159_SA_2	2	59	55	33147
51_SA_1	1	51	90	33147
160_PR_2	2	60	60	33163
309_PR_4	4	39	60	33186
310_PR_4	4	40	120	33186
161_LC_2	2	61	180	33204
238_SA_3	3	48	60	33248
162_SA_2	2	62	1	33270
239_SA_3	3	49	180	33280
52_PR_1	1	52	30	33295
240_PR_3	3	50	60	33295
53_NU_1	1	53	90	33302
311_PR_4	4	41	60	33348
241_SA_3	3	51	20	33353
55_LC_1	1	54	60	33365
54_LC_1	1	55	60	33365
312_PR_4	4	42	50	33371
56_LC_1	1	56	150	33441
313_PR_4	4	43	50	33476
163_PR_2	2	63	120	33476
164_NU_2	2	64	90	33498
314_SA_4	4	44	20	33530
380_LC_5	5	40	234	33551
59_SA_1	1	57	60	33552
57_SA_1	1	58	60	33552
58_SA_1	1	59	60	33552
165_SA_2	2	65	120	33564
60_LC_1	1	60	90	33608
167_SA_2	2	66	60	33631
64_SA_1	1	61	10	33631
62_SA_1	1	62	150	33631
61_SA_1	1	63	30	33631
166_SA_2	2	67	40	33631
65_SA_1	1	64	30	33631
63_SA_1	1	65	75	33631
381_SA_5	5	41	60	33631
242_LC_3	3	52	40	33645
315_SA_4	4	45	180	33698
316_NU_4	4	46	60	33723
66_PR_1	1	66	75	33749
168_SA_2	2	68	60	33759
67_SA_1	1	67	60	33832
317_LC_4	4	47	45	33833
243_SA_3	3	53	120	33852
318_SA_4	4	48	240	33852
68_SA_1	1	68	120	33920
69_VI_1	1	69	60	33947
382_PR_5	5	42	30	34006
319_PR_4	4	49	90	34075
71_PR_1	-2	70	520	68214
70_SA_1	1	71	180	34107
170_SA_2	2	69	120	34107
244_SA_3	3	54	80	34107
169_LC_2	2	70	135	34107
171_PR_2	2	71	65	34115
172_NU_2	2	72	60	34151
321_SA_4	4	50	240	34176
383_SA_5	5	43	240	34176
73_PR_1	1	72	120	34176
72_SA_1	1	73	195	34176
320_SA_4	4	51	120	34176
322_SA_4	4	52	90	34176
245_SA_3	3	55	160	34218
384_SA_5	5	44	240	34218
323_SA_4	4	53	120	34218
246_LC_3	3	56	100	34271
247_SA_3	3	57	90	34306
74_SA_1	1	74	60	34310
75_SA_1	1	75	75	34342
174_SA_2	-3	73	360	68684
173_SA_2	2	74	55	34342
175_SA_2	2	75	90	34342
385_SA_5	5	45	60	34342
248_SA_3	3	58	60	34371
176_SA_2	2	76	90	34388
177_PR_2	2	77	50	34401
249_SA_3	3	59	75	34406
76_SA_1	1	76	100	34409
250_SA_3	3	60	60	34417
77_SA_1	1	77	120	34417
178_NU_2	2	78	20	34430
324_SA_4	4	54	130	34472
325_PR_4	4	55	180	34487
386_SA_5	5	46	90	34498
179_PR_2	2	79	100	34521
251_PR_3	3	61	60	34530
180_LC_2	2	80	60	34530
326_SA_4	4	56	1	34633
78_SA_1	1	78	60	34633
79_SA_1	1	79	100	34633
181_LC_2	2	81	120	34633
252_SA_3	3	62	55	34633
387_SA_5	5	47	90	34637
80_SA_1	1	80	90	34655
81_SA_1	1	81	60	34669
388_SA_5	5	48	60	34684
389_SA_5	5	49	90	34687
253_SA_3	3	63	60	34687
82_VI_1	1	82	30	34693
390_LC_5	5	50	180	34706
255_PR_3	3	64	150	34746
254_PR_3	3	65	60	34746
256_PR_3	3	66	90	34803
257_SA_3	3	67	5	34823
258_SA_3	3	68	120	34938
83_SA_1	1	83	240	34938
327_SA_4	4	57	120	35001
84_LC_1	1	84	15	35025
85_PR_1	1	85	70	35055
86_PR_1	1	86	90	35081
259_SA_3	3	69	110	35161
260_SA_3	3	70	120	35287
261_SA_3	3	71	90	35298
87_SA_1	1	87	60	35346
262_SA_3	3	72	120	35346
88_LC_1	1	88	120	35564
328_LC_4	4	58	120	35606
329_LC_4	4	59	90	35606
182_LC_2	2	82	60	35651
183_NU_2	2	83	20	35773
263_SA_3	3	73	60	35790
184_SA_2	2	84	15	35790
185_SA_2	2	85	35	35807
331_SA_4	4	60	160	35807
330_SA_4	4	61	120	35807
264_SA_3	3	74	65	35837
186_PR_2	2	86	120	35870
187_SA_2	2	87	210	35925
89_PR_1	1	89	70	36035
90_SA_1	1	90	90	36069
391_LC_5	5	51	75	36151
393_PR_5	5	52	150	36224
91_PR_1	1	91	120	36224
392_PR_5	5	53	35	36224
188_VI_2	2	88	100	36381
332_PR_4	4	62	120	36407
265_PR_3	3	75	100	36428
92_SA_1	1	92	60	36587
333_VI_4	4	63	90	36738
394_PR_5	5	54	75	36741
93_SA_1	1	93	90	36826
94_NU_1	1	94	160	36881
95_SA_1	1	95	140	36944
334_SA_4	4	64	30	37083
96_VI_1	1	96	50	37175
98_PR_1	1	97	10	37375
97_PR_1	1	98	20	37375
335_SA_4	4	65	30	37430
266_SA_3	3	76	80	37861
99_SA_1	1	99	75	37965
267_NU_3	3	77	50	38272
336_VI_4	4	66	240	38589
337_PR_4	4	67	1	38626
395_SA_5	5	55	90	39017
338_SA_4	4	68	60	39017
396_SA_5	5	56	60	39145
397_SA_5	5	57	10	39145
268_SA_3	3	78	90	39268
398_NU_5	5	58	150	39278
340_SA_4	4	69	60	39278
339_SA_4	4	70	140	39278
189_PR_2	2	89	80	39278
399_SA_5	5	59	60	39301
190_SA_2	2	90	30	39301
100_PR_1	1	100	60	39481
269_SA_3	3	79	40	39547
400_PR_5	5	60	45	39735
270_PR_3	3	80	75	40631
