Iter 101
MasterProb = 1453950

s [*] :=
1  100
2   75
3   98
4   99
5   83
;

SubProb = -143151
d = 69

distanceCost*(sum{l in 1 .. Lcap - 1} t[l]) = 4345

Iter 102
MasterProb = 1359340

s [*] :=
1  97
2  96
3  94
4  95
5  93
;

SubProb = -148840
d = 49

distanceCost*(sum{l in 1 .. Lcap - 1} t[l]) = 4345

Iter 103
MasterProb = 1268140

s [*] :=
1  91
2  92
3  90
4  87
5  89
;

SubProb = -139561
d = 0

distanceCost*(sum{l in 1 .. Lcap - 1} t[l]) = 4070

Iter 104
MasterProb = 1177100

s [*] :=
1  84
2  79
3  76
4  86
5  88
;

SubProb = -117363
d = 28

distanceCost*(sum{l in 1 .. Lcap - 1} t[l]) = 4565

Iter 105
MasterProb = 1089730

s [*] :=
1  81
2  80
3  85
4  74
5  77
;

SubProb = -113529
d = 0

distanceCost*(sum{l in 1 .. Lcap - 1} t[l]) = 4070

Iter 106
MasterProb = 1000460

s [*] :=
1  47
2  49
3  62
4  48
5  29
;

SubProb = -77613
d = 4

distanceCost*(sum{l in 1 .. Lcap - 1} t[l]) = 3520

Iter 107
MasterProb = 923470

s [*] :=
1  31
2  40
3  28
4  82
5  45
;

SubProb = -78036
d = 0

distanceCost*(sum{l in 1 .. Lcap - 1} t[l]) = 3740

Iter 108
MasterProb = 851470

s [*] :=
1  78
2  64
3  72
4  92
5  35
;

SubProb = -92213
d = 0

distanceCost*(sum{l in 1 .. Lcap - 1} t[l]) = 4070

Iter 109
MasterProb = 851470

s [*] :=
1  72
2  99
3  36
4  80
5  49
;

SubProb = -82319
d = 20

distanceCost*(sum{l in 1 .. Lcap - 1} t[l]) = 5225

Iter 110
MasterProb = 851470

s [*] :=
1   27
2   29
3  101
4  102
5  103
;

SubProb = -9651
d = 0

distanceCost*(sum{l in 1 .. Lcap - 1} t[l]) = 1595

Iter 111
MasterProb = 851470

s [*] :=
1   27
2   29
3  101
4  102
5  103
;

SubProb = 0
d = 0

distanceCost*(sum{l in 1 .. Lcap - 1} t[l]) = 1595

Problema Entero
MasterProb = 851470

fo1 = 40655
fo2 = 810815

x[j] [*] :=
 56  1
 57  1
 58  1
 59  1
 60  1
 61  1
 63  1
 64  1
 65  1
 66  1
 67  1
 68  1
 69  1
 70  1
 71  1
 72  1
 73  1
 78  1
101  1
102  1
103  1
104  1
105  1
106  1
107  1
;

aa[i,j] [*,*]
:    56  57  58  59  60  61  63  64  65  66  67  68  69  70  71  72  73  78 101 :=
1     0   0   0   0   0   0   0   0   0   0   0   0   0   0   0   0   0   0   0
2     0   0   0   0   0   0   0   0   0   0   0   0   0   0   0   0   0   0   0
3     0   0   0   0   0   0   0   0   0   0   0   0   0   0   0   0   0   0   0
4     0   0   0   0   0   0   0   0   0   0   0   0   0   0   0   0   0   0   0
5     0   0   0   0   0   0   0   0   0   0   0   0   0   0   0   0   0   0   0
6     0   0   0   0   0   0   0   0   0   0   0   0   0   0   0   0   0   0   0
7     0   0   0   0   0   0   0   0   0   0   0   0   0   0   0   0   0   0   0
8     0   0   0   0   0   0   0   0   0   0   0   0   0   0   0   0   0   0   0
9     0   0   0   0   0   0   0   0   0   0   0   0   0   0   0   0   0   0   0
10    0   0   0   0   0   0   0   0   0   0   0   0   0   0   0   0   0   0   0
11    0   0   0   0   0   0   0   0   0   0   0   0   0   0   0   0   0   0   0
12    0   0   0   0   0   0   0   0   0   0   0   0   0   0   0   0   0   0   0
13    0   0   0   0   0   0   0   0   0   0   0   0   0   0   0   0   0   0   0
14    0   0   0   0   0   0   0   0   0   0   0   0   0   0   0   0   0   0   0
15    0   0   0   0   0   0   0   0   0   0   0   0   0   0   0   0   0   0   0
16    0   0   0   0   0   0   0   0   0   0   0   0   0   0   0   0   0   0   0
17    0   0   0   0   0   0   0   0   0   0   0   0   0   0   0   0   0   0   0
18    0   0   0   0   0   0   0   0   0   0   0   0   0   0   0   0   0   0   0
19    0   0   0   0   0   0   0   0   0   0   0   0   0   0   0   0   0   0   0
20    0   0   0   0   0   0   0   0   0   0   0   0   0   0   0   0   0   0   0
21    0   0   0   0   0   0   0   0   0   0   0   0   0   0   0   0   0   0   0
22    0   0   0   0   0   0   0   0   0   0   0   0   0   0   0   0   0   0   0
23    0   0   0   0   0   0   0   0   0   0   0   0   0   0   0   0   0   0   0
24    0   0   0   0   0   0   0   0   0   0   0   0   0   0   0   0   0   0   0
25    0   0   0   0   0   0   0   0   0   0   0   0   0   0   0   0   0   0   0
26    0   0   0   0   0   0   0   0   0   0   0   0   0   0   0   0   0   0   0
27    0   0   0   0   0   0   0   0   0   0   0   0   0   0   0   0   0   0   0
28    0   0   0   0   0   0   0   0   0   0   0   0   0   0   0   0   0   0   0
29    0   0   0   0   0   0   0   0   0   0   0   0   0   0   0   0   0   0   0
30    0   0   0   0   0   0   0   0   0   0   0   0   0   0   0   0   0   0   0
31    0   0   0   0   0   0   0   0   0   0   0   0   0   0   0   0   0   0   0
32    0   0   0   0   0   0   0   0   0   0   0   0   0   0   0   0   0   0   0
33    0   0   0   0   0   0   0   0   0   0   0   0   0   0   0   0   0   0   0
34    0   0   0   0   0   0   0   0   0   0   0   0   0   0   0   0   0   0   0
35    0   0   0   0   0   0   0   0   0   0   0   0   0   0   0   0   0   0   0
36    0   0   0   0   0   0   0   0   0   0   0   0   0   0   0   0   0   0   0
37    0   0   0   0   0   0   0   0   0   0   0   0   0   0   0   0   0   0   0
38    0   0   0   0   0   0   0   0   0   0   0   0   0   0   0   0   0   0   0
39    0   0   0   0   0   0   0   0   0   0   0   0   0   0   0   0   0   0   0
40    0   0   0   0   0   0   0   0   0   0   0   0   0   0   0   0   0   0   0
41    0   0   0   0   0   0   0   0   0   0   0   0   0   0   0   0   0   0   0
42    0   0   0   0   0   0   0   0   0   0   0   0   0   0   0   0   0   0   0
43    0   0   0   0   0   0   0   0   0   0   0   0   0   0   0   0   0   0   0
44    0   0   0   0   0   0   0   0   0   0   0   0   0   0   0   0   0   0   0
45    0   0   0   0   0   0   0   0   0   0   0   0   0   0   0   0   0   0   0
46    0   0   0   0   0   0   0   0   0   0   0   0   0   0   0   0   0   0   0
47    0   0   0   0   0   0   0   0   0   0   0   0   0   0   0   0   0   0   0
48    0   0   0   0   0   0   0   0   0   0   0   0   0   0   0   0   0   0   0
49    0   0   0   0   0   0   0   0   0   0   0   0   0   0   0   0   0   0   0
50    0   0   0   0   0   0   0   0   0   0   0   0   0   0   0   0   0   0   0
51    0   0   0   0   0   0   0   0   0   0   0   0   0   0   0   0   0   0   0
52    0   0   0   0   0   0   0   0   0   0   0   0   0   0   0   0   0   0   0
53    0   0   0   0   0   0   0   0   0   0   0   0   0   0   0   0   0   0   0
54    0   0   0   0   0   0   0   0   0   0   0   0   0   0   0   0   0   0   0
55    0   0   0   0   0   0   0   0   0   0   0   0   0   0   0   0   0   0   0
56    1   0   0   0   0   0   0   0   0   0   0   0   0   0   0   0   0   0   0
57    0   1   0   0   0   0   0   0   0   0   0   0   0   0   0   0   0   0   0
58    0   0   1   0   0   0   0   0   0   0   0   0   0   0   0   0   0   0   0
59    0   0   0   1   0   0   0   0   0   0   0   0   0   0   0   0   0   0   0
60    0   0   0   0   1   0   0   0   0   0   0   0   0   0   0   0   0   0   0
61    0   0   0   0   0   1   0   0   0   0   0   0   0   0   0   0   0   0   0
62    0   0   0   0   0   0   0   0   0   0   0   0   0   0   0   0   0   0   0
63    0   0   0   0   0   0   1   0   0   0   0   0   0   0   0   0   0   0   0
64    0   0   0   0   0   0   0   1   0   0   0   0   0   0   0   0   0   0   0
65    0   0   0   0   0   0   0   0   1   0   0   0   0   0   0   0   0   0   0
66    0   0   0   0   0   0   0   0   0   1   0   0   0   0   0   0   0   0   0
67    0   0   0   0   0   0   0   0   0   0   1   0   0   0   0   0   0   0   0
68    0   0   0   0   0   0   0   0   0   0   0   1   0   0   0   0   0   0   0
69    0   0   0   0   0   0   0   0   0   0   0   0   1   0   0   0   0   0   0
70    0   0   0   0   0   0   0   0   0   0   0   0   0   1   0   0   0   0   0
71    0   0   0   0   0   0   0   0   0   0   0   0   0   0   1   0   0   0   0
72    0   0   0   0   0   0   0   0   0   0   0   0   0   0   0   1   0   0   0
73    0   0   0   0   0   0   0   0   0   0   0   0   0   0   0   0   1   0   0
74    0   0   0   0   0   0   0   0   0   0   0   0   0   0   0   0   0   0   0
75    0   0   0   0   0   0   0   0   0   0   0   0   0   0   0   0   0   0   1
76    0   0   0   0   0   0   0   0   0   0   0   0   0   0   0   0   0   0   0
77    0   0   0   0   0   0   0   0   0   0   0   0   0   0   0   0   0   0   0
78    0   0   0   0   0   0   0   0   0   0   0   0   0   0   0   0   0   1   0
79    0   0   0   0   0   0   0   0   0   0   0   0   0   0   0   0   0   0   0
80    0   0   0   0   0   0   0   0   0   0   0   0   0   0   0   0   0   0   0
81    0   0   0   0   0   0   0   0   0   0   0   0   0   0   0   0   0   0   0
82    0   0   0   0   0   0   0   0   0   0   0   0   0   0   0   0   0   0   0
83    0   0   0   0   0   0   0   0   0   0   0   0   0   0   0   0   0   0   1
84    0   0   0   0   0   0   0   0   0   0   0   0   0   0   0   0   0   0   0
85    0   0   0   0   0   0   0   0   0   0   0   0   0   0   0   0   0   0   0
86    0   0   0   0   0   0   0   0   0   0   0   0   0   0   0   0   0   0   0
87    0   0   0   0   0   0   0   0   0   0   0   0   0   0   0   0   0   0   0
88    0   0   0   0   0   0   0   0   0   0   0   0   0   0   0   0   0   0   0
89    0   0   0   0   0   0   0   0   0   0   0   0   0   0   0   0   0   0   0
90    0   0   0   0   0   0   0   0   0   0   0   0   0   0   0   0   0   0   0
91    0   0   0   0   0   0   0   0   0   0   0   0   0   0   0   0   0   0   0
92    0   0   0   0   0   0   0   0   0   0   0   0   0   0   0   0   0   0   0
93    0   0   0   0   0   0   0   0   0   0   0   0   0   0   0   0   0   0   0
94    0   0   0   0   0   0   0   0   0   0   0   0   0   0   0   0   0   0   0
95    0   0   0   0   0   0   0   0   0   0   0   0   0   0   0   0   0   0   0
96    0   0   0   0   0   0   0   0   0   0   0   0   0   0   0   0   0   0   0
97    0   0   0   0   0   0   0   0   0   0   0   0   0   0   0   0   0   0   0
98    0   0   0   0   0   0   0   0   0   0   0   0   0   0   0   0   0   0   1
99    0   0   0   0   0   0   0   0   0   0   0   0   0   0   0   0   0   0   1
100   0   0   0   0   0   0   0   0   0   0   0   0   0   0   0   0   0   0   1

:   102 103 104 105 106 107    :=
1     0   0   0   0   0   0
2     0   0   0   0   0   0
3     0   0   0   0   0   0
4     0   0   0   0   0   0
5     0   0   0   0   0   0
6     0   0   0   0   0   0
7     0   0   0   0   0   0
8     0   0   0   0   0   0
9     0   0   0   0   0   0
10    0   0   0   0   0   0
11    0   0   0   0   0   0
12    0   0   0   0   0   0
13    0   0   0   0   0   0
14    0   0   0   0   0   0
15    0   0   0   0   0   0
16    0   0   0   0   0   0
17    0   0   0   0   0   0
18    0   0   0   0   0   0
19    0   0   0   0   0   0
20    0   0   0   0   0   0
21    0   0   0   0   0   0
22    0   0   0   0   0   0
23    0   0   0   0   0   0
24    0   0   0   0   0   0
25    0   0   0   0   0   0
26    0   0   0   0   0   0
27    0   0   0   0   0   0
28    0   0   0   0   0   1
29    0   0   0   0   1   0
30    0   0   0   0   0   0
31    0   0   0   0   0   1
32    0   0   0   0   0   0
33    0   0   0   0   0   0
34    0   0   0   0   0   0
35    0   0   0   0   0   0
36    0   0   0   0   0   0
37    0   0   0   0   0   0
38    0   0   0   0   0   0
39    0   0   0   0   0   0
40    0   0   0   0   0   1
41    0   0   0   0   0   0
42    0   0   0   0   0   0
43    0   0   0   0   0   0
44    0   0   0   0   0   0
45    0   0   0   0   0   1
46    0   0   0   0   0   0
47    0   0   0   0   1   0
48    0   0   0   0   1   0
49    0   0   0   0   1   0
50    0   0   0   0   0   0
51    0   0   0   0   0   0
52    0   0   0   0   0   0
53    0   0   0   0   0   0
54    0   0   0   0   0   0
55    0   0   0   0   0   0
56    0   0   0   0   0   0
57    0   0   0   0   0   0
58    0   0   0   0   0   0
59    0   0   0   0   0   0
60    0   0   0   0   0   0
61    0   0   0   0   0   0
62    0   0   0   0   1   0
63    0   0   0   0   0   0
64    0   0   0   0   0   0
65    0   0   0   0   0   0
66    0   0   0   0   0   0
67    0   0   0   0   0   0
68    0   0   0   0   0   0
69    0   0   0   0   0   0
70    0   0   0   0   0   0
71    0   0   0   0   0   0
72    0   0   0   0   0   0
73    0   0   0   0   0   0
74    0   0   0   1   0   0
75    0   0   0   0   0   0
76    0   0   1   0   0   0
77    0   0   0   1   0   0
78    0   0   0   0   0   0
79    0   0   1   0   0   0
80    0   0   0   1   0   0
81    0   0   0   1   0   0
82    0   0   0   0   0   1
83    0   0   0   0   0   0
84    0   0   1   0   0   0
85    0   0   0   1   0   0
86    0   0   1   0   0   0
87    0   1   0   0   0   0
88    0   0   1   0   0   0
89    0   1   0   0   0   0
90    0   1   0   0   0   0
91    0   1   0   0   0   0
92    0   1   0   0   0   0
93    1   0   0   0   0   0
94    1   0   0   0   0   0
95    1   0   0   0   0   0
96    1   0   0   0   0   0
97    1   0   0   0   0   0
98    0   0   0   0   0   0
99    0   0   0   0   0   0
100   0   0   0   0   0   0
;

vi[i] [*] :=
 1  1
 2  1
 3  1
 4  1
 5  1
 6  1
 7  1
 8  1
 9  1
10  1
11  1
12  1
13  1
14  1
15  1
16  1
17  1
18  1
19  1
20  1
21  1
22  1
23  1
24  1
25  1
26  1
27  1
30  1
32  1
33  1
34  1
35  1
36  1
37  1
38  1
39  1
41  1
42  1
43  1
44  1
46  1
50  1
51  1
52  1
53  1
54  1
55  1
;

:   x[i]   c[i] travel[i] delay[i]    :=
56    1       0       0         0
57    1       0       0         0
58    1       0       0         0
59    1       0       0         0
60    1       0       0         0
61    1       0       0         0
63    1       0       0         0
64    1       0       0         0
65    1       0       0         0
66    1       0       0         0
67    1       0       0         0
68    1       0       0         0
69    1       0       0         0
70    1       0       0         0
71    1       0       0         0
72    1       0       0         0
73    1       0       0         0
78    1       0       0         0
101   1    9865    4345      5520
102   1    8265    4345      3920
103   1    4070    4070         0
104   1    6805    4565      2240
105   1    4070    4070         0
106   1    3840    3520       320
107   1    3740    3740         0
;

