#Nombre	DiaAten	ModelId		T.Servicio	Penalty
191_PR_3	-4	1	60	13836
101_PR_2	-3	1	60	13836
1_PR_1	-2	1	90	16236
341_SA_5	-6	1	70	21182
102_SA_2	-3	2	120	21832
2_SA_1	-2	2	90	23106
103_SA_2	-3	3	120	23452
104_LC_2	-3	4	120	24640
271_PR_4	-5	1	60	24882
105_LC_2	-3	5	200	25250
342_PR_5	-6	2	60	25846
192_PR_3	-4	2	130	26150
193_LC_3	-4	3	70	26414
272_LC_4	-5	2	130	26972
273_LC_4	-5	3	90	27038
343_LC_5	-6	3	45	27290
274_SA_4	-5	4	60	27350
3_SA_1	-2	3	75	27368
106_NU_2	-3	6	75	27492
107_PR_2	-3	7	30	27518
344_LC_5	5	4	120	13952
108_LC_2	-3	8	10	27904
345_SA_5	-6	5	150	28186
194_PR_3	-4	4	20	28322
4_LC_1	-2	4	120	28330
195_SA_3	-4	5	150	28354
5_SA_1	-2	5	90	28672
197_SA_3	-4	6	120	28672
346_LC_5	-6	6	70	28672
199_SA_3	-4	7	80	28672
196_PR_3	-4	8	45	28672
198_SA_3	-4	9	60	28672
6_SA_1	-2	6	30	28748
200_SA_3	-4	10	60	28748
201_LC_3	-4	11	270	28748
347_SA_5	-6	7	20	29258
7_SA_1	-2	7	290	29260
202_SA_3	-4	12	180	29260
8_SA_1	-2	8	60	29260
110_SA_2	-3	9	120	29260
111_SA_2	2	10	120	14630
112_SA_2	-3	11	60	29260
109_SA_2	-3	12	110	29260
114_SA_2	-3	13	60	29260
113_SA_2	2	14	60	14630
203_SA_3	-4	13	45	29260
115_PR_2	-3	15	90	29404
348_SA_5	-6	8	60	29666
349_SA_5	-6	9	15	29666
9_SA_1	-2	9	360	29814
10_SA_1	-2	10	60	29814
13_SA_1	-2	11	60	29814
14_SA_1	-2	12	90	29814
350_SA_5	-6	10	180	29814
12_SA_1	-2	13	75	29814
204_SA_3	-4	14	80	29814
205_SA_3	-4	15	60	29814
352_PR_5	-6	11	70	29814
11_SA_1	-2	14	120	29814
275_SA_4	-5	5	90	29814
276_SA_4	-5	6	60	29814
277_SA_4	-5	7	120	29814
120_SA_2	2	16	55	14907
279_SA_4	-5	8	300	29814
280_NU_4	-5	9	60	29814
119_SA_2	-3	17	60	29814
124_SA_2	-3	18	30	29814
121_LC_2	-3	19	45	29814
122_SA_2	-3	20	50	29814
351_SA_5	-6	12	60	29814
118_SA_2	-3	21	120	29814
278_PR_4	-5	10	150	29814
116_SA_2	-3	22	60	29814
117_SA_2	-3	23	140	29814
123_SA_2	2	24	50	14907
15_SA_1	-2	15	240	30018
125_SA_2	-3	25	60	30026
281_PR_4	-5	11	70	30026
282_LC_4	4	12	90	15256
127_PR_2	-3	26	80	30680
206_PR_3	3	16	35	15340
126_PR_2	-3	27	180	30680
353_SA_5	-6	13	5	30874
354_PR_5	-6	14	30	31110
16_SA_1	-2	16	110	31214
207_SA_3	-4	17	50	31214
128_SA_2	-3	28	120	31236
17_NU_1	-2	17	180	31280
129_NU_2	-3	29	120	31280
283_SA_4	-5	13	180	31364
355_LC_5	-6	15	150	31546
130_SA_2	-3	30	90	31546
356_SA_5	5	16	150	15852
131_PR_2	-3	31	215	31860
18_SA_1	-2	18	90	31940
208_SA_3	-4	18	90	31940
209_SA_3	-4	19	45	31940
132_SA_2	-3	32	20	31940
19_SA_1	-2	19	180	32004
210_SA_3	-4	20	180	32004
284_SA_4	-5	14	240	32004
134_SA_2	-3	33	60	32038
133_SA_2	-3	34	90	32038
357_SA_5	5	17	60	16019
285_SA_4	-5	15	60	32316
135_SA_2	-3	35	60	32334
20_SA_1	-2	20	60	32334
136_LC_2	-3	36	30	32340
286_PR_4	4	16	60	16177
360_LC_5	-6	18	10	32354
358_PR_5	-6	19	70	32354
137_PR_2	-3	37	150	32354
359_LC_5	-6	20	10	32354
361_SA_5	-6	21	10	32354
21_NU_1	-2	21	90	32458
211_NU_3	-4	21	40	32458
362_PR_5	-6	22	240	32478
22_PR_1	-2	22	60	32572
213_LC_3	-4	22	90	32572
139_PR_2	-3	38	60	32572
140_SA_2	-3	39	50	32572
288_SA_4	4	17	60	16286
287_PR_4	-5	18	90	32572
212_SA_3	-4	23	40	32572
138_VI_2	-3	40	90	32572
363_VI_5	-6	23	10	32694
214_VI_3	-4	24	25	32694
215_PR_3	-4	25	45	33026
23_SA_1	-2	23	90	33242
24_PR_1	-2	24	100	33304
289_LC_4	-5	19	110	33590
25_PR_1	-2	25	90	33708
141_NU_2	2	41	150	17016
26_NU_1	-2	26	420	34032
27_LC_1	-2	27	180	34192
216_SA_3	-4	26	80	34202
28_SA_1	1	28	30	17154
29_SA_1	1	29	60	17171
364_PR_5	-6	24	1	34550
217_SA_3	-4	27	150	34648
365_SA_5	-6	25	120	34648
290_SA_4	-5	20	60	34648
291_SA_4	-5	21	150	35074
292_PR_4	-5	22	50	35152
293_PR_4	-5	23	165	35152
294_SA_4	-5	24	90	35252
142_LC_2	-3	42	50	35308
218_SA_3	-4	28	120	35362
219_SA_3	-4	29	90	35362
143_SA_2	-3	43	180	35362
144_SA_2	-3	44	90	35566
145_LC_2	2	45	60	17785
146_SA_2	-3	46	165	35570
147_LC_2	-3	47	30	35570
220_PR_3	-4	30	60	35570
30_PR_1	-2	30	60	35606
295_LC_4	-5	25	60	35630
366_SA_5	-6	26	20	35820
32_SA_1	1	31	90	17960
31_SA_1	-2	32	90	35920
367_PR_5	5	27	15	18074
33_LC_1	-2	33	150	36224
221_PR_3	-4	31	35	36338
296_SA_4	-5	26	90	36984
222_PR_3	-4	32	60	37164
223_PR_3	-4	33	40	37210
224_PR_3	-4	34	50	37362
34_LC_1	-2	34	80	37416
148_SA_2	-3	48	90	37480
368_PR_5	5	28	5	18754
369_SA_5	-6	29	120	37636
370_SA_5	-6	30	140	37636
225_SA_3	-4	35	80	37714
35_SA_1	-2	35	105	37714
297_SA_4	-5	27	100	38018
36_LC_1	-2	36	60	38200
298_PR_4	-5	28	120	38210
150_SA_2	-3	49	120	38348
149_SA_2	-3	50	235	38348
151_SA_2	-3	51	120	38488
38_PR_1	-2	37	80	38878
371_PR_5	-6	31	30	38878
37_PR_1	-2	38	60	38878
39_LC_1	-2	39	90	38928
226_PR_3	-4	36	65	39104
372_LC_5	-6	32	60	39130
227_LC_3	-4	37	120	39132
40_SA_1	1	40	60	19619
228_SA_3	-4	38	100	39318
152_LC_2	-3	52	1	39358
41_LC_1	-2	41	120	39504
42_PR_1	-2	42	60	39504
299_LC_4	-5	29	60	39754
43_SA_1	-2	43	207	39764
300_SA_4	-5	30	105	40004
301_SA_4	-5	31	75	40666
44_PR_1	-2	44	25	40738
153_PR_2	-3	53	230	40876
302_SA_4	-5	32	90	40942
373_SA_5	-6	33	60	40982
154_PR_2	-3	54	170	41496
374_PR_5	-6	34	105	41496
155_SA_2	-3	55	240	41556
375_PR_5	-6	35	170	41600
229_SA_3	-4	39	60	41868
156_PR_2	-3	56	80	41934
45_VI_1	1	45	75	21007
46_SA_1	-2	46	90	42058
47_SA_1	1	47	90	21029
230_PR_3	-4	40	30	42326
303_LC_4	-5	33	60	42392
376_PR_5	-6	36	75	42420
304_VI_4	-5	34	120	42626
231_SA_3	-4	41	80	42626
49_SA_1	1	48	60	21313
306_SA_4	-5	35	270	42626
305_PR_4	4	36	25	21313
377_PR_5	-6	37	30	42626
157_SA_2	-3	57	150	42626
48_SA_1	1	49	60	21313
232_PR_3	-4	42	120	42626
307_SA_4	-5	37	120	42792
233_SA_3	-4	43	40	42966
378_PR_5	-6	38	30	43048
234_LC_3	-4	44	60	43114
235_LC_3	-4	45	120	43162
379_LC_5	-6	39	60	43768
50_LC_1	-2	50	80	44032
158_PR_2	-3	58	85	44116
236_VI_3	3	46	90	22069
308_PR_4	-5	38	30	44168
237_PR_3	-4	47	70	44168
159_SA_2	-3	59	55	44198
51_SA_1	-2	51	90	44198
160_PR_2	-3	60	60	44242
309_PR_4	-5	39	60	44318
310_PR_4	-5	40	120	44318
161_LC_2	-3	61	180	44462
238_SA_3	-4	48	60	44634
162_SA_2	-3	62	1	44738
239_SA_3	-4	49	180	44924
52_PR_1	-2	52	30	45098
240_PR_3	-4	50	60	45098
53_NU_1	-2	53	90	45116
311_PR_4	-5	41	60	45246
241_SA_3	-4	51	20	45694
55_LC_1	-2	54	60	45846
54_LC_1	-2	55	60	45846
312_PR_4	-5	42	50	45992
56_LC_1	1	56	150	23021
313_PR_4	-5	43	50	46218
163_PR_2	-3	63	120	46218
164_NU_2	-3	64	90	46266
314_SA_4	-5	44	20	46744
380_LC_5	-6	40	234	46808
59_SA_1	1	57	60	23440
57_SA_1	1	58	60	23440
58_SA_1	1	59	60	23440
165_SA_2	-3	65	120	47044
60_LC_1	1	60	90	23524
167_SA_2	-3	66	60	47100
64_SA_1	1	61	10	23550
62_SA_1	1	62	150	23550
61_SA_1	1	63	30	23550
166_SA_2	-3	67	40	47100
65_SA_1	1	64	30	23550
63_SA_1	1	65	75	23550
381_SA_5	-6	41	60	47100
242_LC_3	-4	52	40	47184
315_SA_4	-5	45	180	47290
316_NU_4	-5	46	60	47564
66_PR_1	1	66	75	23785
168_SA_2	-3	68	60	48100
67_SA_1	1	67	60	24228
317_LC_4	-5	47	45	48480
243_SA_3	-4	53	120	48680
318_SA_4	-5	48	240	48680
68_SA_1	1	68	120	24388
69_VI_1	1	69	60	24586
382_PR_5	-6	42	30	49830
319_PR_4	-5	49	90	49912
71_PR_1	1	70	520	25247
70_SA_1	1	71	180	25247
170_SA_2	-3	69	120	50494
244_SA_3	-4	54	80	50494
169_LC_2	-3	70	135	50494
171_PR_2	-3	71	65	50558
172_NU_2	-3	72	60	50694
321_SA_4	-5	50	240	51420
383_SA_5	-6	43	240	51420
73_PR_1	1	72	120	25710
72_SA_1	1	73	195	25710
320_SA_4	-5	51	120	51420
322_SA_4	-5	52	90	51420
245_SA_3	-4	55	160	51522
384_SA_5	-6	44	240	51522
323_SA_4	-5	53	120	51522
246_LC_3	-4	56	100	52182
247_SA_3	-4	57	90	52850
74_SA_1	1	74	60	26490
75_SA_1	1	75	75	26559
174_SA_2	-3	73	360	53118
173_SA_2	2	74	55	26559
175_SA_2	-3	75	90	53118
385_SA_5	-6	45	60	53118
248_SA_3	-4	58	60	53434
176_SA_2	2	76	90	26782
177_PR_2	-3	77	50	53750
249_SA_3	3	59	75	26961
76_SA_1	1	76	100	26979
250_SA_3	-4	60	60	54562
77_SA_1	1	77	120	27281
178_NU_2	-3	78	20	54608
324_SA_4	4	54	130	27566
325_PR_4	-5	55	180	55582
386_SA_5	-6	46	90	55868
179_PR_2	-3	79	100	55912
251_PR_3	-4	61	60	56008
180_LC_2	2	80	60	28011
326_SA_4	-5	56	1	56332
78_SA_1	1	78	60	28166
79_SA_1	1	79	100	28166
181_LC_2	-3	81	120	56332
252_SA_3	-4	62	55	56332
387_SA_5	5	47	90	28184
80_SA_1	1	80	90	28347
81_SA_1	1	81	60	28493
388_SA_5	-6	48	60	57088
389_SA_5	-6	49	90	57824
253_SA_3	-4	63	60	57824
82_VI_1	1	82	30	29057
390_LC_5	-6	50	180	58530
255_PR_3	-4	64	150	59328
254_PR_3	-4	65	60	59328
256_PR_3	-4	66	90	59638
257_SA_3	-4	67	5	59882
258_SA_3	-4	68	120	60256
83_SA_1	1	83	240	30128
327_SA_4	-5	57	120	60536
84_LC_1	1	84	15	30368
85_PR_1	1	85	70	30428
86_PR_1	1	86	90	30586
259_SA_3	-4	69	110	62066
260_SA_3	-4	70	120	62518
261_SA_3	-4	71	90	63138
87_SA_1	1	87	60	31597
262_SA_3	-4	72	120	63194
88_LC_1	1	88	120	31619
328_LC_4	-5	58	120	63380
329_LC_4	-5	59	90	63380
182_LC_2	-3	82	60	63806
183_NU_2	-3	83	20	63808
263_SA_3	-4	73	60	64032
184_SA_2	-3	84	15	64032
185_SA_2	-3	85	35	64516
331_SA_4	-5	60	160	64516
330_SA_4	-5	61	120	64516
264_SA_3	-4	74	65	64754
186_PR_2	-3	86	120	65420
187_SA_2	-3	87	210	66360
89_PR_1	1	89	70	33236
90_SA_1	1	90	90	33838
391_LC_5	5	51	75	33957
393_PR_5	-6	52	150	68442
91_PR_1	1	91	120	34221
392_PR_5	-6	53	35	68442
188_VI_2	-3	88	100	68478
332_PR_4	4	62	120	34388
265_PR_3	-4	75	100	69096
92_SA_1	1	92	60	34967
333_VI_4	-5	63	90	70060
394_PR_5	-6	54	75	70214
93_SA_1	1	93	90	35145
94_NU_1	1	94	160	36225
95_SA_1	1	95	140	36476
334_SA_4	-5	64	30	73352
96_VI_1	1	96	50	37118
98_PR_1	1	97	10	37388
97_PR_1	1	98	20	37388
335_SA_4	-5	65	30	74978
266_SA_3	-4	76	80	76058
99_SA_1	1	99	75	39161
267_NU_3	-4	77	50	78428
336_VI_4	-5	66	240	79338
337_PR_4	-5	67	1	83132
395_SA_5	-6	55	90	83406
338_SA_4	-5	68	60	83406
396_SA_5	-6	56	60	88310
397_SA_5	-6	57	10	88310
268_SA_3	-4	78	90	88494
398_NU_5	-6	58	150	89770
340_SA_4	-5	69	60	89770
339_SA_4	-5	70	140	89770
189_PR_2	2	89	80	44885
399_SA_5	-6	59	60	91438
190_SA_2	2	90	30	45719
100_PR_1	1	100	60	46339
269_SA_3	-4	79	40	92958
400_PR_5	-6	60	45	95290
270_PR_3	3	80	75	77211
