Iter 101
MasterProb = 213697

s [*] :=
1   1
2   2
3  11
4  49
5  71
;

SubProb = -29700.5
d = 69

distanceCost*(sum{l in 1 .. Lcap - 1} t[l]) = 3795

Iter 102
MasterProb = 209624

s [*] :=
1   3
2  10
3  51
4   8
5  37
;

SubProb = -32288.7
d = 0

distanceCost*(sum{l in 1 .. Lcap - 1} t[l]) = 3795

Iter 103
MasterProb = 205917

s [*] :=
1  95
2  37
3  86
4  21
5  92
;

SubProb = -13880.8
d = 47

distanceCost*(sum{l in 1 .. Lcap - 1} t[l]) = 3685

Iter 104
MasterProb = 204055

s [*] :=
1  92
2  32
3  72
4  40
5  17
;

SubProb = -15613.5
d = 111

distanceCost*(sum{l in 1 .. Lcap - 1} t[l]) = 4455

Iter 105
MasterProb = 202024

s [*] :=
1  57
2  43
3  66
4  44
5  69
;

SubProb = -9977.85
d = 12

distanceCost*(sum{l in 1 .. Lcap - 1} t[l]) = 3575

Iter 106
MasterProb = 201125

s [*] :=
1  24
2  68
3  63
4  62
5  85
;

SubProb = -15184.8
d = 64

distanceCost*(sum{l in 1 .. Lcap - 1} t[l]) = 4070

Iter 107
MasterProb = 198149

s [*] :=
1  42
2  92
3  76
4  22
5   4
;

SubProb = -15572
d = 0

distanceCost*(sum{l in 1 .. Lcap - 1} t[l]) = 4125

Iter 108
MasterProb = 197017

s [*] :=
1  63
2  88
3  13
4  89
5  72
;

SubProb = -11206.9
d = 26

distanceCost*(sum{l in 1 .. Lcap - 1} t[l]) = 5005

Iter 109
MasterProb = 196504

s [*] :=
1  11
2  43
3  66
4  44
5  68
;

SubProb = -11256
d = 77

distanceCost*(sum{l in 1 .. Lcap - 1} t[l]) = 3850

Iter 110
MasterProb = 195661

s [*] :=
1  64
2  33
3  97
4  27
5  36
;

SubProb = -12296.6
d = 24

distanceCost*(sum{l in 1 .. Lcap - 1} t[l]) = 4070

Iter 111
MasterProb = 195145

s [*] :=
1  67
2  71
3  92
4  90
5  21
;

SubProb = -13692.9
d = 71

distanceCost*(sum{l in 1 .. Lcap - 1} t[l]) = 3905

Iter 112
MasterProb = 190870

s [*] :=
1  68
2  42
3  59
4  16
5  22
;

SubProb = -2212.87
d = 9

distanceCost*(sum{l in 1 .. Lcap - 1} t[l]) = 4345

Iter 113
MasterProb = 190615

s [*] :=
1   6
2  81
3  43
4  76
5   5
;

SubProb = -3132.91
d = 71

distanceCost*(sum{l in 1 .. Lcap - 1} t[l]) = 3520

Iter 114
MasterProb = 190338

s [*] :=
1  79
2  52
3  53
4  99
5  90
;

SubProb = -3420.95
d = 0

distanceCost*(sum{l in 1 .. Lcap - 1} t[l]) = 3905

Iter 115
MasterProb = 189742

s [*] :=
1  13
2  86
3  29
4  82
5  39
;

SubProb = -3914.98
d = 0

distanceCost*(sum{l in 1 .. Lcap - 1} t[l]) = 4620

Iter 116
MasterProb = 189549

s [*] :=
1  25
2  49
3  68
4  77
5  85
;

SubProb = -6593.02
d = 54

distanceCost*(sum{l in 1 .. Lcap - 1} t[l]) = 4070

Iter 117
MasterProb = 188076

s [*] :=
1  13
2  35
3  53
4  66
5  98
;

SubProb = 0
d = 0

distanceCost*(sum{l in 1 .. Lcap - 1} t[l]) = 3410

Problema Entero
MasterProb = 354866

fo1 = 87795
fo2 = 267071

x[j] [*] :=
100  1
122  1
130  1
134  1
139  1
145  1
156  1
172  1
183  1
219  1
230  1
243  1
254  1
255  1
271  1
276  1
282  1
297  1
299  1
310  1
;

aa[i,j] [*,*]
:   100 122 130 134 139 145 156 172 183 219 230 243 254 255 271 276 282 297 299 :=
1     0   0   0   0   0   0   0   0   0   0   0   0   0   0   0   0   0   1   0
2     0   0   0   0   0   0   0   0   0   0   0   0   0   0   0   0   0   1   0
3     0   0   0   0   0   0   0   0   0   0   0   0   0   0   0   0   0   0   0
4     0   0   0   0   0   0   0   0   0   0   0   0   0   0   0   0   0   0   0
5     0   0   0   0   1   0   0   0   0   0   0   0   0   0   0   0   0   0   0
6     0   0   0   0   0   0   0   0   0   0   0   0   0   0   0   0   1   0   0
7     0   0   0   0   0   0   0   0   0   0   0   0   0   0   0   0   0   0   0
8     0   0   0   0   0   0   0   0   0   0   0   0   0   1   0   0   0   0   0
9     0   0   0   0   0   0   0   0   0   1   0   0   0   0   0   0   0   0   0
10    0   0   0   0   0   0   0   0   0   0   1   0   0   0   0   0   0   0   0
11    0   0   0   0   0   0   0   0   0   0   0   0   0   0   0   0   0   1   0
12    0   0   0   0   0   0   0   0   0   0   0   0   0   0   0   0   0   0   0
13    0   0   0   0   0   0   0   0   0   0   0   0   0   0   0   0   0   0   0
14    0   0   0   0   0   0   0   0   1   0   0   0   0   0   0   0   0   0   0
15    0   0   0   0   0   0   0   0   0   0   0   1   0   0   0   0   0   0   0
16    0   0   0   0   0   1   0   0   0   0   0   0   0   0   0   0   0   0   0
17    0   0   0   0   1   0   0   0   0   0   0   0   0   0   0   0   0   0   0
18    0   0   0   0   0   0   0   0   0   0   0   0   0   0   1   0   0   0   0
19    0   0   0   0   0   0   0   0   0   0   1   0   0   0   0   0   0   0   0
20    0   0   0   0   0   0   0   0   0   0   0   0   0   0   0   0   0   0   0
21    0   0   0   0   0   0   0   0   0   0   0   0   0   0   0   0   0   0   1
22    0   0   0   0   0   0   0   0   0   0   0   1   0   0   0   0   0   0   0
23    0   0   1   0   0   0   0   0   0   0   0   0   0   0   0   0   0   0   0
24    0   0   1   0   0   0   0   0   0   0   0   0   0   0   0   0   0   0   0
25    0   0   0   0   0   0   1   0   0   0   0   0   0   0   0   0   0   0   0
26    0   0   0   0   0   0   0   0   0   0   0   0   0   0   0   0   0   0   0
27    0   0   0   0   0   0   0   0   0   0   0   0   0   0   0   1   0   0   0
28    0   0   0   0   1   0   0   0   0   0   0   0   0   0   0   0   0   0   0
29    0   0   0   0   0   0   1   0   0   0   0   0   0   0   0   0   0   0   0
30    0   0   0   0   0   0   0   0   0   0   0   0   0   0   0   1   0   0   0
31    0   0   0   0   0   0   0   0   1   0   0   0   0   0   0   0   0   0   0
32    0   0   0   0   0   0   0   0   0   0   0   0   1   0   0   0   0   0   0
33    0   0   0   0   0   0   0   0   1   0   0   0   0   0   0   0   0   0   0
34    0   0   0   0   0   0   1   0   0   0   0   0   0   0   0   0   0   0   0
35    0   0   0   0   0   0   0   0   0   0   0   0   0   0   0   0   0   0   0
36    0   1   0   0   0   0   0   0   0   0   0   0   0   0   0   0   0   0   0
37    0   0   0   0   0   0   0   0   0   0   0   0   0   0   0   0   0   0   1
38    0   0   0   0   0   1   0   0   0   0   0   0   0   0   0   0   0   0   0
39    0   0   0   0   0   0   0   1   0   0   0   0   0   0   0   0   0   0   0
40    0   1   0   0   0   0   0   0   0   0   0   0   0   0   0   0   0   0   0
41    0   0   0   0   0   0   0   0   0   0   0   0   1   0   0   0   0   0   0
42    0   0   0   0   1   0   0   0   0   0   0   0   0   0   0   0   0   0   0
43    0   0   0   1   0   0   0   0   0   0   0   0   0   0   0   0   0   0   0
44    0   0   0   0   1   0   0   0   0   0   0   0   0   0   0   0   0   0   0
45    0   1   0   0   0   0   0   0   0   0   0   0   0   0   0   0   0   0   0
46    0   0   0   0   0   0   0   0   0   0   0   0   0   0   1   0   0   0   0
47    0   0   0   0   0   0   0   0   0   0   0   0   0   1   0   0   0   0   0
48    0   0   1   0   0   0   0   0   0   0   0   0   0   0   0   0   0   0   0
49    0   0   0   0   0   0   0   0   0   0   0   0   0   0   0   0   0   1   0
50    0   0   0   0   0   0   0   0   0   0   0   0   0   0   0   1   0   0   0
51    0   0   0   0   0   1   0   0   0   0   0   0   0   0   0   0   0   0   0
52    0   0   0   0   0   0   0   0   0   0   0   0   0   0   0   0   0   0   0
53    0   0   0   0   0   0   0   0   0   0   0   0   0   0   0   0   0   0   0
54    0   0   0   0   0   0   0   0   0   0   0   0   0   0   0   0   0   0   0
55    0   1   0   0   0   0   0   0   0   0   0   0   0   0   0   0   0   0   0
56    0   0   0   0   0   0   0   0   0   0   0   0   0   0   0   0   0   0   0
57    0   0   0   0   0   0   0   0   0   0   0   0   0   0   0   0   1   0   0
58    0   0   0   0   0   0   0   0   1   0   0   0   0   0   0   0   0   0   0
59    0   0   0   0   0   0   0   0   0   0   0   0   0   0   1   0   0   0   0
60    0   0   0   0   0   0   0   0   0   0   0   0   0   1   0   0   0   0   0
61    0   0   0   0   0   0   0   0   0   0   0   0   1   0   0   0   0   0   0
62    0   1   0   0   0   0   0   0   0   0   0   0   0   0   0   0   0   0   0
63    0   0   0   0   0   0   0   1   0   0   0   0   0   0   0   0   0   0   0
64    0   0   0   0   0   0   0   0   0   0   0   0   0   0   1   0   0   0   0
65    0   0   0   0   0   0   0   0   0   0   0   1   0   0   0   0   0   0   0
66    0   0   0   0   0   0   1   0   0   0   0   0   0   0   0   0   0   0   0
67    0   0   0   0   0   0   0   0   0   0   0   1   0   0   0   0   0   0   0
68    0   0   1   0   0   0   0   0   0   0   0   0   0   0   0   0   0   0   0
69    0   0   0   0   0   0   0   1   0   0   0   0   0   0   0   0   0   0   0
70    0   0   0   0   0   0   0   0   0   0   0   0   0   0   0   0   0   0   0
71    0   0   0   0   0   0   0   0   0   0   0   0   0   0   0   0   0   1   0
72    0   0   0   0   0   0   0   0   0   0   1   0   0   0   0   0   0   0   0
73    0   0   0   0   0   0   0   0   0   0   0   0   0   0   0   0   1   0   0
74    0   0   0   0   0   1   0   0   0   0   0   0   0   0   0   0   0   0   0
75    0   0   0   0   0   1   0   0   0   0   0   0   0   0   0   0   0   0   0
76    0   0   0   0   0   0   0   0   0   0   0   0   1   0   0   0   0   0   0
77    0   0   0   0   0   0   0   0   0   0   0   0   0   0   1   0   0   0   0
78    0   0   0   0   0   0   0   0   0   0   0   0   0   0   0   0   1   0   0
79    0   0   0   0   0   0   0   0   0   0   0   0   0   0   0   0   0   0   0
80    0   0   0   0   0   0   0   0   0   1   0   0   0   0   0   0   0   0   0
81    0   0   0   0   0   0   0   0   0   0   0   0   0   1   0   0   0   0   0
82    0   0   0   0   0   0   0   0   1   0   0   0   0   0   0   0   0   0   0
83    0   0   0   1   0   0   0   0   0   0   0   0   0   0   0   0   0   0   0
84    0   0   0   0   0   0   0   1   0   0   0   0   0   0   0   0   0   0   0
85    0   0   1   0   0   0   0   0   0   0   0   0   0   0   0   0   0   0   0
86    0   0   0   0   0   0   0   0   0   0   0   0   0   0   0   0   0   0   1
87    0   0   0   0   0   0   1   0   0   0   0   0   0   0   0   0   0   0   0
88    0   0   0   0   0   0   0   0   0   0   0   0   0   0   0   1   0   0   0
89    0   0   0   0   0   0   0   0   0   0   0   0   0   0   0   0   0   0   0
90    0   0   0   0   0   0   0   0   0   0   0   0   0   0   0   0   0   0   0
91    0   0   0   0   0   0   0   1   0   0   0   0   0   0   0   0   0   0   0
92    0   0   0   0   0   0   0   0   0   0   0   0   0   0   0   0   0   0   1
93    0   0   0   0   0   0   0   0   0   0   0   0   0   1   0   0   0   0   0
94    0   0   0   0   0   0   0   0   0   0   0   0   0   0   0   0   0   0   0
95    0   0   0   0   0   0   0   0   0   0   0   0   0   0   0   0   0   0   1
96    0   0   0   0   0   0   0   0   0   0   0   0   1   0   0   0   0   0   0
97    0   0   0   0   0   0   0   0   0   0   0   0   0   0   0   0   1   0   0
98    0   0   0   0   0   0   0   0   0   0   0   1   0   0   0   0   0   0   0
99    0   0   0   0   0   0   0   0   0   0   0   0   0   0   0   0   0   0   0
100   1   0   0   0   0   0   0   0   0   0   0   0   0   0   0   0   0   0   0

:   310    :=
1     0
2     0
3     0
4     0
5     0
6     0
7     0
8     0
9     0
10    0
11    0
12    0
13    0
14    0
15    0
16    0
17    0
18    0
19    0
20    0
21    0
22    0
23    0
24    0
25    0
26    0
27    0
28    0
29    0
30    0
31    0
32    0
33    0
34    0
35    0
36    0
37    0
38    0
39    0
40    0
41    0
42    0
43    0
44    0
45    0
46    0
47    0
48    0
49    0
50    0
51    0
52    1
53    1
54    0
55    0
56    0
57    0
58    0
59    0
60    0
61    0
62    0
63    0
64    0
65    0
66    0
67    0
68    0
69    0
70    0
71    0
72    0
73    0
74    0
75    0
76    0
77    0
78    0
79    1
80    0
81    0
82    0
83    0
84    0
85    0
86    0
87    0
88    0
89    0
90    1
91    0
92    0
93    0
94    0
95    0
96    0
97    0
98    0
99    1
100   0
;

vi[i] [*] :=
 3  1
 4  1
 7  1
12  1
13  1
20  1
26  1
35  1
54  1
56  1
70  1
89  1
94  1
;

:   x[i]   c[i] travel[i] delay[i]    :=
100   1       0       0         0
122   1    3905    3905         0
130   1    6790    4070      2720
134   1     880     880         0
139   1    4180    4180         0
145   1    4070    4070         0
156   1    4565    4565         0
172   1    4895    4895         0
183   1    9345    4785      4560
219   1     880     880         0
230   1    2310    2310         0
243   1    6775    3575      3200
254   1    4840    4840         0
255   1    4235    4235         0
271   1    3520    3520         0
276   1    2145    2145         0
282   1    3795    3795         0
297   1    9315    3795      5520
299   1    7445    3685      3760
310   1    3905    3905         0
;

