#Nombre	DiaAten	ModelId		T.Servicio	Penalty
191_PR_3	3	1	60	13706
101_PR_2	2	1	60	13706
1_PR_1	1	1	90	14703
341_SA_5	5	1	70	16078
102_SA_2	2	2	120	16340
2_SA_1	1	2	90	16413
103_SA_2	-3	3	120	33576
104_LC_2	2	4	120	17324
271_PR_4	4	1	60	17377
105_LC_2	2	5	200	17458
342_PR_5	5	2	60	17516
192_PR_3	3	2	130	17589
193_LC_3	3	3	70	17686
272_LC_4	4	2	130	17706
273_LC_4	4	3	90	17777
343_LC_5	5	3	45	17826
274_SA_4	4	4	60	17906
3_SA_1	-2	3	75	35828
106_NU_2	-3	6	75	35998
107_PR_2	2	7	30	18024
344_LC_5	5	4	120	18034
108_LC_2	2	8	10	18034
345_SA_5	5	5	150	18051
194_PR_3	3	4	20	18093
4_LC_1	-2	4	120	36348
195_SA_3	3	5	150	18443
5_SA_1	1	5	90	18498
197_SA_3	-4	6	120	36996
346_LC_5	5	6	70	18498
199_SA_3	3	7	80	18498
196_PR_3	3	8	45	18498
198_SA_3	3	9	60	18498
6_SA_1	1	6	30	18582
200_SA_3	3	10	60	18582
201_LC_3	3	11	270	18582
347_SA_5	5	7	20	18585
7_SA_1	-2	7	290	37284
202_SA_3	3	12	180	18642
8_SA_1	1	8	60	18642
110_SA_2	2	9	120	18642
111_SA_2	-3	10	120	37284
112_SA_2	2	11	60	18642
109_SA_2	2	12	110	18642
114_SA_2	2	13	60	18642
113_SA_2	2	14	60	18642
203_SA_3	3	13	45	18642
115_PR_2	-3	15	90	37300
348_SA_5	5	8	60	18663
349_SA_5	5	9	15	18663
9_SA_1	1	9	360	18679
10_SA_1	1	10	60	18679
13_SA_1	1	11	60	18679
14_SA_1	-2	12	90	37358
350_SA_5	5	10	180	18679
12_SA_1	-2	13	75	37358
204_SA_3	3	14	80	18679
205_SA_3	3	15	60	18679
352_PR_5	5	11	70	18679
11_SA_1	1	14	120	18679
275_SA_4	4	5	90	18679
276_SA_4	4	6	60	18679
277_SA_4	4	7	120	18679
120_SA_2	2	16	55	18679
279_SA_4	4	8	300	18679
280_NU_4	-5	9	60	37358
119_SA_2	2	17	60	18679
124_SA_2	2	18	30	18679
121_LC_2	2	19	45	18679
122_SA_2	2	20	50	18679
351_SA_5	5	12	60	18679
118_SA_2	2	21	120	18679
278_PR_4	4	10	150	18679
116_SA_2	-3	22	60	37358
117_SA_2	2	23	140	18679
123_SA_2	2	24	50	18679
15_SA_1	1	15	240	18773
125_SA_2	2	25	60	18856
281_PR_4	4	11	70	18856
282_LC_4	4	12	90	18926
127_PR_2	2	26	80	18930
206_PR_3	3	16	35	18930
126_PR_2	2	27	180	18930
353_SA_5	5	13	5	18968
354_PR_5	5	14	30	19022
16_SA_1	1	16	110	19061
207_SA_3	3	17	50	19061
128_SA_2	2	28	120	19119
17_NU_1	1	17	180	19120
129_NU_2	2	29	120	19120
283_SA_4	-5	13	180	38366
355_LC_5	5	15	150	19236
130_SA_2	2	30	90	19236
356_SA_5	5	16	150	19245
131_PR_2	-3	31	215	38632
18_SA_1	1	18	90	19327
208_SA_3	3	18	90	19327
209_SA_3	3	19	45	19327
132_SA_2	2	32	20	19327
19_SA_1	1	19	180	19357
210_SA_3	3	20	180	19357
284_SA_4	4	14	240	19357
134_SA_2	2	33	60	19363
133_SA_2	2	34	90	19363
357_SA_5	5	17	60	19363
285_SA_4	4	15	60	19372
135_SA_2	2	35	60	19461
20_SA_1	-2	20	60	38922
136_LC_2	2	36	30	19527
286_PR_4	4	16	60	19534
360_LC_5	5	18	10	19534
358_PR_5	5	19	70	19534
137_PR_2	2	37	150	19534
359_LC_5	5	20	10	19534
361_SA_5	5	21	10	19534
21_NU_1	1	21	90	19557
211_NU_3	3	21	40	19557
362_PR_5	5	22	240	19565
22_PR_1	1	22	60	19572
213_LC_3	-4	22	90	39144
139_PR_2	2	38	60	19572
140_SA_2	2	39	50	19572
288_SA_4	4	17	60	19572
287_PR_4	4	18	90	19572
212_SA_3	3	23	40	19572
138_VI_2	2	40	90	19572
363_VI_5	5	23	10	19586
214_VI_3	3	24	25	19586
215_PR_3	3	25	45	19601
23_SA_1	1	23	90	19621
24_PR_1	1	24	100	19637
289_LC_4	4	19	110	19642
25_PR_1	1	25	90	19691
141_NU_2	2	41	150	19737
26_NU_1	-2	26	420	39474
27_LC_1	1	27	180	19754
216_SA_3	3	26	80	19766
28_SA_1	1	28	30	19877
29_SA_1	1	29	60	19892
364_PR_5	5	24	1	19918
217_SA_3	-4	27	150	39840
365_SA_5	5	25	120	19920
290_SA_4	4	20	60	19920
291_SA_4	4	21	150	20002
292_PR_4	4	22	50	20016
293_PR_4	4	23	165	20016
294_SA_4	4	24	90	20081
142_LC_2	-3	42	50	40298
218_SA_3	3	28	120	20179
219_SA_3	3	29	90	20179
143_SA_2	-3	43	180	40358
144_SA_2	2	44	90	20198
145_LC_2	2	45	60	20231
146_SA_2	2	46	165	20231
147_LC_2	2	47	30	20231
220_PR_3	3	30	60	20231
30_PR_1	1	30	60	20241
295_LC_4	4	25	60	20255
366_SA_5	5	26	20	20301
32_SA_1	1	31	90	20310
31_SA_1	1	32	90	20310
367_PR_5	5	27	15	20345
33_LC_1	1	33	150	20404
221_PR_3	-4	31	35	40844
296_SA_4	-5	26	90	40852
222_PR_3	3	32	60	20445
223_PR_3	3	33	40	20447
224_PR_3	3	34	50	20547
34_LC_1	1	34	80	20553
148_SA_2	-3	48	90	41192
368_PR_5	5	28	5	20623
369_SA_5	5	29	120	20656
370_SA_5	5	30	140	20656
225_SA_3	3	35	80	20698
35_SA_1	-2	35	105	41396
297_SA_4	4	27	100	20723
36_LC_1	1	36	60	20736
298_PR_4	4	28	120	20740
150_SA_2	2	49	120	20808
149_SA_2	-3	50	235	41616
151_SA_2	2	51	120	20813
38_PR_1	1	37	80	20869
371_PR_5	5	31	30	20869
37_PR_1	1	38	60	20869
39_LC_1	1	39	90	20881
226_PR_3	3	36	65	20920
372_LC_5	5	32	60	20954
227_LC_3	3	37	120	20994
40_SA_1	1	40	60	21002
228_SA_3	3	38	100	21007
152_LC_2	2	52	1	21018
41_LC_1	1	41	120	21044
42_PR_1	1	42	60	21044
299_LC_4	4	29	60	21067
43_SA_1	1	43	207	21156
300_SA_4	4	30	105	21175
301_SA_4	4	31	75	21235
44_PR_1	1	44	25	21264
153_PR_2	-3	53	230	42540
302_SA_4	4	32	90	21280
373_SA_5	5	33	60	21314
154_PR_2	2	54	170	21336
374_PR_5	5	34	105	21336
155_SA_2	2	55	240	21365
375_PR_5	5	35	170	21393
229_SA_3	3	39	60	21394
156_PR_2	2	56	80	21394
45_VI_1	1	45	75	21424
46_SA_1	1	46	90	21442
47_SA_1	1	47	90	21442
230_PR_3	3	40	30	21555
303_LC_4	4	33	60	21580
376_PR_5	5	36	75	21587
304_VI_4	4	34	120	21620
231_SA_3	3	41	80	21620
49_SA_1	1	48	60	21620
306_SA_4	4	35	270	21620
305_PR_4	4	36	25	21620
377_PR_5	5	37	30	21620
157_SA_2	2	57	150	21620
48_SA_1	1	49	60	21620
232_PR_3	3	42	120	21620
307_SA_4	4	37	120	21627
233_SA_3	3	43	40	21628
378_PR_5	5	38	30	21646
234_LC_3	3	44	60	21648
235_LC_3	3	45	120	21683
379_LC_5	5	39	60	21686
50_LC_1	1	50	80	21686
158_PR_2	2	58	85	21703
236_VI_3	3	46	90	21715
308_PR_4	4	38	30	21717
237_PR_3	3	47	70	21717
159_SA_2	2	59	55	21731
51_SA_1	1	51	90	21731
160_PR_2	2	60	60	21735
309_PR_4	4	39	60	21740
310_PR_4	4	40	120	21740
161_LC_2	2	61	180	21814
238_SA_3	3	48	60	21816
162_SA_2	2	62	1	21830
239_SA_3	3	49	180	21844
52_PR_1	1	52	30	21848
240_PR_3	-4	50	60	43696
53_NU_1	1	53	90	21874
311_PR_4	4	41	60	21882
241_SA_3	3	51	20	21913
55_LC_1	-2	54	60	43834
54_LC_1	1	55	60	21917
312_PR_4	4	42	50	21917
56_LC_1	-2	56	150	43878
313_PR_4	4	43	50	21966
163_PR_2	2	63	120	21966
164_NU_2	2	64	90	21973
314_SA_4	4	44	20	22013
380_LC_5	5	40	234	22026
59_SA_1	1	57	60	22034
57_SA_1	1	58	60	22034
58_SA_1	1	59	60	22034
165_SA_2	-3	65	120	44158
60_LC_1	1	60	90	22173
167_SA_2	2	66	60	22187
64_SA_1	1	61	10	22187
62_SA_1	1	62	150	22187
61_SA_1	1	63	30	22187
166_SA_2	2	67	40	22187
65_SA_1	1	64	30	22187
63_SA_1	1	65	75	22187
381_SA_5	5	41	60	22187
242_LC_3	3	52	40	22246
315_SA_4	4	45	180	22296
316_NU_4	4	46	60	22299
66_PR_1	1	66	75	22315
168_SA_2	2	68	60	22341
67_SA_1	1	67	60	22342
317_LC_4	4	47	45	22387
243_SA_3	3	53	120	22531
318_SA_4	4	48	240	22531
68_SA_1	1	68	120	22551
69_VI_1	1	69	60	22569
382_PR_5	5	42	30	22574
319_PR_4	4	49	90	22581
71_PR_1	-2	70	520	45190
70_SA_1	1	71	180	22595
170_SA_2	2	69	120	22595
244_SA_3	3	54	80	22595
169_LC_2	-3	70	135	45190
171_PR_2	2	71	65	22602
172_NU_2	2	72	60	22621
321_SA_4	4	50	240	22702
383_SA_5	5	43	240	22702
73_PR_1	1	72	120	22702
72_SA_1	1	73	195	22702
320_SA_4	4	51	120	22702
322_SA_4	4	52	90	22702
245_SA_3	3	55	160	22719
384_SA_5	5	44	240	22719
323_SA_4	4	53	120	22719
246_LC_3	3	56	100	22741
247_SA_3	3	57	90	22755
74_SA_1	1	74	60	22787
75_SA_1	1	75	75	22799
174_SA_2	-3	73	360	45598
173_SA_2	2	74	55	22799
175_SA_2	2	75	90	22799
385_SA_5	5	45	60	22799
248_SA_3	3	58	60	22816
176_SA_2	2	76	90	22867
177_PR_2	2	77	50	22908
249_SA_3	3	59	75	22919
76_SA_1	1	76	100	22944
250_SA_3	3	60	60	22947
77_SA_1	1	77	120	22947
178_NU_2	2	78	20	22984
324_SA_4	4	54	130	23021
325_PR_4	4	55	180	23075
386_SA_5	5	46	90	23146
179_PR_2	2	79	100	23171
251_PR_3	3	61	60	23183
180_LC_2	2	80	60	23208
326_SA_4	4	56	1	23210
78_SA_1	1	78	60	23210
79_SA_1	1	79	100	23210
181_LC_2	2	81	120	23210
252_SA_3	-4	62	55	46420
387_SA_5	5	47	90	23239
80_SA_1	1	80	90	23248
81_SA_1	1	81	60	23263
388_SA_5	5	48	60	23288
389_SA_5	5	49	90	23325
253_SA_3	3	63	60	23325
82_VI_1	1	82	30	23340
390_LC_5	5	50	180	23352
255_PR_3	3	64	150	23372
254_PR_3	3	65	60	23372
256_PR_3	3	66	90	23373
257_SA_3	3	67	5	23426
258_SA_3	3	68	120	23462
83_SA_1	1	83	240	23462
327_SA_4	4	57	120	23472
84_LC_1	1	84	15	23488
85_PR_1	1	85	70	23518
86_PR_1	1	86	90	23629
259_SA_3	3	69	110	23651
260_SA_3	3	70	120	23718
261_SA_3	3	71	90	23737
87_SA_1	1	87	60	23738
262_SA_3	3	72	120	23738
88_LC_1	1	88	120	23755
328_LC_4	4	58	120	23877
329_LC_4	4	59	90	23877
182_LC_2	2	82	60	23903
183_NU_2	2	83	20	23913
263_SA_3	3	73	60	23936
184_SA_2	2	84	15	23936
185_SA_2	-3	85	35	47918
331_SA_4	4	60	160	23959
330_SA_4	4	61	120	23959
264_SA_3	3	74	65	24119
186_PR_2	2	86	120	24131
187_SA_2	2	87	210	24151
89_PR_1	-2	89	70	48316
90_SA_1	1	90	90	24170
391_LC_5	5	51	75	24175
393_PR_5	5	52	150	24187
91_PR_1	1	91	120	24187
392_PR_5	5	53	35	24187
188_VI_2	2	88	100	24234
332_PR_4	4	62	120	24244
265_PR_3	3	75	100	24315
92_SA_1	1	92	60	24358
333_VI_4	4	63	90	24383
394_PR_5	5	54	75	24420
93_SA_1	1	93	90	24452
94_NU_1	-2	94	160	48956
95_SA_1	1	95	140	24523
334_SA_4	4	64	30	24582
96_VI_1	1	96	50	24670
98_PR_1	1	97	10	24706
97_PR_1	1	98	20	24706
335_SA_4	4	65	30	24778
266_SA_3	-4	76	80	49848
99_SA_1	1	99	75	25063
267_NU_3	3	77	50	25204
336_VI_4	4	66	240	25488
337_PR_4	4	67	1	25534
395_SA_5	5	55	90	25539
338_SA_4	4	68	60	25539
396_SA_5	5	56	60	25688
397_SA_5	5	57	10	25688
268_SA_3	3	78	90	25956
398_NU_5	5	58	150	26084
340_SA_4	4	69	60	26084
339_SA_4	4	70	140	26084
189_PR_2	2	89	80	26084
399_SA_5	5	59	60	27037
190_SA_2	2	90	30	27037
100_PR_1	1	100	60	27449
269_SA_3	3	79	40	28058
400_PR_5	5	60	45	28773
270_PR_3	3	80	75	28832
