Iter 101
MasterProb = 1542300

s [*] :=
1   61
2  100
3   75
4   20
5   22
;

SubProb = -87763
d = 0

distanceCost*(sum{l in 1 .. Lcap - 1} t[l]) = 4345

Iter 102
MasterProb = 1461650

s [*] :=
1   3
2  44
3  87
4  32
5  47
;

SubProb = -77253
d = 0

distanceCost*(sum{l in 1 .. Lcap - 1} t[l]) = 4070

Iter 103
MasterProb = 1385930

s [*] :=
1  91
2  75
3  21
4  96
5  61
;

SubProb = -90443
d = 0

distanceCost*(sum{l in 1 .. Lcap - 1} t[l]) = 5225

Iter 104
MasterProb = 1382480

s [*] :=
1  25
2   5
3  29
4  80
5  46
;

SubProb = -74538
d = 9

distanceCost*(sum{l in 1 .. Lcap - 1} t[l]) = 3795

Iter 105
MasterProb = 1308730

s [*] :=
1  18
2  99
3  66
4  61
5  70
;

SubProb = -58566
d = 369

distanceCost*(sum{l in 1 .. Lcap - 1} t[l]) = 4345

Iter 106
MasterProb = 1308730

s [*] :=
1   67
2   74
3   57
4  101
5  102
;

SubProb = -44064
d = 0

distanceCost*(sum{l in 1 .. Lcap - 1} t[l]) = 1760

Iter 107
MasterProb = 1264660

s [*] :=
1   67
2   74
3   57
4  101
5  102
;

SubProb = -44064
d = 0

distanceCost*(sum{l in 1 .. Lcap - 1} t[l]) = 1760

Iter 108
MasterProb = 1264660

s [*] :=
1  100
2   67
3   97
4   98
5   29
;

SubProb = -97357
d = 0

distanceCost*(sum{l in 1 .. Lcap - 1} t[l]) = 4125

Iter 109
MasterProb = 1264660

s [*] :=
1  62
2  19
3  61
4  59
5  47
;

SubProb = -21632
d = 74

distanceCost*(sum{l in 1 .. Lcap - 1} t[l]) = 3520

Iter 110
MasterProb = 1264660

s [*] :=
1  62
2  19
3  61
4  59
5  47
;

SubProb = 0
d = 74

distanceCost*(sum{l in 1 .. Lcap - 1} t[l]) = 3520

Problema Entero
MasterProb = 1264660

fo1 = 15570
fo2 = 1249090

x[j] [*] :=
 76  1
 77  1
 78  1
 79  1
 81  1
 82  1
 83  1
 84  1
 85  1
 86  1
 88  1
 89  1
 90  1
 92  1
 93  1
 94  1
 95  1
 97  1
 98  1
 99  1
100  1
102  1
103  1
104  1
106  1
;

aa[i,j] [*,*]
:    76  77  78  79  81  82  83  84  85  86  88  89  90  92  93  94  95  97  98 :=
1     0   0   0   0   0   0   0   0   0   0   0   0   0   0   0   0   0   0   0
2     0   0   0   0   0   0   0   0   0   0   0   0   0   0   0   0   0   0   0
3     0   0   0   0   0   0   0   0   0   0   0   0   0   0   0   0   0   0   0
4     0   0   0   0   0   0   0   0   0   0   0   0   0   0   0   0   0   0   0
5     0   0   0   0   0   0   0   0   0   0   0   0   0   0   0   0   0   0   0
6     0   0   0   0   0   0   0   0   0   0   0   0   0   0   0   0   0   0   0
7     0   0   0   0   0   0   0   0   0   0   0   0   0   0   0   0   0   0   0
8     0   0   0   0   0   0   0   0   0   0   0   0   0   0   0   0   0   0   0
9     0   0   0   0   0   0   0   0   0   0   0   0   0   0   0   0   0   0   0
10    0   0   0   0   0   0   0   0   0   0   0   0   0   0   0   0   0   0   0
11    0   0   0   0   0   0   0   0   0   0   0   0   0   0   0   0   0   0   0
12    0   0   0   0   0   0   0   0   0   0   0   0   0   0   0   0   0   0   0
13    0   0   0   0   0   0   0   0   0   0   0   0   0   0   0   0   0   0   0
14    0   0   0   0   0   0   0   0   0   0   0   0   0   0   0   0   0   0   0
15    0   0   0   0   0   0   0   0   0   0   0   0   0   0   0   0   0   0   0
16    0   0   0   0   0   0   0   0   0   0   0   0   0   0   0   0   0   0   0
17    0   0   0   0   0   0   0   0   0   0   0   0   0   0   0   0   0   0   0
18    0   0   0   0   0   0   0   0   0   0   0   0   0   0   0   0   0   0   0
19    0   0   0   0   0   0   0   0   0   0   0   0   0   0   0   0   0   0   0
20    0   0   0   0   0   0   0   0   0   0   0   0   0   0   0   0   0   0   0
21    0   0   0   0   0   0   0   0   0   0   0   0   0   0   0   0   0   0   0
22    0   0   0   0   0   0   0   0   0   0   0   0   0   0   0   0   0   0   0
23    0   0   0   0   0   0   0   0   0   0   0   0   0   0   0   0   0   0   0
24    0   0   0   0   0   0   0   0   0   0   0   0   0   0   0   0   0   0   0
25    0   0   0   0   0   0   0   0   0   0   0   0   0   0   0   0   0   0   0
26    0   0   0   0   0   0   0   0   0   0   0   0   0   0   0   0   0   0   0
27    0   0   0   0   0   0   0   0   0   0   0   0   0   0   0   0   0   0   0
28    0   0   0   0   0   0   0   0   0   0   0   0   0   0   0   0   0   0   0
29    0   0   0   0   0   0   0   0   0   0   0   0   0   0   0   0   0   0   0
30    0   0   0   0   0   0   0   0   0   0   0   0   0   0   0   0   0   0   0
31    0   0   0   0   0   0   0   0   0   0   0   0   0   0   0   0   0   0   0
32    0   0   0   0   0   0   0   0   0   0   0   0   0   0   0   0   0   0   0
33    0   0   0   0   0   0   0   0   0   0   0   0   0   0   0   0   0   0   0
34    0   0   0   0   0   0   0   0   0   0   0   0   0   0   0   0   0   0   0
35    0   0   0   0   0   0   0   0   0   0   0   0   0   0   0   0   0   0   0
36    0   0   0   0   0   0   0   0   0   0   0   0   0   0   0   0   0   0   0
37    0   0   0   0   0   0   0   0   0   0   0   0   0   0   0   0   0   0   0
38    0   0   0   0   0   0   0   0   0   0   0   0   0   0   0   0   0   0   0
39    0   0   0   0   0   0   0   0   0   0   0   0   0   0   0   0   0   0   0
40    0   0   0   0   0   0   0   0   0   0   0   0   0   0   0   0   0   0   0
41    0   0   0   0   0   0   0   0   0   0   0   0   0   0   0   0   0   0   0
42    0   0   0   0   0   0   0   0   0   0   0   0   0   0   0   0   0   0   0
43    0   0   0   0   0   0   0   0   0   0   0   0   0   0   0   0   0   0   0
44    0   0   0   0   0   0   0   0   0   0   0   0   0   0   0   0   0   0   0
45    0   0   0   0   0   0   0   0   0   0   0   0   0   0   0   0   0   0   0
46    0   0   0   0   0   0   0   0   0   0   0   0   0   0   0   0   0   0   0
47    0   0   0   0   0   0   0   0   0   0   0   0   0   0   0   0   0   0   0
48    0   0   0   0   0   0   0   0   0   0   0   0   0   0   0   0   0   0   0
49    0   0   0   0   0   0   0   0   0   0   0   0   0   0   0   0   0   0   0
50    0   0   0   0   0   0   0   0   0   0   0   0   0   0   0   0   0   0   0
51    0   0   0   0   0   0   0   0   0   0   0   0   0   0   0   0   0   0   0
52    0   0   0   0   0   0   0   0   0   0   0   0   0   0   0   0   0   0   0
53    0   0   0   0   0   0   0   0   0   0   0   0   0   0   0   0   0   0   0
54    0   0   0   0   0   0   0   0   0   0   0   0   0   0   0   0   0   0   0
55    0   0   0   0   0   0   0   0   0   0   0   0   0   0   0   0   0   0   0
56    0   0   0   0   0   0   0   0   0   0   0   0   0   0   0   0   0   0   0
57    0   0   0   0   0   0   0   0   0   0   0   0   0   0   0   0   0   0   0
58    0   0   0   0   0   0   0   0   0   0   0   0   0   0   0   0   0   0   0
59    0   0   0   0   0   0   0   0   0   0   0   0   0   0   0   0   0   0   0
60    0   0   0   0   0   0   0   0   0   0   0   0   0   0   0   0   0   0   0
61    0   0   0   0   0   0   0   0   0   0   0   0   0   0   0   0   0   0   0
62    0   0   0   0   0   0   0   0   0   0   0   0   0   0   0   0   0   0   0
63    0   0   0   0   0   0   0   0   0   0   0   0   0   0   0   0   0   0   0
64    0   0   0   0   0   0   0   0   0   0   0   0   0   0   0   0   0   0   0
65    0   0   0   0   0   0   0   0   0   0   0   0   0   0   0   0   0   0   0
66    0   0   0   0   0   0   0   0   0   0   0   0   0   0   0   0   0   0   0
67    0   0   0   0   0   0   0   0   0   0   0   0   0   0   0   0   0   0   0
68    0   0   0   0   0   0   0   0   0   0   0   0   0   0   0   0   0   0   0
69    0   0   0   0   0   0   0   0   0   0   0   0   0   0   0   0   0   0   0
70    0   0   0   0   0   0   0   0   0   0   0   0   0   0   0   0   0   0   0
71    0   0   0   0   0   0   0   0   0   0   0   0   0   0   0   0   0   0   0
72    0   0   0   0   0   0   0   0   0   0   0   0   0   0   0   0   0   0   0
73    0   0   0   0   0   0   0   0   0   0   0   0   0   0   0   0   0   0   0
74    0   0   0   0   0   0   0   0   0   0   0   0   0   0   0   0   0   0   0
75    0   0   0   0   0   0   0   0   0   0   0   0   0   0   0   0   0   0   0
76    1   0   0   0   0   0   0   0   0   0   0   0   0   0   0   0   0   0   0
77    0   1   0   0   0   0   0   0   0   0   0   0   0   0   0   0   0   0   0
78    0   0   1   0   0   0   0   0   0   0   0   0   0   0   0   0   0   0   0
79    0   0   0   1   0   0   0   0   0   0   0   0   0   0   0   0   0   0   0
80    0   0   0   0   0   0   0   0   0   0   0   0   0   0   0   0   0   0   0
81    0   0   0   0   1   0   0   0   0   0   0   0   0   0   0   0   0   0   0
82    0   0   0   0   0   1   0   0   0   0   0   0   0   0   0   0   0   0   0
83    0   0   0   0   0   0   1   0   0   0   0   0   0   0   0   0   0   0   0
84    0   0   0   0   0   0   0   1   0   0   0   0   0   0   0   0   0   0   0
85    0   0   0   0   0   0   0   0   1   0   0   0   0   0   0   0   0   0   0
86    0   0   0   0   0   0   0   0   0   1   0   0   0   0   0   0   0   0   0
87    0   0   0   0   0   0   0   0   0   0   0   0   0   0   0   0   0   0   0
88    0   0   0   0   0   0   0   0   0   0   1   0   0   0   0   0   0   0   0
89    0   0   0   0   0   0   0   0   0   0   0   1   0   0   0   0   0   0   0
90    0   0   0   0   0   0   0   0   0   0   0   0   1   0   0   0   0   0   0
91    0   0   0   0   0   0   0   0   0   0   0   0   0   0   0   0   0   0   0
92    0   0   0   0   0   0   0   0   0   0   0   0   0   1   0   0   0   0   0
93    0   0   0   0   0   0   0   0   0   0   0   0   0   0   1   0   0   0   0
94    0   0   0   0   0   0   0   0   0   0   0   0   0   0   0   1   0   0   0
95    0   0   0   0   0   0   0   0   0   0   0   0   0   0   0   0   1   0   0
96    0   0   0   0   0   0   0   0   0   0   0   0   0   0   0   0   0   0   0
97    0   0   0   0   0   0   0   0   0   0   0   0   0   0   0   0   0   1   0
98    0   0   0   0   0   0   0   0   0   0   0   0   0   0   0   0   0   0   1
99    0   0   0   0   0   0   0   0   0   0   0   0   0   0   0   0   0   0   0
100   0   0   0   0   0   0   0   0   0   0   0   0   0   0   0   0   0   0   0

:    99 100 102 103 104 106    :=
1     0   0   0   0   0   0
2     0   0   0   0   0   0
3     0   0   1   0   0   0
4     0   0   0   0   0   0
5     0   0   0   0   1   0
6     0   0   0   0   0   0
7     0   0   0   0   0   0
8     0   0   0   0   0   0
9     0   0   0   0   0   0
10    0   0   0   0   0   0
11    0   0   0   0   0   0
12    0   0   0   0   0   0
13    0   0   0   0   0   0
14    0   0   0   0   0   0
15    0   0   0   0   0   0
16    0   0   0   0   0   0
17    0   0   0   0   0   0
18    0   0   0   0   0   0
19    0   0   0   0   0   0
20    0   0   0   0   0   0
21    0   0   0   1   0   0
22    0   0   0   0   0   0
23    0   0   0   0   0   0
24    0   0   0   0   0   0
25    0   0   0   0   1   0
26    0   0   0   0   0   0
27    0   0   0   0   0   0
28    0   0   0   0   0   0
29    0   0   0   0   1   0
30    0   0   0   0   0   0
31    0   0   0   0   0   0
32    0   0   1   0   0   0
33    0   0   0   0   0   0
34    0   0   0   0   0   0
35    0   0   0   0   0   0
36    0   0   0   0   0   0
37    0   0   0   0   0   0
38    0   0   0   0   0   0
39    0   0   0   0   0   0
40    0   0   0   0   0   0
41    0   0   0   0   0   0
42    0   0   0   0   0   0
43    0   0   0   0   0   0
44    0   0   1   0   0   0
45    0   0   0   0   0   0
46    0   0   0   0   1   0
47    0   0   1   0   0   0
48    0   0   0   0   0   0
49    0   0   0   0   0   0
50    0   0   0   0   0   0
51    0   0   0   0   0   0
52    0   0   0   0   0   0
53    0   0   0   0   0   0
54    0   0   0   0   0   0
55    0   0   0   0   0   0
56    0   0   0   0   0   0
57    0   0   0   0   0   1
58    0   0   0   0   0   0
59    0   0   0   0   0   0
60    0   0   0   0   0   0
61    0   0   0   1   0   0
62    0   0   0   0   0   0
63    0   0   0   0   0   0
64    0   0   0   0   0   0
65    0   0   0   0   0   0
66    0   0   0   0   0   0
67    0   0   0   0   0   1
68    0   0   0   0   0   0
69    0   0   0   0   0   0
70    0   0   0   0   0   0
71    0   0   0   0   0   0
72    0   0   0   0   0   0
73    0   0   0   0   0   0
74    0   0   0   0   0   1
75    0   0   0   1   0   0
76    0   0   0   0   0   0
77    0   0   0   0   0   0
78    0   0   0   0   0   0
79    0   0   0   0   0   0
80    0   0   0   0   1   0
81    0   0   0   0   0   0
82    0   0   0   0   0   0
83    0   0   0   0   0   0
84    0   0   0   0   0   0
85    0   0   0   0   0   0
86    0   0   0   0   0   0
87    0   0   1   0   0   0
88    0   0   0   0   0   0
89    0   0   0   0   0   0
90    0   0   0   0   0   0
91    0   0   0   1   0   0
92    0   0   0   0   0   0
93    0   0   0   0   0   0
94    0   0   0   0   0   0
95    0   0   0   0   0   0
96    0   0   0   1   0   0
97    0   0   0   0   0   0
98    0   0   0   0   0   0
99    1   0   0   0   0   0
100   0   1   0   0   0   0
;

vi[i] [*] :=
 1  1
 2  1
 4  1
 6  1
 7  1
 8  1
 9  1
10  1
11  1
12  1
13  1
14  1
15  1
16  1
17  1
18  1
19  1
20  1
22  1
23  1
24  1
26  1
27  1
28  1
30  1
31  1
33  1
34  1
35  1
36  1
37  1
38  1
39  1
40  1
41  1
42  1
43  1
45  1
48  1
49  1
50  1
51  1
52  1
53  1
54  1
55  1
56  1
58  1
59  1
60  1
62  1
63  1
64  1
65  1
66  1
68  1
69  1
70  1
71  1
72  1
73  1
;

:   x[i]   c[i] travel[i] delay[i]    :=
76    1       0       0        0
77    1       0       0        0
78    1       0       0        0
79    1       0       0        0
81    1       0       0        0
82    1       0       0        0
83    1       0       0        0
84    1       0       0        0
85    1       0       0        0
86    1       0       0        0
88    1       0       0        0
89    1       0       0        0
90    1       0       0        0
92    1       0       0        0
93    1       0       0        0
94    1       0       0        0
95    1       0       0        0
97    1       0       0        0
98    1       0       0        0
99    1       0       0        0
100   1       0       0        0
102   1    4070    4070        0
103   1    5225    5225        0
104   1    4515    3795      720
106   1    1760    1760        0
;

