#Nombre	DiaAten	ModelId		T.Servicio	Penalty
191_PR_3	3	1	60	5850
101_PR_2	2	1	60	5850
1_PR_1	1	1	90	6407
341_SA_5	5	1	70	6863
102_SA_2	-3	2	120	13898
2_SA_1	-2	2	90	14632
103_SA_2	2	3	120	7371
104_LC_2	2	4	120	7385
271_PR_4	4	1	60	7659
105_LC_2	-3	5	200	15482
342_PR_5	5	2	60	7813
192_PR_3	3	2	130	7904
193_LC_3	3	3	70	7944
272_LC_4	4	2	130	7947
273_LC_4	4	3	90	8017
343_LC_5	5	3	45	8041
274_SA_4	4	4	60	8054
3_SA_1	1	3	75	8119
106_NU_2	2	6	75	8143
107_PR_2	2	7	30	8161
344_LC_5	5	4	120	8206
108_LC_2	2	8	10	8206
345_SA_5	5	5	150	8223
194_PR_3	3	4	20	8234
4_LC_1	-2	4	120	16510
195_SA_3	3	5	150	8262
5_SA_1	1	5	90	8265
197_SA_3	3	6	120	8265
346_LC_5	5	6	70	8265
199_SA_3	3	7	80	8265
196_PR_3	-4	8	45	16530
198_SA_3	3	9	60	8265
6_SA_1	1	6	30	8281
200_SA_3	3	10	60	8281
201_LC_3	-4	11	270	16562
347_SA_5	5	7	20	8319
7_SA_1	1	7	290	8438
202_SA_3	-4	12	180	16876
8_SA_1	1	8	60	8438
110_SA_2	2	9	120	8438
111_SA_2	2	10	120	8438
112_SA_2	2	11	60	8438
109_SA_2	2	12	110	8438
114_SA_2	2	13	60	8438
113_SA_2	2	14	60	8438
203_SA_3	-4	13	45	16876
115_PR_2	2	15	90	8455
348_SA_5	5	8	60	8482
349_SA_5	5	9	15	8482
9_SA_1	1	9	360	8637
10_SA_1	-2	10	60	17274
13_SA_1	1	11	60	8637
14_SA_1	1	12	90	8637
350_SA_5	5	10	180	8637
12_SA_1	-2	13	75	17274
204_SA_3	3	14	80	8637
205_SA_3	3	15	60	8637
352_PR_5	5	11	70	8637
11_SA_1	1	14	120	8637
275_SA_4	4	5	90	8637
276_SA_4	4	6	60	8637
277_SA_4	-5	7	120	17274
120_SA_2	2	16	55	8637
279_SA_4	4	8	300	8637
280_NU_4	4	9	60	8637
119_SA_2	2	17	60	8637
124_SA_2	2	18	30	8637
121_LC_2	2	19	45	8637
122_SA_2	-3	20	50	17274
351_SA_5	5	12	60	8637
118_SA_2	-3	21	120	17274
278_PR_4	4	10	150	8637
116_SA_2	2	22	60	8637
117_SA_2	2	23	140	8637
123_SA_2	2	24	50	8637
15_SA_1	-2	15	240	17352
125_SA_2	-3	25	60	17412
281_PR_4	4	11	70	8706
282_LC_4	4	12	90	8796
127_PR_2	2	26	80	8796
206_PR_3	3	16	35	8796
126_PR_2	2	27	180	8796
353_SA_5	5	13	5	8847
354_PR_5	5	14	30	8860
16_SA_1	1	16	110	8876
207_SA_3	3	17	50	8876
128_SA_2	2	28	120	8883
17_NU_1	1	17	180	8893
129_NU_2	2	29	120	8893
283_SA_4	4	13	180	8928
355_LC_5	5	15	150	8943
130_SA_2	2	30	90	8943
356_SA_5	5	16	150	8998
131_PR_2	-3	31	215	18112
18_SA_1	1	18	90	9086
208_SA_3	-4	18	90	18172
209_SA_3	3	19	45	9086
132_SA_2	2	32	20	9086
19_SA_1	1	19	180	9145
210_SA_3	3	20	180	9145
284_SA_4	4	14	240	9145
134_SA_2	-3	33	60	18312
133_SA_2	2	34	90	9156
357_SA_5	5	17	60	9156
285_SA_4	4	15	60	9157
135_SA_2	2	35	60	9169
20_SA_1	1	20	60	9169
136_LC_2	2	36	30	9206
286_PR_4	4	16	60	9215
360_LC_5	5	18	10	9215
358_PR_5	5	19	70	9215
137_PR_2	2	37	150	9215
359_LC_5	5	20	10	9215
361_SA_5	5	21	10	9215
21_NU_1	1	21	90	9248
211_NU_3	3	21	40	9248
362_PR_5	5	22	240	9260
22_PR_1	1	22	60	9381
213_LC_3	3	22	90	9381
139_PR_2	2	38	60	9381
140_SA_2	2	39	50	9381
288_SA_4	4	17	60	9381
287_PR_4	4	18	90	9381
212_SA_3	3	23	40	9381
138_VI_2	2	40	90	9381
363_VI_5	5	23	10	9385
214_VI_3	3	24	25	9385
215_PR_3	-4	25	45	18772
23_SA_1	1	23	90	9392
24_PR_1	1	24	100	9411
289_LC_4	4	19	110	9420
25_PR_1	1	25	90	9475
141_NU_2	-3	41	150	18970
26_NU_1	-2	26	420	18970
27_LC_1	1	27	180	9500
216_SA_3	3	26	80	9573
28_SA_1	-2	28	30	19210
29_SA_1	1	29	60	9630
364_PR_5	5	24	1	9646
217_SA_3	3	27	150	9652
365_SA_5	5	25	120	9652
290_SA_4	4	20	60	9652
291_SA_4	4	21	150	9668
292_PR_4	4	22	50	9672
293_PR_4	4	23	165	9672
294_SA_4	4	24	90	9692
142_LC_2	-3	42	50	19414
218_SA_3	-4	28	120	19436
219_SA_3	3	29	90	9718
143_SA_2	2	43	180	9718
144_SA_2	2	44	90	9738
145_LC_2	2	45	60	9743
146_SA_2	2	46	165	9743
147_LC_2	2	47	30	9743
220_PR_3	3	30	60	9743
30_PR_1	-2	30	60	19526
295_LC_4	-5	25	60	19528
366_SA_5	5	26	20	9782
32_SA_1	1	31	90	9791
31_SA_1	1	32	90	9791
367_PR_5	5	27	15	9804
33_LC_1	1	33	150	9831
221_PR_3	3	31	35	9836
296_SA_4	4	26	90	9838
222_PR_3	-4	32	60	19734
223_PR_3	3	33	40	9892
224_PR_3	3	34	50	9904
34_LC_1	1	34	80	9906
148_SA_2	2	48	90	9912
368_PR_5	5	28	5	9918
369_SA_5	5	29	120	9923
370_SA_5	5	30	140	9923
225_SA_3	3	35	80	9944
35_SA_1	1	35	105	9944
297_SA_4	4	27	100	9954
36_LC_1	1	36	60	9979
298_PR_4	4	28	120	10029
150_SA_2	-3	49	120	20074
149_SA_2	-3	50	235	20074
151_SA_2	2	51	120	10054
38_PR_1	1	37	80	10093
371_PR_5	5	31	30	10093
37_PR_1	1	38	60	10093
39_LC_1	1	39	90	10121
226_PR_3	3	36	65	10152
372_LC_5	5	32	60	10174
227_LC_3	3	37	120	10222
40_SA_1	1	40	60	10232
228_SA_3	3	38	100	10257
152_LC_2	2	52	1	10260
41_LC_1	1	41	120	10296
42_PR_1	1	42	60	10296
299_LC_4	4	29	60	10318
43_SA_1	-2	43	207	20798
300_SA_4	4	30	105	10440
301_SA_4	4	31	75	10447
44_PR_1	1	44	25	10458
153_PR_2	-3	53	230	20988
302_SA_4	4	32	90	10495
373_SA_5	5	33	60	10516
154_PR_2	2	54	170	10535
374_PR_5	5	34	105	10535
155_SA_2	-3	55	240	21146
375_PR_5	5	35	170	10574
229_SA_3	3	39	60	10590
156_PR_2	2	56	80	10618
45_VI_1	1	45	75	10626
46_SA_1	1	46	90	10632
47_SA_1	1	47	90	10632
230_PR_3	3	40	30	10660
303_LC_4	4	33	60	10677
376_PR_5	5	36	75	10720
304_VI_4	-5	34	120	21448
231_SA_3	3	41	80	10724
49_SA_1	1	48	60	10724
306_SA_4	4	35	270	10724
305_PR_4	4	36	25	10724
377_PR_5	5	37	30	10724
157_SA_2	2	57	150	10724
48_SA_1	1	49	60	10724
232_PR_3	3	42	120	10724
307_SA_4	4	37	120	10727
233_SA_3	3	43	40	10770
378_PR_5	5	38	30	10792
234_LC_3	3	44	60	10820
235_LC_3	3	45	120	10937
379_LC_5	5	39	60	10949
50_LC_1	1	50	80	10963
158_PR_2	2	58	85	10994
236_VI_3	3	46	90	10997
308_PR_4	4	38	30	11003
237_PR_3	3	47	70	11003
159_SA_2	2	59	55	11004
51_SA_1	1	51	90	11004
160_PR_2	2	60	60	11006
309_PR_4	4	39	60	11019
310_PR_4	-5	40	120	22038
161_LC_2	-3	61	180	22062
238_SA_3	3	48	60	11034
162_SA_2	2	62	1	11090
239_SA_3	-4	49	180	22388
52_PR_1	1	52	30	11210
240_PR_3	3	50	60	11210
53_NU_1	1	53	90	11275
311_PR_4	4	41	60	11323
241_SA_3	3	51	20	11335
55_LC_1	1	54	60	11336
54_LC_1	1	55	60	11336
312_PR_4	4	42	50	11350
56_LC_1	1	56	150	11392
313_PR_4	4	43	50	11395
163_PR_2	2	63	120	11395
164_NU_2	2	64	90	11410
314_SA_4	4	44	20	11423
380_LC_5	5	40	234	11428
59_SA_1	1	57	60	11441
57_SA_1	1	58	60	11441
58_SA_1	1	59	60	11441
165_SA_2	2	65	120	11492
60_LC_1	1	60	90	11501
167_SA_2	2	66	60	11521
64_SA_1	1	61	10	11521
62_SA_1	-2	62	150	23042
61_SA_1	1	63	30	11521
166_SA_2	2	67	40	11521
65_SA_1	1	64	30	11521
63_SA_1	-2	65	75	23042
381_SA_5	5	41	60	11521
242_LC_3	3	52	40	11553
315_SA_4	4	45	180	11573
316_NU_4	4	46	60	11576
66_PR_1	1	66	75	11631
168_SA_2	2	68	60	11719
67_SA_1	1	67	60	11754
317_LC_4	4	47	45	11787
243_SA_3	-4	53	120	23612
318_SA_4	4	48	240	11806
68_SA_1	1	68	120	11810
69_VI_1	1	69	60	11879
382_PR_5	5	42	30	11898
319_PR_4	4	49	90	11927
71_PR_1	-2	70	520	23864
70_SA_1	1	71	180	11932
170_SA_2	2	69	120	11932
244_SA_3	3	54	80	11932
169_LC_2	2	70	135	11932
171_PR_2	2	71	65	11946
172_NU_2	2	72	60	11970
321_SA_4	4	50	240	11991
383_SA_5	5	43	240	11991
73_PR_1	1	72	120	11991
72_SA_1	1	73	195	11991
320_SA_4	4	51	120	11991
322_SA_4	4	52	90	11991
245_SA_3	3	55	160	12059
384_SA_5	5	44	240	12059
323_SA_4	4	53	120	12059
246_LC_3	-4	56	100	24126
247_SA_3	3	57	90	12104
74_SA_1	1	74	60	12248
75_SA_1	1	75	75	12254
174_SA_2	-3	73	360	24508
173_SA_2	2	74	55	12254
175_SA_2	2	75	90	12254
385_SA_5	5	45	60	12254
248_SA_3	3	58	60	12265
176_SA_2	2	76	90	12286
177_PR_2	2	77	50	12333
249_SA_3	3	59	75	12351
76_SA_1	1	76	100	12419
250_SA_3	3	60	60	12473
77_SA_1	1	77	120	12473
178_NU_2	2	78	20	12522
324_SA_4	4	54	130	12529
325_PR_4	4	55	180	12565
386_SA_5	5	46	90	12572
179_PR_2	2	79	100	12625
251_PR_3	3	61	60	12633
180_LC_2	2	80	60	12639
326_SA_4	4	56	1	12655
78_SA_1	1	78	60	12655
79_SA_1	1	79	100	12655
181_LC_2	2	81	120	12655
252_SA_3	3	62	55	12655
387_SA_5	5	47	90	12691
80_SA_1	1	80	90	12708
81_SA_1	1	81	60	12734
388_SA_5	5	48	60	12744
389_SA_5	5	49	90	12754
253_SA_3	3	63	60	12754
82_VI_1	1	82	30	12759
390_LC_5	5	50	180	12781
255_PR_3	3	64	150	12784
254_PR_3	3	65	60	12784
256_PR_3	3	66	90	12814
257_SA_3	3	67	5	12815
258_SA_3	3	68	120	12836
83_SA_1	1	83	240	12836
327_SA_4	4	57	120	12857
84_LC_1	1	84	15	12900
85_PR_1	1	85	70	12980
86_PR_1	1	86	90	13073
259_SA_3	3	69	110	13091
260_SA_3	3	70	120	13145
261_SA_3	3	71	90	13210
87_SA_1	1	87	60	13219
262_SA_3	3	72	120	13219
88_LC_1	1	88	120	13226
328_LC_4	4	58	120	13333
329_LC_4	4	59	90	13333
182_LC_2	2	82	60	13397
183_NU_2	2	83	20	13464
263_SA_3	3	73	60	13476
184_SA_2	2	84	15	13476
185_SA_2	2	85	35	13483
331_SA_4	4	60	160	13483
330_SA_4	4	61	120	13483
264_SA_3	3	74	65	13508
186_PR_2	2	86	120	13540
187_SA_2	2	87	210	13571
89_PR_1	-2	89	70	27222
90_SA_1	1	90	90	13645
391_LC_5	5	51	75	13702
393_PR_5	5	52	150	13721
91_PR_1	1	91	120	13721
392_PR_5	5	53	35	13721
188_VI_2	2	88	100	13723
332_PR_4	4	62	120	13939
265_PR_3	3	75	100	13972
92_SA_1	1	92	60	14028
333_VI_4	4	63	90	14037
394_PR_5	5	54	75	14071
93_SA_1	1	93	90	14176
94_NU_1	1	94	160	14272
95_SA_1	1	95	140	14290
334_SA_4	4	64	30	14473
96_VI_1	1	96	50	14578
98_PR_1	1	97	10	14595
97_PR_1	1	98	20	14595
335_SA_4	4	65	30	14620
266_SA_3	3	76	80	14714
99_SA_1	1	99	75	14718
267_NU_3	3	77	50	14755
336_VI_4	4	66	240	14819
337_PR_4	4	67	1	14946
395_SA_5	5	55	90	14996
338_SA_4	4	68	60	14996
396_SA_5	5	56	60	15070
397_SA_5	5	57	10	15070
268_SA_3	3	78	90	15340
398_NU_5	5	58	150	15476
340_SA_4	4	69	60	15476
339_SA_4	4	70	140	15476
189_PR_2	2	89	80	15476
399_SA_5	5	59	60	15796
190_SA_2	2	90	30	15796
100_PR_1	1	100	60	16060
269_SA_3	3	79	40	16940
400_PR_5	5	60	45	17062
270_PR_3	3	80	75	17736
