#Nombre	DiaAten	ModelId		T.Servicio	Penalty
191_PR_3	-4	1	60	1620
101_PR_2	-3	1	60	1620
1_PR_1	-2	1	90	1722
341_SA_5	-6	1	70	1734
102_SA_2	-3	2	120	1772
2_SA_1	-2	2	90	1774
103_SA_2	-3	3	120	1786
104_LC_2	-3	4	120	1806
271_PR_4	-5	1	60	1820
105_LC_2	-3	5	200	1832
342_PR_5	-6	2	60	1836
192_PR_3	-4	2	130	1842
193_LC_3	-4	3	70	1856
272_LC_4	-5	2	130	1858
273_LC_4	-5	3	90	1858
343_LC_5	-6	3	45	1864
274_SA_4	-5	4	60	1868
3_SA_1	-2	3	75	1868
106_NU_2	-3	6	75	1876
107_PR_2	-3	7	30	1884
344_LC_5	-6	4	120	1886
108_LC_2	-3	8	10	1886
345_SA_5	-6	5	150	1886
194_PR_3	-4	4	20	1902
4_LC_1	-2	4	120	1904
195_SA_3	-4	5	150	1908
5_SA_1	-2	5	90	1908
197_SA_3	-4	6	120	1908
346_LC_5	-6	6	70	1908
199_SA_3	-4	7	80	1908
196_PR_3	-4	8	45	1908
198_SA_3	-4	9	60	1908
6_SA_1	-2	6	30	1912
200_SA_3	-4	10	60	1912
201_LC_3	-4	11	270	1912
347_SA_5	-6	7	20	1914
7_SA_1	-2	7	290	1918
202_SA_3	-4	12	180	1918
8_SA_1	-2	8	60	1918
110_SA_2	-3	9	120	1918
111_SA_2	2	10	120	959
112_SA_2	-3	11	60	1918
109_SA_2	-3	12	110	1918
114_SA_2	-3	13	60	1918
113_SA_2	-3	14	60	1918
203_SA_3	-4	13	45	1918
115_PR_2	-3	15	90	1922
348_SA_5	-6	8	60	1928
349_SA_5	-6	9	15	1928
9_SA_1	-2	9	360	1932
10_SA_1	-2	10	60	1932
13_SA_1	-2	11	60	1932
14_SA_1	-2	12	90	1932
350_SA_5	-6	10	180	1932
12_SA_1	-2	13	75	1932
204_SA_3	-4	14	80	1932
205_SA_3	-4	15	60	1932
352_PR_5	-6	11	70	1932
11_SA_1	-2	14	120	1932
275_SA_4	-5	5	90	1932
276_SA_4	-5	6	60	1932
277_SA_4	-5	7	120	1932
120_SA_2	-3	16	55	1932
279_SA_4	-5	8	300	1932
280_NU_4	-5	9	60	1932
119_SA_2	-3	17	60	1932
124_SA_2	-3	18	30	1932
121_LC_2	-3	19	45	1932
122_SA_2	-3	20	50	1932
351_SA_5	-6	12	60	1932
118_SA_2	-3	21	120	1932
278_PR_4	-5	10	150	1932
116_SA_2	-3	22	60	1932
117_SA_2	-3	23	140	1932
123_SA_2	-3	24	50	1932
15_SA_1	-2	15	240	1936
125_SA_2	-3	25	60	1942
281_PR_4	-5	11	70	1942
282_LC_4	-5	12	90	1948
127_PR_2	-3	26	80	1948
206_PR_3	-4	16	35	1948
126_PR_2	-3	27	180	1948
353_SA_5	-6	13	5	1954
354_PR_5	-6	14	30	1960
16_SA_1	-2	16	110	1970
207_SA_3	-4	17	50	1970
128_SA_2	-3	28	120	1972
17_NU_1	-2	17	180	1972
129_NU_2	-3	29	120	1972
283_SA_4	-5	13	180	1976
355_LC_5	-6	15	150	1982
130_SA_2	-3	30	90	1982
356_SA_5	-6	16	150	1990
131_PR_2	-3	31	215	1994
18_SA_1	-2	18	90	2004
208_SA_3	-4	18	90	2004
209_SA_3	-4	19	45	2004
132_SA_2	-3	32	20	2004
19_SA_1	-2	19	180	2006
210_SA_3	-4	20	180	2006
284_SA_4	-5	14	240	2006
134_SA_2	-3	33	60	2008
133_SA_2	-3	34	90	2008
357_SA_5	-6	17	60	2008
285_SA_4	-5	15	60	2010
135_SA_2	-3	35	60	2016
20_SA_1	-2	20	60	2016
136_LC_2	-3	36	30	2016
286_PR_4	-5	16	60	2020
360_LC_5	-6	18	10	2020
358_PR_5	-6	19	70	2020
137_PR_2	-3	37	150	2020
359_LC_5	-6	20	10	2020
361_SA_5	-6	21	10	2020
21_NU_1	-2	21	90	2020
211_NU_3	-4	21	40	2020
362_PR_5	-6	22	240	2026
22_PR_1	-2	22	60	2026
213_LC_3	-4	22	90	2026
139_PR_2	-3	38	60	2026
140_SA_2	-3	39	50	2026
288_SA_4	-5	17	60	2026
287_PR_4	-5	18	90	2026
212_SA_3	-4	23	40	2026
138_VI_2	-3	40	90	2026
363_VI_5	-6	23	10	2028
214_VI_3	-4	24	25	2028
215_PR_3	-4	25	45	2030
23_SA_1	-2	23	90	2030
24_PR_1	-2	24	100	2032
289_LC_4	-5	19	110	2032
25_PR_1	-2	25	90	2034
141_NU_2	-3	41	150	2034
26_NU_1	-2	26	420	2034
27_LC_1	-2	27	180	2034
216_SA_3	-4	26	80	2034
28_SA_1	-2	28	30	2036
29_SA_1	-2	29	60	2040
364_PR_5	5	24	1	1020
217_SA_3	-4	27	150	2042
365_SA_5	5	25	120	1021
290_SA_4	-5	20	60	2042
291_SA_4	-5	21	150	2044
292_PR_4	-5	22	50	2048
293_PR_4	-5	23	165	2048
294_SA_4	-5	24	90	2050
142_LC_2	-3	42	50	2052
218_SA_3	-4	28	120	2056
219_SA_3	3	29	90	1028
143_SA_2	-3	43	180	2056
144_SA_2	2	44	90	1031
145_LC_2	-3	45	60	2064
146_SA_2	-3	46	165	2064
147_LC_2	-3	47	30	2064
220_PR_3	-4	30	60	2064
30_PR_1	-2	30	60	2066
295_LC_4	-5	25	60	2066
366_SA_5	-6	26	20	2070
32_SA_1	-2	31	90	2072
31_SA_1	-2	32	90	2072
367_PR_5	-6	27	15	2076
33_LC_1	-2	33	150	2078
221_PR_3	-4	31	35	2080
296_SA_4	-5	26	90	2080
222_PR_3	-4	32	60	2082
223_PR_3	-4	33	40	2086
224_PR_3	-4	34	50	2090
34_LC_1	-2	34	80	2092
148_SA_2	-3	48	90	2092
368_PR_5	-6	28	5	2094
369_SA_5	-6	29	120	2094
370_SA_5	-6	30	140	2094
225_SA_3	-4	35	80	2096
35_SA_1	1	35	105	1048
297_SA_4	-5	27	100	2096
36_LC_1	-2	36	60	2098
298_PR_4	-5	28	120	2098
150_SA_2	-3	49	120	2098
149_SA_2	-3	50	235	2098
151_SA_2	-3	51	120	2100
38_PR_1	-2	37	80	2104
371_PR_5	5	31	30	1052
37_PR_1	-2	38	60	2104
39_LC_1	-2	39	90	2108
226_PR_3	-4	36	65	2108
372_LC_5	-6	32	60	2110
227_LC_3	-4	37	120	2112
40_SA_1	-2	40	60	2118
228_SA_3	-4	38	100	2120
152_LC_2	-3	52	1	2124
41_LC_1	-2	41	120	2126
42_PR_1	-2	42	60	2126
299_LC_4	-5	29	60	2126
43_SA_1	-2	43	207	2128
300_SA_4	-5	30	105	2128
301_SA_4	-5	31	75	2128
44_PR_1	-2	44	25	2130
153_PR_2	-3	53	230	2130
302_SA_4	-5	32	90	2132
373_SA_5	-6	33	60	2134
154_PR_2	-3	54	170	2134
374_PR_5	-6	34	105	2134
155_SA_2	-3	55	240	2140
375_PR_5	-6	35	170	2142
229_SA_3	-4	39	60	2142
156_PR_2	-3	56	80	2142
45_VI_1	-2	45	75	2146
46_SA_1	-2	46	90	2148
47_SA_1	-2	47	90	2148
230_PR_3	3	40	30	1075
303_LC_4	-5	33	60	2150
376_PR_5	-6	36	75	2152
304_VI_4	-5	34	120	2152
231_SA_3	-4	41	80	2152
49_SA_1	-2	48	60	2152
306_SA_4	-5	35	270	2152
305_PR_4	-5	36	25	2152
377_PR_5	-6	37	30	2152
157_SA_2	-3	57	150	2152
48_SA_1	-2	49	60	2152
232_PR_3	-4	42	120	2152
307_SA_4	-5	37	120	2152
233_SA_3	-4	43	40	2154
378_PR_5	-6	38	30	2154
234_LC_3	-4	44	60	2154
235_LC_3	-4	45	120	2156
379_LC_5	-6	39	60	2156
50_LC_1	-2	50	80	2160
158_PR_2	-3	58	85	2160
236_VI_3	-4	46	90	2160
308_PR_4	-5	38	30	2162
237_PR_3	-4	47	70	2162
159_SA_2	-3	59	55	2164
51_SA_1	-2	51	90	2164
160_PR_2	-3	60	60	2164
309_PR_4	-5	39	60	2168
310_PR_4	-5	40	120	2168
161_LC_2	-3	61	180	2170
238_SA_3	-4	48	60	2172
162_SA_2	-3	62	1	2176
239_SA_3	-4	49	180	2180
52_PR_1	-2	52	30	2180
240_PR_3	-4	50	60	2180
53_NU_1	-2	53	90	2186
311_PR_4	-5	41	60	2196
241_SA_3	-4	51	20	2198
55_LC_1	1	54	60	1102
54_LC_1	-2	55	60	2204
312_PR_4	-5	42	50	2204
56_LC_1	-2	56	150	2206
313_PR_4	-5	43	50	2208
163_PR_2	-3	63	120	2208
164_NU_2	-3	64	90	2212
314_SA_4	-5	44	20	2212
380_LC_5	-6	40	234	2222
59_SA_1	-2	57	60	2222
57_SA_1	-2	58	60	2222
58_SA_1	-2	59	60	2222
165_SA_2	-3	65	120	2228
60_LC_1	-2	60	90	2230
167_SA_2	-3	66	60	2236
64_SA_1	1	61	10	1118
62_SA_1	-2	62	150	2236
61_SA_1	-2	63	30	2236
166_SA_2	-3	67	40	2236
65_SA_1	-2	64	30	2236
63_SA_1	-2	65	75	2236
381_SA_5	-6	41	60	2236
242_LC_3	-4	52	40	2236
315_SA_4	-5	45	180	2238
316_NU_4	-5	46	60	2244
66_PR_1	-2	66	75	2246
168_SA_2	-3	68	60	2248
67_SA_1	1	67	60	1124
317_LC_4	-5	47	45	2250
243_SA_3	-4	53	120	2252
318_SA_4	-5	48	240	2252
68_SA_1	-2	68	120	2252
69_VI_1	-2	69	60	2254
382_PR_5	-6	42	30	2254
319_PR_4	-5	49	90	2256
71_PR_1	-2	70	520	2256
70_SA_1	-2	71	180	2256
170_SA_2	-3	69	120	2256
244_SA_3	-4	54	80	2256
169_LC_2	-3	70	135	2256
171_PR_2	-3	71	65	2258
172_NU_2	-3	72	60	2264
321_SA_4	-5	50	240	2264
383_SA_5	-6	43	240	2264
73_PR_1	-2	72	120	2264
72_SA_1	-2	73	195	2264
320_SA_4	-5	51	120	2264
322_SA_4	-5	52	90	2264
245_SA_3	-4	55	160	2268
384_SA_5	-6	44	240	2268
323_SA_4	-5	53	120	2268
246_LC_3	-4	56	100	2272
247_SA_3	-4	57	90	2274
74_SA_1	-2	74	60	2276
75_SA_1	-2	75	75	2280
174_SA_2	-3	73	360	2280
173_SA_2	-3	74	55	2280
175_SA_2	2	75	90	1140
385_SA_5	-6	45	60	2280
248_SA_3	-4	58	60	2282
176_SA_2	-3	76	90	2284
177_PR_2	-3	77	50	2288
249_SA_3	-4	59	75	2288
76_SA_1	-2	76	100	2288
250_SA_3	-4	60	60	2290
77_SA_1	1	77	120	1145
178_NU_2	-3	78	20	2290
324_SA_4	-5	54	130	2292
325_PR_4	-5	55	180	2296
386_SA_5	-6	46	90	2296
179_PR_2	-3	79	100	2300
251_PR_3	-4	61	60	2302
180_LC_2	-3	80	60	2306
326_SA_4	-5	56	1	2312
78_SA_1	1	78	60	1156
79_SA_1	1	79	100	1156
181_LC_2	-3	81	120	2312
252_SA_3	-4	62	55	2312
387_SA_5	-6	47	90	2318
80_SA_1	1	80	90	1160
81_SA_1	1	81	60	1160
388_SA_5	-6	48	60	2322
389_SA_5	-6	49	90	2324
253_SA_3	-4	63	60	2324
82_VI_1	1	82	30	1162
390_LC_5	-6	50	180	2330
255_PR_3	-4	64	150	2336
254_PR_3	-4	65	60	2336
256_PR_3	-4	66	90	2336
257_SA_3	-4	67	5	2340
258_SA_3	-4	68	120	2340
83_SA_1	1	83	240	1170
327_SA_4	-5	57	120	2348
84_LC_1	1	84	15	1175
85_PR_1	1	85	70	1181
86_PR_1	1	86	90	1182
259_SA_3	-4	69	110	2370
260_SA_3	-4	70	120	2372
261_SA_3	-4	71	90	2378
87_SA_1	1	87	60	1194
262_SA_3	-4	72	120	2388
88_LC_1	1	88	120	1194
328_LC_4	-5	58	120	2390
329_LC_4	-5	59	90	2390
182_LC_2	-3	82	60	2398
183_NU_2	-3	83	20	2400
263_SA_3	-4	73	60	2406
184_SA_2	2	84	15	1203
185_SA_2	-3	85	35	2406
331_SA_4	-5	60	160	2406
330_SA_4	-5	61	120	2406
264_SA_3	-4	74	65	2414
186_PR_2	-3	86	120	2416
187_SA_2	-3	87	210	2422
89_PR_1	1	89	70	1215
90_SA_1	1	90	90	1215
391_LC_5	-6	51	75	2434
393_PR_5	-6	52	150	2434
91_PR_1	1	91	120	1217
392_PR_5	-6	53	35	2434
188_VI_2	-3	88	100	2442
332_PR_4	-5	62	120	2442
265_PR_3	-4	75	100	2474
92_SA_1	1	92	60	1239
333_VI_4	-5	63	90	2496
394_PR_5	-6	54	75	2496
93_SA_1	1	93	90	1249
94_NU_1	1	94	160	1252
95_SA_1	1	95	140	1252
334_SA_4	-5	64	30	2516
96_VI_1	1	96	50	1259
98_PR_1	1	97	10	1268
97_PR_1	1	98	20	1268
335_SA_4	-5	65	30	2536
266_SA_3	-4	76	80	2538
99_SA_1	1	99	75	1280
267_NU_3	-4	77	50	2562
336_VI_4	-5	66	240	2582
337_PR_4	-5	67	1	2590
395_SA_5	-6	55	90	2608
338_SA_4	-5	68	60	2608
396_SA_5	-6	56	60	2638
397_SA_5	-6	57	10	2638
268_SA_3	-4	78	90	2662
398_NU_5	-6	58	150	2666
340_SA_4	-5	69	60	2666
339_SA_4	-5	70	140	2666
189_PR_2	-3	89	80	2666
399_SA_5	-6	59	60	2688
190_SA_2	-3	90	30	2688
100_PR_1	1	100	60	1349
269_SA_3	-4	79	40	2726
400_PR_5	-6	60	45	2750
270_PR_3	-4	80	75	2778
