#Nombre	DiaAten	ModelId		T.Servicio	Penalty
191_PR_3	-4	1	60	370
101_PR_2	2	1	60	185
1_PR_1	-2	1	90	952
341_SA_5	-6	1	70	1264
102_SA_2	-3	2	120	1776
2_SA_1	-2	2	90	1804
103_SA_2	-3	3	120	2358
104_LC_2	-3	4	120	2512
271_PR_4	-5	1	60	2536
105_LC_2	-3	5	200	3300
342_PR_5	-6	2	60	3576
192_PR_3	3	2	130	1974
193_LC_3	3	3	70	1979
272_LC_4	4	2	130	2404
273_LC_4	4	3	90	2424
343_LC_5	5	3	45	3202
274_SA_4	4	4	60	3248
3_SA_1	-2	3	75	6710
106_NU_2	-3	6	75	6724
107_PR_2	-3	7	30	7350
344_LC_5	-6	4	120	7746
108_LC_2	2	8	10	3873
345_SA_5	5	5	150	4275
194_PR_3	-4	4	20	9132
4_LC_1	-2	4	120	9780
195_SA_3	-4	5	150	10290
5_SA_1	1	5	90	5193
197_SA_3	3	6	120	5193
346_LC_5	5	6	70	5193
199_SA_3	3	7	80	5193
196_PR_3	3	8	45	5193
198_SA_3	3	9	60	5193
6_SA_1	1	6	30	5926
200_SA_3	3	10	60	5926
201_LC_3	-4	11	270	11852
347_SA_5	5	7	20	6077
7_SA_1	-2	7	290	12430
202_SA_3	-4	12	180	12430
8_SA_1	1	8	60	6215
110_SA_2	-3	9	120	12430
111_SA_2	2	10	120	6215
112_SA_2	2	11	60	6215
109_SA_2	2	12	110	6215
114_SA_2	2	13	60	6215
113_SA_2	2	14	60	6215
203_SA_3	-4	13	45	12430
115_PR_2	-3	15	90	12566
348_SA_5	5	8	60	6318
349_SA_5	5	9	15	6318
9_SA_1	-2	9	360	12956
10_SA_1	1	10	60	6478
13_SA_1	1	11	60	6478
14_SA_1	-2	12	90	12956
350_SA_5	5	10	180	6478
12_SA_1	-2	13	75	12956
204_SA_3	3	14	80	6478
205_SA_3	3	15	60	6478
352_PR_5	5	11	70	6478
11_SA_1	-2	14	120	12956
275_SA_4	4	5	90	6478
276_SA_4	4	6	60	6478
277_SA_4	-5	7	120	12956
120_SA_2	2	16	55	6478
279_SA_4	-5	8	300	12956
280_NU_4	4	9	60	6478
119_SA_2	-3	17	60	12956
124_SA_2	2	18	30	6478
121_LC_2	2	19	45	6478
122_SA_2	2	20	50	6478
351_SA_5	5	12	60	6478
118_SA_2	-3	21	120	12956
278_PR_4	-5	10	150	12956
116_SA_2	2	22	60	6478
117_SA_2	-3	23	140	12956
123_SA_2	-3	24	50	12956
15_SA_1	-2	15	240	13476
125_SA_2	2	25	60	6989
281_PR_4	4	11	70	6989
282_LC_4	-5	12	90	13986
127_PR_2	2	26	80	7107
206_PR_3	3	16	35	7107
126_PR_2	2	27	180	7107
353_SA_5	5	13	5	7428
354_PR_5	5	14	30	7519
16_SA_1	1	16	110	8063
207_SA_3	3	17	50	8063
128_SA_2	2	28	120	8132
17_NU_1	1	17	180	8172
129_NU_2	-3	29	120	16344
283_SA_4	-5	13	180	16932
355_LC_5	5	15	150	8837
130_SA_2	2	30	90	8837
356_SA_5	5	16	150	8913
131_PR_2	2	31	215	9126
18_SA_1	1	18	90	9198
208_SA_3	-4	18	90	18396
209_SA_3	3	19	45	9198
132_SA_2	2	32	20	9198
19_SA_1	1	19	180	9287
210_SA_3	-4	20	180	18574
284_SA_4	4	14	240	9287
134_SA_2	2	33	60	9338
133_SA_2	2	34	90	9338
357_SA_5	5	17	60	9338
285_SA_4	4	15	60	9374
135_SA_2	2	35	60	9758
20_SA_1	1	20	60	9758
136_LC_2	-3	36	30	19812
286_PR_4	4	16	60	10170
360_LC_5	5	18	10	10170
358_PR_5	5	19	70	10170
137_PR_2	2	37	150	10170
359_LC_5	5	20	10	10170
361_SA_5	5	21	10	10170
21_NU_1	1	21	90	10178
211_NU_3	3	21	40	10178
362_PR_5	5	22	240	10222
22_PR_1	-2	22	60	20674
213_LC_3	3	22	90	10337
139_PR_2	2	38	60	10337
140_SA_2	2	39	50	10337
288_SA_4	4	17	60	10337
287_PR_4	4	18	90	10337
212_SA_3	3	23	40	10337
138_VI_2	2	40	90	10337
363_VI_5	5	23	10	10613
214_VI_3	3	24	25	10613
215_PR_3	3	25	45	10633
23_SA_1	1	23	90	10786
24_PR_1	1	24	100	10847
289_LC_4	4	19	110	11466
25_PR_1	1	25	90	11466
141_NU_2	2	41	150	11597
26_NU_1	-2	26	420	23194
27_LC_1	1	27	180	11863
216_SA_3	3	26	80	11885
28_SA_1	1	28	30	12236
29_SA_1	1	29	60	12434
364_PR_5	5	24	1	12531
217_SA_3	3	27	150	13227
365_SA_5	5	25	120	13227
290_SA_4	4	20	60	13227
291_SA_4	4	21	150	13389
292_PR_4	4	22	50	13543
293_PR_4	4	23	165	13543
294_SA_4	4	24	90	13703
142_LC_2	2	42	50	13827
218_SA_3	3	28	120	13831
219_SA_3	3	29	90	13831
143_SA_2	2	43	180	13831
144_SA_2	2	44	90	14027
145_LC_2	-3	45	60	28434
146_SA_2	2	46	165	14217
147_LC_2	2	47	30	14217
220_PR_3	3	30	60	14217
30_PR_1	1	30	60	14553
295_LC_4	4	25	60	15288
366_SA_5	5	26	20	15290
32_SA_1	1	31	90	15420
31_SA_1	1	32	90	15420
367_PR_5	5	27	15	15445
33_LC_1	-2	33	150	30938
221_PR_3	3	31	35	15547
296_SA_4	4	26	90	16091
222_PR_3	3	32	60	16180
223_PR_3	3	33	40	16315
224_PR_3	-4	34	50	33246
34_LC_1	1	34	80	16854
148_SA_2	2	48	90	16937
368_PR_5	5	28	5	17205
369_SA_5	5	29	120	17384
370_SA_5	5	30	140	17384
225_SA_3	3	35	80	17486
35_SA_1	1	35	105	17486
297_SA_4	4	27	100	17584
36_LC_1	-2	36	60	35272
298_PR_4	4	28	120	18096
150_SA_2	2	49	120	18111
149_SA_2	2	50	235	18111
151_SA_2	2	51	120	18623
38_PR_1	1	37	80	19170
371_PR_5	5	31	30	19170
37_PR_1	1	38	60	19170
39_LC_1	1	39	90	19201
226_PR_3	3	36	65	19214
372_LC_5	5	32	60	19418
227_LC_3	3	37	120	20165
40_SA_1	-2	40	60	40352
228_SA_3	3	38	100	20340
152_LC_2	2	52	1	20374
41_LC_1	1	41	120	20423
42_PR_1	1	42	60	20423
299_LC_4	4	29	60	20675
43_SA_1	1	43	207	20751
300_SA_4	4	30	105	20806
301_SA_4	4	31	75	21047
44_PR_1	1	44	25	21062
153_PR_2	2	53	230	21394
302_SA_4	4	32	90	21518
373_SA_5	5	33	60	21616
154_PR_2	-3	54	170	44076
374_PR_5	5	34	105	22038
155_SA_2	2	55	240	22241
375_PR_5	5	35	170	22972
229_SA_3	3	39	60	22983
156_PR_2	2	56	80	23083
45_VI_1	1	45	75	23195
46_SA_1	1	46	90	23220
47_SA_1	1	47	90	23220
230_PR_3	3	40	30	23232
303_LC_4	4	33	60	23270
376_PR_5	5	36	75	23349
304_VI_4	4	34	120	23380
231_SA_3	3	41	80	23380
49_SA_1	1	48	60	23380
306_SA_4	4	35	270	23380
305_PR_4	4	36	25	23380
377_PR_5	5	37	30	23380
157_SA_2	2	57	150	23380
48_SA_1	1	49	60	23380
232_PR_3	3	42	120	23380
307_SA_4	4	37	120	23439
233_SA_3	3	43	40	23469
378_PR_5	5	38	30	23507
234_LC_3	3	44	60	24033
235_LC_3	3	45	120	24124
379_LC_5	5	39	60	24600
50_LC_1	1	50	80	25309
158_PR_2	2	58	85	25684
236_VI_3	3	46	90	25771
308_PR_4	4	38	30	25843
237_PR_3	3	47	70	25843
159_SA_2	2	59	55	25929
51_SA_1	1	51	90	25929
160_PR_2	2	60	60	26048
309_PR_4	4	39	60	26186
310_PR_4	4	40	120	26186
161_LC_2	2	61	180	26259
238_SA_3	3	48	60	26475
162_SA_2	2	62	1	26564
239_SA_3	3	49	180	27008
52_PR_1	1	52	30	27011
240_PR_3	3	50	60	27011
53_NU_1	1	53	90	27404
311_PR_4	4	41	60	27626
241_SA_3	3	51	20	27745
55_LC_1	1	54	60	28203
54_LC_1	1	55	60	28203
312_PR_4	4	42	50	28253
56_LC_1	1	56	150	28299
313_PR_4	4	43	50	28480
163_PR_2	2	63	120	28480
164_NU_2	2	64	90	28517
314_SA_4	4	44	20	28540
380_LC_5	5	40	234	29219
59_SA_1	1	57	60	29267
57_SA_1	1	58	60	29267
58_SA_1	1	59	60	29267
165_SA_2	2	65	120	29855
60_LC_1	1	60	90	29912
167_SA_2	2	66	60	29977
64_SA_1	1	61	10	29977
62_SA_1	1	62	150	29977
61_SA_1	1	63	30	29977
166_SA_2	2	67	40	29977
65_SA_1	1	64	30	29977
63_SA_1	1	65	75	29977
381_SA_5	5	41	60	29977
242_LC_3	3	52	40	30221
315_SA_4	4	45	180	30361
316_NU_4	4	46	60	30436
66_PR_1	1	66	75	30712
168_SA_2	2	68	60	30833
67_SA_1	-2	67	60	61672
317_LC_4	4	47	45	31059
243_SA_3	3	53	120	31101
318_SA_4	4	48	240	31101
68_SA_1	1	68	120	31367
69_VI_1	1	69	60	31426
382_PR_5	5	42	30	31529
319_PR_4	4	49	90	31713
71_PR_1	1	70	520	31715
70_SA_1	1	71	180	31715
170_SA_2	2	69	120	31715
244_SA_3	3	54	80	31715
169_LC_2	2	70	135	31715
171_PR_2	2	71	65	31982
172_NU_2	2	72	60	32245
321_SA_4	4	50	240	32337
383_SA_5	5	43	240	32337
73_PR_1	1	72	120	32337
72_SA_1	1	73	195	32337
320_SA_4	4	51	120	32337
322_SA_4	4	52	90	32337
245_SA_3	3	55	160	32703
384_SA_5	5	44	240	32703
323_SA_4	4	53	120	32703
246_LC_3	3	56	100	32873
247_SA_3	3	57	90	32932
74_SA_1	1	74	60	33067
75_SA_1	1	75	75	33153
174_SA_2	2	73	360	33153
173_SA_2	2	74	55	33153
175_SA_2	2	75	90	33153
385_SA_5	5	45	60	33153
248_SA_3	3	58	60	33158
176_SA_2	2	76	90	33370
177_PR_2	2	77	50	34154
249_SA_3	3	59	75	34333
76_SA_1	1	76	100	34641
250_SA_3	3	60	60	34657
77_SA_1	1	77	120	34657
178_NU_2	2	78	20	34687
324_SA_4	4	54	130	35641
325_PR_4	4	55	180	36185
386_SA_5	5	46	90	36386
179_PR_2	2	79	100	36501
251_PR_3	3	61	60	36675
180_LC_2	2	80	60	36802
326_SA_4	4	56	1	37846
78_SA_1	1	78	60	37846
79_SA_1	1	79	100	37846
181_LC_2	2	81	120	37846
252_SA_3	3	62	55	37846
387_SA_5	5	47	90	37969
80_SA_1	1	80	90	37999
81_SA_1	1	81	60	38064
388_SA_5	5	48	60	38420
389_SA_5	5	49	90	38447
253_SA_3	3	63	60	38447
82_VI_1	1	82	30	39127
390_LC_5	5	50	180	39278
255_PR_3	3	64	150	39881
254_PR_3	3	65	60	39881
256_PR_3	3	66	90	40127
257_SA_3	3	67	5	40581
258_SA_3	3	68	120	40814
83_SA_1	1	83	240	40814
327_SA_4	4	57	120	40951
84_LC_1	1	84	15	41365
85_PR_1	1	85	70	41567
86_PR_1	1	86	90	42017
259_SA_3	3	69	110	42168
260_SA_3	3	70	120	42399
261_SA_3	3	71	90	42632
87_SA_1	1	87	60	42792
262_SA_3	3	72	120	42792
88_LC_1	1	88	120	43003
328_LC_4	4	58	120	43200
329_LC_4	4	59	90	43200
182_LC_2	2	82	60	43302
183_NU_2	2	83	20	43353
263_SA_3	3	73	60	43798
184_SA_2	2	84	15	43798
185_SA_2	2	85	35	44003
331_SA_4	4	60	160	44003
330_SA_4	4	61	120	44003
264_SA_3	3	74	65	44011
186_PR_2	2	86	120	44124
187_SA_2	2	87	210	44549
89_PR_1	1	89	70	44552
90_SA_1	1	90	90	45160
391_LC_5	5	51	75	45260
393_PR_5	5	52	150	45260
91_PR_1	1	91	120	45260
392_PR_5	5	53	35	45260
188_VI_2	2	88	100	45947
332_PR_4	4	62	120	47080
265_PR_3	3	75	100	47558
92_SA_1	1	92	60	48630
333_VI_4	4	63	90	49070
394_PR_5	5	54	75	49533
93_SA_1	1	93	90	49966
94_NU_1	1	94	160	50239
95_SA_1	1	95	140	50986
334_SA_4	4	64	30	51644
96_VI_1	1	96	50	53045
98_PR_1	1	97	10	53063
97_PR_1	1	98	20	53063
335_SA_4	4	65	30	53215
266_SA_3	3	76	80	54655
99_SA_1	1	99	75	56772
267_NU_3	3	77	50	57828
336_VI_4	4	66	240	57866
337_PR_4	4	67	1	57970
395_SA_5	5	55	90	58059
338_SA_4	4	68	60	58059
396_SA_5	5	56	60	58705
397_SA_5	5	57	10	58705
268_SA_3	3	78	90	60552
398_NU_5	5	58	150	66053
340_SA_4	4	69	60	66053
339_SA_4	4	70	140	66053
189_PR_2	2	89	80	66053
399_SA_5	5	59	60	66059
190_SA_2	2	90	30	66059
100_PR_1	1	100	60	67716
269_SA_3	3	79	40	73443
400_PR_5	5	60	45	80727
270_PR_3	3	80	75	81367
