#Nombre	DiaAten	ModelId		T.Servicio	Penalty
191_PR_3	3	1	60	1515
101_PR_2	2	1	60	1515
1_PR_1	-2	1	90	3246
341_SA_5	5	1	70	2118
102_SA_2	-3	2	120	4642
2_SA_1	-2	2	90	5452
103_SA_2	-3	3	120	6578
104_LC_2	-3	4	120	6680
271_PR_4	4	1	60	3441
105_LC_2	-3	5	200	7678
342_PR_5	5	2	60	4027
192_PR_3	3	2	130	4105
193_LC_3	3	3	70	4217
272_LC_4	4	2	130	4512
273_LC_4	-5	3	90	9970
343_LC_5	5	3	45	5025
274_SA_4	4	4	60	5318
3_SA_1	-2	3	75	11314
106_NU_2	-3	6	75	11532
107_PR_2	2	7	30	5894
344_LC_5	5	4	120	6445
108_LC_2	-3	8	10	12890
345_SA_5	5	5	150	6485
194_PR_3	3	4	20	6660
4_LC_1	-2	4	120	14278
195_SA_3	3	5	150	7157
5_SA_1	-2	5	90	14318
197_SA_3	-4	6	120	14318
346_LC_5	5	6	70	7159
199_SA_3	3	7	80	7159
196_PR_3	3	8	45	7159
198_SA_3	3	9	60	7159
6_SA_1	1	6	30	7449
200_SA_3	-4	10	60	14898
201_LC_3	-4	11	270	14898
347_SA_5	5	7	20	7998
7_SA_1	-2	7	290	16284
202_SA_3	3	12	180	8142
8_SA_1	1	8	60	8142
110_SA_2	-3	9	120	16284
111_SA_2	2	10	120	8142
112_SA_2	-3	11	60	16284
109_SA_2	2	12	110	8142
114_SA_2	-3	13	60	16284
113_SA_2	2	14	60	8142
203_SA_3	-4	13	45	16284
115_PR_2	2	15	90	8893
348_SA_5	5	8	60	9228
349_SA_5	5	9	15	9228
9_SA_1	-2	9	360	18664
10_SA_1	1	10	60	9332
13_SA_1	-2	11	60	18664
14_SA_1	1	12	90	9332
350_SA_5	5	10	180	9332
12_SA_1	1	13	75	9332
204_SA_3	3	14	80	9332
205_SA_3	3	15	60	9332
352_PR_5	5	11	70	9332
11_SA_1	1	14	120	9332
275_SA_4	4	5	90	9332
276_SA_4	4	6	60	9332
277_SA_4	4	7	120	9332
120_SA_2	2	16	55	9332
279_SA_4	-5	8	300	18664
280_NU_4	4	9	60	9332
119_SA_2	-3	17	60	18664
124_SA_2	2	18	30	9332
121_LC_2	2	19	45	9332
122_SA_2	2	20	50	9332
351_SA_5	5	12	60	9332
118_SA_2	2	21	120	9332
278_PR_4	4	10	150	9332
116_SA_2	2	22	60	9332
117_SA_2	-3	23	140	18664
123_SA_2	2	24	50	9332
15_SA_1	-2	15	240	18670
125_SA_2	2	25	60	9440
281_PR_4	4	11	70	9440
282_LC_4	4	12	90	10424
127_PR_2	2	26	80	10460
206_PR_3	3	16	35	10460
126_PR_2	-3	27	180	20920
353_SA_5	5	13	5	10814
354_PR_5	5	14	30	11130
16_SA_1	1	16	110	11379
207_SA_3	3	17	50	11379
128_SA_2	2	28	120	11520
17_NU_1	1	17	180	11699
129_NU_2	-3	29	120	23398
283_SA_4	-5	13	180	23758
355_LC_5	5	15	150	12030
130_SA_2	2	30	90	12030
356_SA_5	5	16	150	12287
131_PR_2	2	31	215	12784
18_SA_1	-2	18	90	25916
208_SA_3	3	18	90	12958
209_SA_3	3	19	45	12958
132_SA_2	2	32	20	12958
19_SA_1	1	19	180	13330
210_SA_3	3	20	180	13330
284_SA_4	4	14	240	13330
134_SA_2	2	33	60	13776
133_SA_2	2	34	90	13776
357_SA_5	5	17	60	13776
285_SA_4	-5	15	60	28596
135_SA_2	2	35	60	14473
20_SA_1	1	20	60	14473
136_LC_2	2	36	30	14543
286_PR_4	4	16	60	14936
360_LC_5	5	18	10	14936
358_PR_5	5	19	70	14936
137_PR_2	2	37	150	14936
359_LC_5	5	20	10	14936
361_SA_5	5	21	10	14936
21_NU_1	1	21	90	15531
211_NU_3	3	21	40	15531
362_PR_5	5	22	240	15739
22_PR_1	1	22	60	15744
213_LC_3	3	22	90	15744
139_PR_2	2	38	60	15744
140_SA_2	2	39	50	15744
288_SA_4	4	17	60	15744
287_PR_4	4	18	90	15744
212_SA_3	3	23	40	15744
138_VI_2	-3	40	90	31488
363_VI_5	5	23	10	15804
214_VI_3	-4	24	25	31608
215_PR_3	3	25	45	15892
23_SA_1	-2	23	90	31972
24_PR_1	1	24	100	16016
289_LC_4	4	19	110	16275
25_PR_1	-2	25	90	32556
141_NU_2	2	41	150	16395
26_NU_1	-2	26	420	32790
27_LC_1	1	27	180	16399
216_SA_3	3	26	80	16434
28_SA_1	1	28	30	16500
29_SA_1	1	29	60	16539
364_PR_5	5	24	1	16815
217_SA_3	3	27	150	17058
365_SA_5	5	25	120	17058
290_SA_4	4	20	60	17058
291_SA_4	4	21	150	17326
292_PR_4	4	22	50	17692
293_PR_4	4	23	165	17692
294_SA_4	4	24	90	18346
142_LC_2	2	42	50	18722
218_SA_3	3	28	120	18981
219_SA_3	3	29	90	18981
143_SA_2	2	43	180	18981
144_SA_2	2	44	90	19304
145_LC_2	2	45	60	19367
146_SA_2	2	46	165	19367
147_LC_2	2	47	30	19367
220_PR_3	-4	30	60	38734
30_PR_1	-2	30	60	39444
295_LC_4	4	25	60	20730
366_SA_5	5	26	20	20757
32_SA_1	1	31	90	21247
31_SA_1	1	32	90	21247
367_PR_5	5	27	15	21351
33_LC_1	1	33	150	21583
221_PR_3	3	31	35	21935
296_SA_4	4	26	90	21939
222_PR_3	3	32	60	22352
223_PR_3	3	33	40	22582
224_PR_3	3	34	50	23052
34_LC_1	1	34	80	23117
148_SA_2	2	48	90	23817
368_PR_5	5	28	5	24111
369_SA_5	5	29	120	24370
370_SA_5	5	30	140	24370
225_SA_3	3	35	80	24854
35_SA_1	-2	35	105	49708
297_SA_4	4	27	100	25068
36_LC_1	1	36	60	25703
298_PR_4	4	28	120	26021
150_SA_2	2	49	120	26344
149_SA_2	2	50	235	26344
151_SA_2	2	51	120	26354
38_PR_1	1	37	80	26522
371_PR_5	5	31	30	26522
37_PR_1	1	38	60	26522
39_LC_1	1	39	90	27213
226_PR_3	3	36	65	27491
372_LC_5	5	32	60	28111
227_LC_3	3	37	120	28122
40_SA_1	1	40	60	28472
228_SA_3	3	38	100	28543
152_LC_2	2	52	1	28648
41_LC_1	1	41	120	28932
42_PR_1	1	42	60	28932
299_LC_4	4	29	60	29024
43_SA_1	1	43	207	29064
300_SA_4	4	30	105	29393
301_SA_4	4	31	75	29411
44_PR_1	1	44	25	29450
153_PR_2	2	53	230	29895
302_SA_4	4	32	90	29998
373_SA_5	5	33	60	30297
154_PR_2	2	54	170	30962
374_PR_5	5	34	105	30962
155_SA_2	2	55	240	31105
375_PR_5	5	35	170	31256
229_SA_3	3	39	60	31385
156_PR_2	2	56	80	31421
45_VI_1	1	45	75	32115
46_SA_1	1	46	90	32351
47_SA_1	1	47	90	32351
230_PR_3	3	40	30	32594
303_LC_4	4	33	60	32961
376_PR_5	5	36	75	32981
304_VI_4	4	34	120	33009
231_SA_3	3	41	80	33009
49_SA_1	1	48	60	33009
306_SA_4	4	35	270	33009
305_PR_4	4	36	25	33009
377_PR_5	5	37	30	33009
157_SA_2	2	57	150	33009
48_SA_1	1	49	60	33009
232_PR_3	3	42	120	33009
307_SA_4	4	37	120	33070
233_SA_3	3	43	40	33199
378_PR_5	5	38	30	33537
234_LC_3	3	44	60	33541
235_LC_3	3	45	120	33654
379_LC_5	5	39	60	33887
50_LC_1	1	50	80	33976
158_PR_2	2	58	85	34039
236_VI_3	3	46	90	34214
308_PR_4	4	38	30	34241
237_PR_3	3	47	70	34241
159_SA_2	2	59	55	34401
51_SA_1	1	51	90	34401
160_PR_2	2	60	60	34722
309_PR_4	4	39	60	35160
310_PR_4	4	40	120	35160
161_LC_2	2	61	180	35601
238_SA_3	3	48	60	35676
162_SA_2	2	62	1	36368
239_SA_3	3	49	180	36894
52_PR_1	1	52	30	37478
240_PR_3	3	50	60	37478
53_NU_1	1	53	90	37632
311_PR_4	4	41	60	38252
241_SA_3	3	51	20	38396
55_LC_1	1	54	60	38449
54_LC_1	1	55	60	38449
312_PR_4	4	42	50	38452
56_LC_1	1	56	150	38572
313_PR_4	4	43	50	39289
163_PR_2	2	63	120	39289
164_NU_2	2	64	90	39560
314_SA_4	4	44	20	39581
380_LC_5	5	40	234	39816
59_SA_1	1	57	60	40652
57_SA_1	1	58	60	40652
58_SA_1	1	59	60	40652
165_SA_2	2	65	120	40712
60_LC_1	1	60	90	40813
167_SA_2	2	66	60	40914
64_SA_1	1	61	10	40914
62_SA_1	1	62	150	40914
61_SA_1	1	63	30	40914
166_SA_2	2	67	40	40914
65_SA_1	1	64	30	40914
63_SA_1	1	65	75	40914
381_SA_5	5	41	60	40914
242_LC_3	3	52	40	41008
315_SA_4	4	45	180	41186
316_NU_4	4	46	60	41533
66_PR_1	1	66	75	42285
168_SA_2	2	68	60	42333
67_SA_1	1	67	60	42746
317_LC_4	4	47	45	43132
243_SA_3	3	53	120	43218
318_SA_4	4	48	240	43218
68_SA_1	1	68	120	43304
69_VI_1	1	69	60	43709
382_PR_5	5	42	30	44006
319_PR_4	4	49	90	44384
71_PR_1	1	70	520	44821
70_SA_1	1	71	180	44821
170_SA_2	2	69	120	44821
244_SA_3	3	54	80	44821
169_LC_2	2	70	135	44821
171_PR_2	2	71	65	44964
172_NU_2	2	72	60	45001
321_SA_4	4	50	240	45088
383_SA_5	5	43	240	45088
73_PR_1	1	72	120	45088
72_SA_1	1	73	195	45088
320_SA_4	4	51	120	45088
322_SA_4	4	52	90	45088
245_SA_3	3	55	160	45391
384_SA_5	5	44	240	45391
323_SA_4	4	53	120	45391
246_LC_3	3	56	100	45410
247_SA_3	3	57	90	45621
74_SA_1	1	74	60	46327
75_SA_1	1	75	75	47372
174_SA_2	2	73	360	47372
173_SA_2	2	74	55	47372
175_SA_2	2	75	90	47372
385_SA_5	5	45	60	47372
248_SA_3	3	58	60	47593
176_SA_2	2	76	90	48054
177_PR_2	2	77	50	48551
249_SA_3	3	59	75	48874
76_SA_1	1	76	100	49022
250_SA_3	3	60	60	49107
77_SA_1	1	77	120	49107
178_NU_2	2	78	20	49328
324_SA_4	4	54	130	49737
325_PR_4	4	55	180	49752
386_SA_5	5	46	90	49879
179_PR_2	2	79	100	49910
251_PR_3	3	61	60	50064
180_LC_2	2	80	60	50072
326_SA_4	4	56	1	50518
78_SA_1	1	78	60	50518
79_SA_1	1	79	100	50518
181_LC_2	2	81	120	50518
252_SA_3	3	62	55	50518
387_SA_5	5	47	90	50924
80_SA_1	1	80	90	51110
81_SA_1	1	81	60	51183
388_SA_5	5	48	60	51709
389_SA_5	5	49	90	51978
253_SA_3	3	63	60	51978
82_VI_1	1	82	30	52226
390_LC_5	5	50	180	52264
255_PR_3	3	64	150	52440
254_PR_3	3	65	60	52440
256_PR_3	3	66	90	52540
257_SA_3	3	67	5	52719
258_SA_3	3	68	120	53817
83_SA_1	1	83	240	53817
327_SA_4	4	57	120	53970
84_LC_1	1	84	15	54114
85_PR_1	1	85	70	54761
86_PR_1	1	86	90	55429
259_SA_3	3	69	110	56535
260_SA_3	3	70	120	57308
261_SA_3	3	71	90	57463
87_SA_1	1	87	60	57984
262_SA_3	3	72	120	57984
88_LC_1	1	88	120	58339
328_LC_4	4	58	120	58504
329_LC_4	4	59	90	58504
182_LC_2	2	82	60	58643
183_NU_2	2	83	20	59690
263_SA_3	3	73	60	60431
184_SA_2	2	84	15	60431
185_SA_2	2	85	35	60473
331_SA_4	4	60	160	60473
330_SA_4	4	61	120	60473
264_SA_3	3	74	65	60616
186_PR_2	2	86	120	62099
187_SA_2	2	87	210	62458
89_PR_1	1	89	70	62694
90_SA_1	1	90	90	63498
391_LC_5	5	51	75	64171
393_PR_5	5	52	150	64551
91_PR_1	1	91	120	64551
392_PR_5	5	53	35	64551
188_VI_2	2	88	100	66651
332_PR_4	4	62	120	66662
265_PR_3	3	75	100	67051
92_SA_1	1	92	60	67786
333_VI_4	4	63	90	68646
394_PR_5	5	54	75	69143
93_SA_1	1	93	90	70117
94_NU_1	1	94	160	70498
95_SA_1	1	95	140	70716
334_SA_4	4	64	30	71153
96_VI_1	1	96	50	71527
98_PR_1	1	97	10	71533
97_PR_1	1	98	20	71533
335_SA_4	4	65	30	72078
266_SA_3	3	76	80	72208
99_SA_1	1	99	75	73879
267_NU_3	3	77	50	73980
336_VI_4	4	66	240	81027
337_PR_4	4	67	1	81040
395_SA_5	5	55	90	82253
338_SA_4	4	68	60	82253
396_SA_5	5	56	60	83815
397_SA_5	5	57	10	83815
268_SA_3	3	78	90	84881
398_NU_5	5	58	150	85050
340_SA_4	4	69	60	85050
339_SA_4	4	70	140	85050
189_PR_2	2	89	80	85050
399_SA_5	5	59	60	87194
190_SA_2	2	90	30	87194
100_PR_1	1	100	60	88105
269_SA_3	3	79	40	88248
400_PR_5	5	60	45	88982
270_PR_3	3	80	75	90213
