#Nombre	DiaAten	ModelId		T.Servicio	Penalty
191_PR_3	3	1	60	2005
101_PR_2	2	1	60	1104
1_PR_1	-2	1	90	952
341_SA_5	5	1	70	2968
102_SA_2	2	2	120	3874
2_SA_1	1	2	90	53389
103_SA_2	2	3	120	44243
104_LC_2	-3	4	120	968
271_PR_4	4	1	60	24182
105_LC_2	2	5	200	44461
342_PR_5	-6	2	60	968
192_PR_3	3	2	130	4920
193_LC_3	3	3	70	1631
272_LC_4	4	2	130	64549
273_LC_4	4	3	90	2220
343_LC_5	5	3	45	58731
274_SA_4	4	4	60	51028
3_SA_1	1	3	75	59470
106_NU_2	2	6	75	44251
107_PR_2	2	7	30	41691
344_LC_5	5	4	120	63738
108_LC_2	2	8	10	33254
345_SA_5	-6	5	150	414
194_PR_3	3	4	20	34171
4_LC_1	-2	4	120	4030
195_SA_3	3	5	150	4393
5_SA_1	1	5	90	39205
197_SA_3	3	6	120	61016
346_LC_5	5	6	70	41320
199_SA_3	3	7	80	80866
196_PR_3	3	8	45	70803
198_SA_3	3	9	60	33353
6_SA_1	1	6	30	5876
200_SA_3	3	10	60	6773
201_LC_3	3	11	270	4799
347_SA_5	5	7	20	45384
7_SA_1	1	7	290	46538
202_SA_3	3	12	180	45335
8_SA_1	1	8	60	54258
110_SA_2	2	9	120	78450
111_SA_2	2	10	120	47302
112_SA_2	2	11	60	61322
109_SA_2	2	12	110	41546
114_SA_2	2	13	60	43352
113_SA_2	2	14	60	50818
203_SA_3	3	13	45	19903
115_PR_2	2	15	90	43971
348_SA_5	5	8	60	4393
349_SA_5	5	9	15	7799
9_SA_1	-2	9	360	1574
10_SA_1	-2	10	60	1196
13_SA_1	1	11	60	626
14_SA_1	-2	12	90	1104
350_SA_5	-6	10	180	882
12_SA_1	-2	13	75	1034
204_SA_3	-4	14	80	1926
205_SA_3	3	15	60	891
352_PR_5	-6	11	70	1086
11_SA_1	-2	14	120	1176
275_SA_4	-5	5	90	1550
276_SA_4	-5	6	60	798
277_SA_4	-5	7	120	1962
120_SA_2	-3	16	55	1582
279_SA_4	-5	8	300	1526
280_NU_4	-5	9	60	958
119_SA_2	-3	17	60	604
124_SA_2	2	18	30	865
121_LC_2	-3	19	45	2120
122_SA_2	2	20	50	612
351_SA_5	-6	12	60	1544
118_SA_2	-3	21	120	1298
278_PR_4	-5	10	150	1012
116_SA_2	-3	22	60	1518
117_SA_2	-3	23	140	1888
123_SA_2	-3	24	50	856
15_SA_1	1	15	240	56216
125_SA_2	2	25	60	52897
281_PR_4	4	11	70	48373
282_LC_4	4	12	90	41555
127_PR_2	2	26	80	89693
206_PR_3	3	16	35	96420
126_PR_2	2	27	180	112889
353_SA_5	-6	13	5	96
354_PR_5	5	14	30	23527
16_SA_1	-2	16	110	936
207_SA_3	3	17	50	425
128_SA_2	-3	28	120	308
17_NU_1	-2	17	180	2622
129_NU_2	2	29	120	1250
283_SA_4	4	13	180	2190
355_LC_5	5	15	150	1480
130_SA_2	-3	30	90	1002
356_SA_5	-6	16	150	480
131_PR_2	2	31	215	45263
18_SA_1	-2	18	90	1750
208_SA_3	-4	18	90	2440
209_SA_3	3	19	45	532
132_SA_2	2	32	20	1020
19_SA_1	1	19	180	76117
210_SA_3	3	20	180	125301
284_SA_4	4	14	240	60417
134_SA_2	2	33	60	56526
133_SA_2	2	34	90	42380
357_SA_5	5	17	60	35373
285_SA_4	4	15	60	57266
135_SA_2	2	35	60	47044
20_SA_1	1	20	60	57853
136_LC_2	-3	36	30	1004
286_PR_4	4	16	60	22156
360_LC_5	5	18	10	43641
358_PR_5	5	19	70	52885
137_PR_2	2	37	150	47084
359_LC_5	5	20	10	50651
361_SA_5	5	21	10	55257
21_NU_1	1	21	90	28746
211_NU_3	3	21	40	25170
362_PR_5	5	22	240	30536
22_PR_1	1	22	60	38994
213_LC_3	3	22	90	82225
139_PR_2	2	38	60	57588
140_SA_2	2	39	50	45591
288_SA_4	4	17	60	51233
287_PR_4	4	18	90	45001
212_SA_3	3	23	40	32564
138_VI_2	2	40	90	45724
363_VI_5	5	23	10	3725
214_VI_3	3	24	25	3444
215_PR_3	3	25	45	39946
23_SA_1	1	23	90	47368
24_PR_1	1	24	100	4646
289_LC_4	4	19	110	31424
25_PR_1	1	25	90	8759
141_NU_2	-3	41	150	398
26_NU_1	-2	26	420	838
27_LC_1	1	27	180	5147
216_SA_3	3	26	80	17130
28_SA_1	1	28	30	414
29_SA_1	1	29	60	68905
364_PR_5	5	24	1	1986
217_SA_3	-4	27	150	1620
365_SA_5	-6	25	120	1610
290_SA_4	-5	20	60	1330
291_SA_4	4	21	150	1848
292_PR_4	4	22	50	2690
293_PR_4	4	23	165	2558
294_SA_4	4	24	90	17330
142_LC_2	2	42	50	7233
218_SA_3	3	28	120	5930
219_SA_3	3	29	90	4910
143_SA_2	2	43	180	3438
144_SA_2	-3	44	90	716
145_LC_2	-3	45	60	508
146_SA_2	-3	46	165	380
147_LC_2	-3	47	30	308
220_PR_3	-4	30	60	144
30_PR_1	1	30	60	9931
295_LC_4	-5	25	60	108
366_SA_5	5	26	20	8909
32_SA_1	1	31	90	22613
31_SA_1	1	32	90	22286
367_PR_5	5	27	15	42092
33_LC_1	1	33	150	2410
221_PR_3	3	31	35	38294
296_SA_4	4	26	90	31944
222_PR_3	3	32	60	36343
223_PR_3	3	33	40	55167
224_PR_3	3	34	50	2450
34_LC_1	1	34	80	49050
148_SA_2	2	48	90	16053
368_PR_5	5	28	5	23885
369_SA_5	5	29	120	30802
370_SA_5	5	30	140	42950
225_SA_3	3	35	80	285
35_SA_1	-2	35	105	348
297_SA_4	4	27	100	1398
36_LC_1	1	36	60	44062
298_PR_4	-5	28	120	338
150_SA_2	2	49	120	2271
149_SA_2	-3	50	235	1316
151_SA_2	2	51	120	65671
38_PR_1	1	37	80	56821
371_PR_5	5	31	30	62515
37_PR_1	1	38	60	53614
39_LC_1	1	39	90	2788
226_PR_3	3	36	65	66549
372_LC_5	5	32	60	65601
227_LC_3	3	37	120	1266
40_SA_1	1	40	60	6068
228_SA_3	3	38	100	32020
152_LC_2	2	52	1	1928
41_LC_1	1	41	120	3024
42_PR_1	1	42	60	4059
299_LC_4	-5	29	60	392
43_SA_1	-2	43	207	5962
300_SA_4	4	30	105	31195
301_SA_4	-5	31	75	304
44_PR_1	-2	44	25	2626
153_PR_2	2	53	230	75447
302_SA_4	4	32	90	56726
373_SA_5	5	33	60	1429
154_PR_2	2	54	170	41126
374_PR_5	5	34	105	54921
155_SA_2	2	55	240	39488
375_PR_5	5	35	170	68827
229_SA_3	3	39	60	280
156_PR_2	2	56	80	57918
45_VI_1	1	45	75	12485
46_SA_1	1	46	90	111
47_SA_1	-2	47	90	152
230_PR_3	3	40	30	43576
303_LC_4	4	33	60	56596
376_PR_5	5	36	75	45804
304_VI_4	4	34	120	1867
231_SA_3	3	41	80	1923
49_SA_1	1	48	60	1028
306_SA_4	4	35	270	1808
305_PR_4	4	36	25	1457
377_PR_5	5	37	30	2125
157_SA_2	-3	57	150	3106
48_SA_1	1	49	60	1808
232_PR_3	3	42	120	1640
307_SA_4	4	37	120	47814
233_SA_3	3	43	40	24694
378_PR_5	5	38	30	65563
234_LC_3	-4	44	60	2140
235_LC_3	-4	45	120	802
379_LC_5	5	39	60	20424
50_LC_1	1	50	80	61514
158_PR_2	2	58	85	2371
236_VI_3	3	46	90	214
308_PR_4	4	38	30	66728
237_PR_3	3	47	70	55938
159_SA_2	-3	59	55	6972
51_SA_1	1	51	90	2578
160_PR_2	2	60	60	45363
309_PR_4	4	39	60	42704
310_PR_4	4	40	120	67764
161_LC_2	2	61	180	72678
238_SA_3	3	48	60	1842
162_SA_2	2	62	1	5423
239_SA_3	3	49	180	53688
52_PR_1	1	52	30	3468
240_PR_3	3	50	60	4326
53_NU_1	1	53	90	54076
311_PR_4	4	41	60	61121
241_SA_3	3	51	20	36334
55_LC_1	-2	54	60	1606
54_LC_1	1	55	60	2266
312_PR_4	4	42	50	167123
56_LC_1	-2	56	150	192
313_PR_4	4	43	50	933
163_PR_2	-3	63	120	2992
164_NU_2	2	64	90	1374
314_SA_4	4	44	20	2193
380_LC_5	5	40	234	5798
59_SA_1	1	57	60	8232
57_SA_1	1	58	60	4302
58_SA_1	1	59	60	2325
165_SA_2	2	65	120	48360
60_LC_1	-2	60	90	1570
167_SA_2	2	66	60	54442
64_SA_1	1	61	10	61829
62_SA_1	1	62	150	49840
61_SA_1	1	63	30	55359
166_SA_2	2	67	40	53912
65_SA_1	1	64	30	80075
63_SA_1	1	65	75	50364
381_SA_5	5	41	60	42827
242_LC_3	3	52	40	53276
315_SA_4	4	45	180	3905
316_NU_4	4	46	60	13614
66_PR_1	-2	66	75	842
168_SA_2	-3	68	60	1978
67_SA_1	-2	67	60	256
317_LC_4	4	47	45	52799
243_SA_3	3	53	120	936
318_SA_4	-5	48	240	2210
68_SA_1	-2	68	120	396
69_VI_1	1	69	60	74770
382_PR_5	5	42	30	1829
319_PR_4	4	49	90	1974
71_PR_1	1	70	520	18999
70_SA_1	1	71	180	22935
170_SA_2	2	69	120	21204
244_SA_3	3	54	80	18796
169_LC_2	2	70	135	7577
171_PR_2	2	71	65	10335
172_NU_2	2	72	60	54839
321_SA_4	4	50	240	57585
383_SA_5	5	43	240	55508
73_PR_1	1	72	120	51858
72_SA_1	1	73	195	40062
320_SA_4	4	51	120	77941
322_SA_4	4	52	90	80163
245_SA_3	-4	55	160	806
384_SA_5	-6	44	240	622
323_SA_4	-5	53	120	842
246_LC_3	3	56	100	4540
247_SA_3	3	57	90	64463
74_SA_1	-2	74	60	468
75_SA_1	1	75	75	27478
174_SA_2	2	73	360	61593
173_SA_2	2	74	55	58825
175_SA_2	2	75	90	59244
385_SA_5	5	45	60	53378
248_SA_3	3	58	60	1551
176_SA_2	2	76	90	673
177_PR_2	-3	77	50	78
249_SA_3	3	59	75	24676
76_SA_1	-2	76	100	320
250_SA_3	3	60	60	66645
77_SA_1	1	77	120	38417
178_NU_2	-3	78	20	648
324_SA_4	4	54	130	44982
325_PR_4	4	55	180	6009
386_SA_5	5	46	90	46254
179_PR_2	2	79	100	48353
251_PR_3	3	61	60	4599
180_LC_2	2	80	60	50689
326_SA_4	-5	56	1	1382
78_SA_1	1	78	60	1168
79_SA_1	-2	79	100	2402
181_LC_2	-3	81	120	1526
252_SA_3	3	62	55	628
387_SA_5	5	47	90	54161
80_SA_1	1	80	90	75720
81_SA_1	1	81	60	6991
388_SA_5	5	48	60	1987
389_SA_5	5	49	90	37664
253_SA_3	3	63	60	59821
82_VI_1	1	82	30	4774
390_LC_5	5	50	180	4981
255_PR_3	3	64	150	36877
254_PR_3	3	65	60	67805
256_PR_3	-4	66	90	838
257_SA_3	3	67	5	1432
258_SA_3	3	68	120	2329
83_SA_1	-2	83	240	4012
327_SA_4	4	57	120	16004
84_LC_1	1	84	15	40706
85_PR_1	-2	85	70	312
86_PR_1	1	86	90	53703
259_SA_3	-4	69	110	358
260_SA_3	-4	70	120	430
261_SA_3	3	71	90	5442
87_SA_1	-2	87	60	4414
262_SA_3	-4	72	120	3682
88_LC_1	1	88	120	51765
328_LC_4	4	58	120	50466
329_LC_4	4	59	90	39155
182_LC_2	2	82	60	61699
183_NU_2	-3	83	20	1114
263_SA_3	3	73	60	48091
184_SA_2	2	84	15	30244
185_SA_2	2	85	35	31892
331_SA_4	4	60	160	54386
330_SA_4	4	61	120	46870
264_SA_3	3	74	65	48153
186_PR_2	2	86	120	187
187_SA_2	2	87	210	44981
89_PR_1	1	89	70	74302
90_SA_1	-2	90	90	182
391_LC_5	5	51	75	57894
393_PR_5	5	52	150	21327
91_PR_1	1	91	120	55192
392_PR_5	5	53	35	38247
188_VI_2	2	88	100	108
332_PR_4	4	62	120	1041
265_PR_3	3	75	100	52656
92_SA_1	1	92	60	45532
333_VI_4	4	63	90	47215
394_PR_5	5	54	75	56084
93_SA_1	-2	93	90	4936
94_NU_1	1	94	160	63547
95_SA_1	-2	95	140	648
334_SA_4	-5	64	30	1058
96_VI_1	1	96	50	43872
98_PR_1	1	97	10	65229
97_PR_1	1	98	20	65961
335_SA_4	4	65	30	11720
266_SA_3	3	76	80	4469
99_SA_1	-2	99	75	130
267_NU_3	3	77	50	8832
336_VI_4	-5	66	240	808
337_PR_4	4	67	1	2614
395_SA_5	-6	55	90	266
338_SA_4	-5	68	60	368
396_SA_5	5	56	60	73450
397_SA_5	5	57	10	49147
268_SA_3	-4	78	90	1696
398_NU_5	5	58	150	7851
340_SA_4	4	69	60	6688
339_SA_4	4	70	140	4751
189_PR_2	2	89	80	3428
399_SA_5	5	59	60	32894
190_SA_2	2	90	30	69055
100_PR_1	1	100	60	4936
269_SA_3	3	79	40	270493
400_PR_5	5	60	45	26628
270_PR_3	3	80	75	14412
