#Nombre	DiaAten	ModelId		T.Servicio	Penalty
191_PR_3	3	1	60	209
101_PR_2	-3	1	60	418
1_PR_1	1	1	90	267
341_SA_5	-6	1	70	572
102_SA_2	-3	2	120	592
2_SA_1	-2	2	90	630
103_SA_2	-3	3	120	724
104_LC_2	-3	4	120	752
271_PR_4	-5	1	60	800
105_LC_2	-3	5	200	920
342_PR_5	-6	2	60	936
192_PR_3	-4	2	130	1152
193_LC_3	-4	3	70	1194
272_LC_4	-5	2	130	2004
273_LC_4	-5	3	90	2056
343_LC_5	-6	3	45	2162
274_SA_4	-5	4	60	2272
3_SA_1	-2	3	75	2480
106_NU_2	-3	6	75	2910
107_PR_2	2	7	30	1477
344_LC_5	5	4	120	1643
108_LC_2	2	8	10	1643
345_SA_5	5	5	150	1752
194_PR_3	3	4	20	1752
4_LC_1	-2	4	120	3664
195_SA_3	-4	5	150	3676
5_SA_1	-2	5	90	3716
197_SA_3	3	6	120	1858
346_LC_5	5	6	70	1858
199_SA_3	-4	7	80	3716
196_PR_3	-4	8	45	3716
198_SA_3	3	9	60	1858
6_SA_1	1	6	30	1933
200_SA_3	-4	10	60	3866
201_LC_3	-4	11	270	3866
347_SA_5	5	7	20	1962
7_SA_1	1	7	290	2120
202_SA_3	-4	12	180	4240
8_SA_1	-2	8	60	4240
110_SA_2	-3	9	120	4240
111_SA_2	-3	10	120	4240
112_SA_2	-3	11	60	4240
109_SA_2	-3	12	110	4240
114_SA_2	-3	13	60	4240
113_SA_2	-3	14	60	4240
203_SA_3	-4	13	45	4240
115_PR_2	-3	15	90	4386
348_SA_5	5	8	60	2236
349_SA_5	-6	9	15	4472
9_SA_1	-2	9	360	4858
10_SA_1	-2	10	60	4858
13_SA_1	-2	11	60	4858
14_SA_1	1	12	90	2429
350_SA_5	5	10	180	2429
12_SA_1	-2	13	75	4858
204_SA_3	3	14	80	2429
205_SA_3	3	15	60	2429
352_PR_5	5	11	70	2429
11_SA_1	-2	14	120	4858
275_SA_4	-5	5	90	4858
276_SA_4	-5	6	60	4858
277_SA_4	-5	7	120	4858
120_SA_2	2	16	55	2429
279_SA_4	-5	8	300	4858
280_NU_4	-5	9	60	4858
119_SA_2	2	17	60	2429
124_SA_2	2	18	30	2429
121_LC_2	-3	19	45	4858
122_SA_2	-3	20	50	4858
351_SA_5	5	12	60	2429
118_SA_2	-3	21	120	4858
278_PR_4	4	10	150	2429
116_SA_2	2	22	60	2429
117_SA_2	-3	23	140	4858
123_SA_2	2	24	50	2429
15_SA_1	-2	15	240	4904
125_SA_2	-3	25	60	5022
281_PR_4	4	11	70	2511
282_LC_4	4	12	90	2533
127_PR_2	2	26	80	3067
206_PR_3	-4	16	35	6134
126_PR_2	-3	27	180	6134
353_SA_5	5	13	5	3133
354_PR_5	5	14	30	3201
16_SA_1	1	16	110	3533
207_SA_3	-4	17	50	7066
128_SA_2	-3	28	120	7640
17_NU_1	-2	17	180	7722
129_NU_2	2	29	120	3861
283_SA_4	4	13	180	4027
355_LC_5	5	15	150	4152
130_SA_2	-3	30	90	8304
356_SA_5	5	16	150	4199
131_PR_2	-3	31	215	8838
18_SA_1	1	18	90	4432
208_SA_3	3	18	90	4432
209_SA_3	3	19	45	4432
132_SA_2	2	32	20	4432
19_SA_1	-2	19	180	8968
210_SA_3	3	20	180	4484
284_SA_4	4	14	240	4484
134_SA_2	2	33	60	4663
133_SA_2	2	34	90	4663
357_SA_5	5	17	60	4663
285_SA_4	4	15	60	4835
135_SA_2	2	35	60	5026
20_SA_1	-2	20	60	10052
136_LC_2	2	36	30	5256
286_PR_4	4	16	60	5316
360_LC_5	5	18	10	5316
358_PR_5	5	19	70	5316
137_PR_2	2	37	150	5316
359_LC_5	5	20	10	5316
361_SA_5	5	21	10	5316
21_NU_1	1	21	90	5396
211_NU_3	3	21	40	5396
362_PR_5	5	22	240	5460
22_PR_1	-2	22	60	10980
213_LC_3	3	22	90	5490
139_PR_2	2	38	60	5490
140_SA_2	2	39	50	5490
288_SA_4	4	17	60	5490
287_PR_4	4	18	90	5490
212_SA_3	-4	23	40	10980
138_VI_2	2	40	90	5490
363_VI_5	5	23	10	5519
214_VI_3	3	24	25	5519
215_PR_3	3	25	45	5562
23_SA_1	1	23	90	5684
24_PR_1	1	24	100	5760
289_LC_4	4	19	110	5965
25_PR_1	-2	25	90	12282
141_NU_2	-3	41	150	12564
26_NU_1	-2	26	420	12564
27_LC_1	1	27	180	6305
216_SA_3	3	26	80	6353
28_SA_1	1	28	30	6518
29_SA_1	1	29	60	6538
364_PR_5	5	24	1	6604
217_SA_3	3	27	150	7040
365_SA_5	5	25	120	7040
290_SA_4	4	20	60	7040
291_SA_4	4	21	150	7154
292_PR_4	4	22	50	7188
293_PR_4	4	23	165	7188
294_SA_4	4	24	90	7261
142_LC_2	2	42	50	7271
218_SA_3	3	28	120	7418
219_SA_3	-4	29	90	14836
143_SA_2	2	43	180	7418
144_SA_2	2	44	90	7438
145_LC_2	2	45	60	7540
146_SA_2	2	46	165	7540
147_LC_2	2	47	30	7540
220_PR_3	3	30	60	7540
30_PR_1	1	30	60	7552
295_LC_4	4	25	60	7755
366_SA_5	5	26	20	7851
32_SA_1	1	31	90	7869
31_SA_1	1	32	90	7869
367_PR_5	5	27	15	7927
33_LC_1	-2	33	150	15892
221_PR_3	3	31	35	7958
296_SA_4	4	26	90	8062
222_PR_3	3	32	60	8097
223_PR_3	3	33	40	8120
224_PR_3	3	34	50	8207
34_LC_1	1	34	80	8221
148_SA_2	2	48	90	8281
368_PR_5	5	28	5	8319
369_SA_5	5	29	120	8319
370_SA_5	5	30	140	8319
225_SA_3	3	35	80	8590
35_SA_1	-2	35	105	17180
297_SA_4	4	27	100	8722
36_LC_1	1	36	60	8827
298_PR_4	4	28	120	8866
150_SA_2	2	49	120	8950
149_SA_2	2	50	235	8950
151_SA_2	2	51	120	9045
38_PR_1	-2	37	80	18116
371_PR_5	5	31	30	9058
37_PR_1	-2	38	60	18116
39_LC_1	1	39	90	9196
226_PR_3	3	36	65	9221
372_LC_5	5	32	60	9243
227_LC_3	3	37	120	9336
40_SA_1	1	40	60	9362
228_SA_3	3	38	100	9451
152_LC_2	2	52	1	9835
41_LC_1	1	41	120	10008
42_PR_1	1	42	60	10008
299_LC_4	4	29	60	10144
43_SA_1	1	43	207	10192
300_SA_4	4	30	105	10224
301_SA_4	4	31	75	10275
44_PR_1	1	44	25	10307
153_PR_2	2	53	230	10313
302_SA_4	4	32	90	10360
373_SA_5	5	33	60	10389
154_PR_2	2	54	170	10391
374_PR_5	5	34	105	10391
155_SA_2	2	55	240	10413
375_PR_5	5	35	170	10460
229_SA_3	3	39	60	10491
156_PR_2	2	56	80	10507
45_VI_1	1	45	75	10607
46_SA_1	1	46	90	10640
47_SA_1	1	47	90	10640
230_PR_3	3	40	30	10659
303_LC_4	4	33	60	10714
376_PR_5	5	36	75	10799
304_VI_4	4	34	120	10837
231_SA_3	3	41	80	10837
49_SA_1	1	48	60	10837
306_SA_4	4	35	270	10837
305_PR_4	4	36	25	10837
377_PR_5	5	37	30	10837
157_SA_2	2	57	150	10837
48_SA_1	1	49	60	10837
232_PR_3	3	42	120	10837
307_SA_4	4	37	120	10867
233_SA_3	3	43	40	11027
378_PR_5	5	38	30	11041
234_LC_3	3	44	60	11101
235_LC_3	3	45	120	11127
379_LC_5	5	39	60	11130
50_LC_1	1	50	80	11198
158_PR_2	2	58	85	11260
236_VI_3	3	46	90	11818
308_PR_4	4	38	30	12389
237_PR_3	3	47	70	12389
159_SA_2	2	59	55	12418
51_SA_1	1	51	90	12418
160_PR_2	2	60	60	12659
309_PR_4	4	39	60	12727
310_PR_4	4	40	120	12727
161_LC_2	2	61	180	12739
238_SA_3	3	48	60	12750
162_SA_2	2	62	1	12804
239_SA_3	3	49	180	13050
52_PR_1	1	52	30	13050
240_PR_3	3	50	60	13050
53_NU_1	1	53	90	13074
311_PR_4	4	41	60	13184
241_SA_3	3	51	20	13198
55_LC_1	1	54	60	13501
54_LC_1	1	55	60	13501
312_PR_4	4	42	50	13748
56_LC_1	1	56	150	14026
313_PR_4	4	43	50	14061
163_PR_2	2	63	120	14061
164_NU_2	2	64	90	14295
314_SA_4	4	44	20	14379
380_LC_5	5	40	234	14626
59_SA_1	1	57	60	14840
57_SA_1	1	58	60	14840
58_SA_1	1	59	60	14840
165_SA_2	2	65	120	14854
60_LC_1	1	60	90	14875
167_SA_2	2	66	60	14998
64_SA_1	1	61	10	14998
62_SA_1	1	62	150	14998
61_SA_1	1	63	30	14998
166_SA_2	2	67	40	14998
65_SA_1	1	64	30	14998
63_SA_1	1	65	75	14998
381_SA_5	5	41	60	14998
242_LC_3	3	52	40	15122
315_SA_4	4	45	180	15929
316_NU_4	4	46	60	16041
66_PR_1	1	66	75	16156
168_SA_2	2	68	60	16202
67_SA_1	1	67	60	16258
317_LC_4	4	47	45	16305
243_SA_3	3	53	120	16381
318_SA_4	4	48	240	16381
68_SA_1	1	68	120	16417
69_VI_1	1	69	60	16442
382_PR_5	5	42	30	16608
319_PR_4	4	49	90	16626
71_PR_1	1	70	520	16744
70_SA_1	1	71	180	16744
170_SA_2	2	69	120	16744
244_SA_3	3	54	80	16744
169_LC_2	2	70	135	16744
171_PR_2	2	71	65	16810
172_NU_2	2	72	60	17056
321_SA_4	4	50	240	17070
383_SA_5	5	43	240	17070
73_PR_1	1	72	120	17070
72_SA_1	1	73	195	17070
320_SA_4	4	51	120	17070
322_SA_4	4	52	90	17070
245_SA_3	3	55	160	17366
384_SA_5	5	44	240	17366
323_SA_4	4	53	120	17366
246_LC_3	3	56	100	17419
247_SA_3	3	57	90	17436
74_SA_1	1	74	60	17455
75_SA_1	1	75	75	17564
174_SA_2	2	73	360	17564
173_SA_2	2	74	55	17564
175_SA_2	2	75	90	17564
385_SA_5	5	45	60	17564
248_SA_3	3	58	60	17651
176_SA_2	2	76	90	17669
177_PR_2	2	77	50	17712
249_SA_3	3	59	75	17899
76_SA_1	1	76	100	17917
250_SA_3	3	60	60	18267
77_SA_1	1	77	120	18267
178_NU_2	2	78	20	18542
324_SA_4	4	54	130	18559
325_PR_4	4	55	180	18692
386_SA_5	5	46	90	18725
179_PR_2	2	79	100	18949
251_PR_3	3	61	60	18993
180_LC_2	2	80	60	18995
326_SA_4	4	56	1	19050
78_SA_1	1	78	60	19050
79_SA_1	1	79	100	19050
181_LC_2	2	81	120	19050
252_SA_3	3	62	55	19050
387_SA_5	5	47	90	19110
80_SA_1	1	80	90	19200
81_SA_1	1	81	60	19375
388_SA_5	5	48	60	19691
389_SA_5	5	49	90	20190
253_SA_3	3	63	60	20190
82_VI_1	1	82	30	20452
390_LC_5	5	50	180	20513
255_PR_3	3	64	150	20625
254_PR_3	3	65	60	20625
256_PR_3	3	66	90	20814
257_SA_3	3	67	5	20891
258_SA_3	3	68	120	21011
83_SA_1	1	83	240	21011
327_SA_4	4	57	120	21185
84_LC_1	1	84	15	21335
85_PR_1	1	85	70	21386
86_PR_1	1	86	90	21436
259_SA_3	3	69	110	21574
260_SA_3	3	70	120	22030
261_SA_3	3	71	90	22323
87_SA_1	1	87	60	22335
262_SA_3	3	72	120	22335
88_LC_1	1	88	120	22490
328_LC_4	4	58	120	22908
329_LC_4	4	59	90	22908
182_LC_2	2	82	60	23418
183_NU_2	2	83	20	23552
263_SA_3	3	73	60	23587
184_SA_2	2	84	15	23587
185_SA_2	2	85	35	24011
331_SA_4	4	60	160	24011
330_SA_4	4	61	120	24011
264_SA_3	3	74	65	24041
186_PR_2	2	86	120	24131
187_SA_2	2	87	210	24152
89_PR_1	1	89	70	24333
90_SA_1	1	90	90	24863
391_LC_5	5	51	75	25079
393_PR_5	5	52	150	25304
91_PR_1	1	91	120	25304
392_PR_5	5	53	35	25304
188_VI_2	2	88	100	25518
332_PR_4	4	62	120	25743
265_PR_3	3	75	100	25797
92_SA_1	1	92	60	25849
333_VI_4	4	63	90	26314
394_PR_5	5	54	75	26441
93_SA_1	1	93	90	27622
94_NU_1	1	94	160	27701
95_SA_1	1	95	140	27822
334_SA_4	4	64	30	28440
96_VI_1	1	96	50	29488
98_PR_1	1	97	10	29665
97_PR_1	1	98	20	29665
335_SA_4	4	65	30	29759
266_SA_3	3	76	80	29901
99_SA_1	1	99	75	30578
267_NU_3	3	77	50	31109
336_VI_4	4	66	240	31655
337_PR_4	4	67	1	32125
395_SA_5	5	55	90	32522
338_SA_4	4	68	60	32522
396_SA_5	5	56	60	33063
397_SA_5	5	57	10	33063
268_SA_3	3	78	90	33805
398_NU_5	5	58	150	34622
340_SA_4	4	69	60	34622
339_SA_4	4	70	140	34622
189_PR_2	2	89	80	34622
399_SA_5	5	59	60	36985
190_SA_2	2	90	30	36985
100_PR_1	1	100	60	38618
269_SA_3	3	79	40	38996
400_PR_5	5	60	45	39993
270_PR_3	3	80	75	48076
