#Nombre	DiaAten	ModelId		T.Servicio	Penalty
191_PR_3	-4	1	60	328988
101_PR_2	-3	1	60	328988
1_PR_1	-2	1	90	410916
341_SA_5	-6	1	70	429890
102_SA_2	-3	2	120	458582
2_SA_1	-2	2	90	460688
103_SA_2	-3	3	120	486030
104_LC_2	-3	4	120	491624
271_PR_4	-5	1	60	494194
105_LC_2	-3	5	200	495860
342_PR_5	-6	2	60	497510
192_PR_3	-4	2	130	497600
193_LC_3	-4	3	70	502726
272_LC_4	-5	2	130	523836
273_LC_4	-5	3	90	525496
343_LC_5	-6	3	45	526168
274_SA_4	-5	4	60	527724
3_SA_1	-2	3	75	530274
106_NU_2	-3	6	75	533086
107_PR_2	-3	7	30	535290
344_LC_5	-6	4	120	540700
108_LC_2	-3	8	10	540700
345_SA_5	-6	5	150	552884
194_PR_3	-4	4	20	556376
4_LC_1	-2	4	120	558182
195_SA_3	-4	5	150	565020
5_SA_1	-2	5	90	566288
197_SA_3	-4	6	120	566288
346_LC_5	-6	6	70	566288
199_SA_3	-4	7	80	566288
196_PR_3	-4	8	45	566288
198_SA_3	-4	9	60	566288
6_SA_1	-2	6	30	567186
200_SA_3	-4	10	60	567186
201_LC_3	-4	11	270	567186
347_SA_5	-6	7	20	577760
7_SA_1	-2	7	290	578112
202_SA_3	-4	12	180	578112
8_SA_1	1	8	60	289056
110_SA_2	-3	9	120	578112
111_SA_2	-3	10	120	578112
112_SA_2	-3	11	60	578112
109_SA_2	-3	12	110	578112
114_SA_2	-3	13	60	578112
113_SA_2	-3	14	60	578112
203_SA_3	-4	13	45	578112
115_PR_2	-3	15	90	582582
348_SA_5	-6	8	60	583098
349_SA_5	-6	9	15	583098
9_SA_1	-2	9	360	588330
10_SA_1	-2	10	60	588330
13_SA_1	-2	11	60	588330
14_SA_1	-2	12	90	588330
350_SA_5	-6	10	180	588330
12_SA_1	-2	13	75	588330
204_SA_3	-4	14	80	588330
205_SA_3	-4	15	60	588330
352_PR_5	-6	11	70	588330
11_SA_1	1	14	120	294165
275_SA_4	-5	5	90	588330
276_SA_4	-5	6	60	588330
277_SA_4	-5	7	120	588330
120_SA_2	-3	16	55	588330
279_SA_4	-5	8	300	588330
280_NU_4	-5	9	60	588330
119_SA_2	-3	17	60	588330
124_SA_2	-3	18	30	588330
121_LC_2	-3	19	45	588330
122_SA_2	-3	20	50	588330
351_SA_5	-6	12	60	588330
118_SA_2	-3	21	120	588330
278_PR_4	-5	10	150	588330
116_SA_2	-3	22	60	588330
117_SA_2	2	23	140	294165
123_SA_2	-3	24	50	588330
15_SA_1	-2	15	240	591286
125_SA_2	-3	25	60	592452
281_PR_4	-5	11	70	592452
282_LC_4	-5	12	90	593448
127_PR_2	-3	26	80	597836
206_PR_3	-4	16	35	597836
126_PR_2	-3	27	180	597836
353_SA_5	-6	13	5	600330
354_PR_5	-6	14	30	602094
16_SA_1	-2	16	110	609256
207_SA_3	-4	17	50	609256
128_SA_2	-3	28	120	614094
17_NU_1	-2	17	180	620662
129_NU_2	-3	29	120	620662
283_SA_4	-5	13	180	622876
355_LC_5	-6	15	150	623382
130_SA_2	-3	30	90	623382
356_SA_5	-6	16	150	634890
131_PR_2	-3	31	215	637042
18_SA_1	-2	18	90	637226
208_SA_3	-4	18	90	637226
209_SA_3	-4	19	45	637226
132_SA_2	-3	32	20	637226
19_SA_1	-2	19	180	640172
210_SA_3	-4	20	180	640172
284_SA_4	-5	14	240	640172
134_SA_2	-3	33	60	641964
133_SA_2	-3	34	90	641964
357_SA_5	-6	17	60	641964
285_SA_4	-5	15	60	642684
135_SA_2	-3	35	60	643296
20_SA_1	-2	20	60	643296
136_LC_2	-3	36	30	646368
286_PR_4	-5	16	60	647042
360_LC_5	-6	18	10	647042
358_PR_5	-6	19	70	647042
137_PR_2	-3	37	150	647042
359_LC_5	-6	20	10	647042
361_SA_5	-6	21	10	647042
21_NU_1	-2	21	90	653276
211_NU_3	-4	21	40	653276
362_PR_5	-6	22	240	657718
22_PR_1	-2	22	60	662336
213_LC_3	-4	22	90	662336
139_PR_2	-3	38	60	662336
140_SA_2	-3	39	50	662336
288_SA_4	-5	17	60	662336
287_PR_4	-5	18	90	662336
212_SA_3	-4	23	40	662336
138_VI_2	-3	40	90	662336
363_VI_5	-6	23	10	664026
214_VI_3	-4	24	25	664026
215_PR_3	-4	25	45	664306
23_SA_1	-2	23	90	674510
24_PR_1	-2	24	100	675622
289_LC_4	-5	19	110	680640
25_PR_1	-2	25	90	680688
141_NU_2	-3	41	150	682884
26_NU_1	-2	26	420	682884
27_LC_1	1	27	180	341905
216_SA_3	-4	26	80	685392
28_SA_1	1	28	30	347677
29_SA_1	1	29	60	348633
364_PR_5	-6	24	1	698018
217_SA_3	-4	27	150	699790
365_SA_5	-6	25	120	699790
290_SA_4	-5	20	60	699790
291_SA_4	-5	21	150	702528
292_PR_4	-5	22	50	704666
293_PR_4	-5	23	165	704666
294_SA_4	-5	24	90	711628
142_LC_2	-3	42	50	714654
218_SA_3	3	28	120	357787
219_SA_3	3	29	90	357787
143_SA_2	-3	43	180	715574
144_SA_2	2	44	90	357856
145_LC_2	-3	45	60	722376
146_SA_2	-3	46	165	722376
147_LC_2	-3	47	30	722376
220_PR_3	-4	30	60	722376
30_PR_1	-2	30	60	723942
295_LC_4	-5	25	60	728290
366_SA_5	-6	26	20	730402
32_SA_1	-2	31	90	733416
31_SA_1	-2	32	90	733416
367_PR_5	-6	27	15	733982
33_LC_1	-2	33	150	735032
221_PR_3	-4	31	35	738644
296_SA_4	-5	26	90	742144
222_PR_3	-4	32	60	742176
223_PR_3	-4	33	40	745096
224_PR_3	-4	34	50	750138
34_LC_1	-2	34	80	755424
148_SA_2	-3	48	90	755982
368_PR_5	-6	28	5	756104
369_SA_5	-6	29	120	759194
370_SA_5	-6	30	140	759194
225_SA_3	-4	35	80	760192
35_SA_1	-2	35	105	760192
297_SA_4	-5	27	100	760662
36_LC_1	-2	36	60	763514
298_PR_4	-5	28	120	763752
150_SA_2	-3	49	120	765448
149_SA_2	-3	50	235	765448
151_SA_2	-3	51	120	766368
38_PR_1	-2	37	80	767278
371_PR_5	-6	31	30	767278
37_PR_1	-2	38	60	767278
39_LC_1	-2	39	90	770702
226_PR_3	-4	36	65	779126
372_LC_5	-6	32	60	779512
227_LC_3	-4	37	120	781344
40_SA_1	-2	40	60	782136
228_SA_3	-4	38	100	786428
152_LC_2	-3	52	1	787122
41_LC_1	-2	41	120	789258
42_PR_1	-2	42	60	789258
299_LC_4	-5	29	60	790430
43_SA_1	-2	43	207	790470
300_SA_4	-5	30	105	795738
301_SA_4	-5	31	75	797590
44_PR_1	-2	44	25	800000
153_PR_2	-3	53	230	800712
302_SA_4	-5	32	90	803198
373_SA_5	-6	33	60	804512
154_PR_2	-3	54	170	805072
374_PR_5	-6	34	105	805072
155_SA_2	-3	55	240	808404
375_PR_5	-6	35	170	808644
229_SA_3	-4	39	60	810726
156_PR_2	-3	56	80	813364
45_VI_1	1	45	75	407788
46_SA_1	-2	46	90	818612
47_SA_1	-2	47	90	818612
230_PR_3	3	40	30	413210
303_LC_4	-5	33	60	826932
376_PR_5	-6	36	75	827334
304_VI_4	-5	34	120	829004
231_SA_3	-4	41	80	829004
49_SA_1	-2	48	60	829004
306_SA_4	-5	35	270	829004
305_PR_4	-5	36	25	829004
377_PR_5	-6	37	30	829004
157_SA_2	-3	57	150	829004
48_SA_1	-2	49	60	829004
232_PR_3	-4	42	120	829004
307_SA_4	-5	37	120	830794
233_SA_3	-4	43	40	831220
378_PR_5	-6	38	30	835908
234_LC_3	-4	44	60	837242
235_LC_3	-4	45	120	844038
379_LC_5	-6	39	60	847202
50_LC_1	-2	50	80	848584
158_PR_2	-3	58	85	848968
236_VI_3	-4	46	90	850150
308_PR_4	-5	38	30	853948
237_PR_3	-4	47	70	853948
159_SA_2	-3	59	55	859308
51_SA_1	-2	51	90	859308
160_PR_2	-3	60	60	860256
309_PR_4	-5	39	60	860974
310_PR_4	-5	40	120	860974
161_LC_2	-3	61	180	866646
238_SA_3	-4	48	60	868734
162_SA_2	-3	62	1	873558
239_SA_3	-4	49	180	880688
52_PR_1	-2	52	30	880768
240_PR_3	-4	50	60	880768
53_NU_1	-2	53	90	881940
311_PR_4	-5	41	60	890262
241_SA_3	-4	51	20	893384
55_LC_1	-2	54	60	893930
54_LC_1	-2	55	60	893930
312_PR_4	-5	42	50	901668
56_LC_1	-2	56	150	902828
313_PR_4	-5	43	50	905506
163_PR_2	-3	63	120	905506
164_NU_2	-3	64	90	906006
314_SA_4	-5	44	20	906296
380_LC_5	-6	40	234	910430
59_SA_1	-2	57	60	911462
57_SA_1	-2	58	60	911462
58_SA_1	-2	59	60	911462
165_SA_2	-3	65	120	914866
60_LC_1	-2	60	90	918916
167_SA_2	-3	66	60	922422
64_SA_1	-2	61	10	922422
62_SA_1	-2	62	150	922422
61_SA_1	-2	63	30	922422
166_SA_2	-3	67	40	922422
65_SA_1	1	64	30	461211
63_SA_1	-2	65	75	922422
381_SA_5	-6	41	60	922422
242_LC_3	-4	52	40	922642
315_SA_4	-5	45	180	927548
316_NU_4	-5	46	60	931186
66_PR_1	-2	66	75	937710
168_SA_2	-3	68	60	942388
67_SA_1	-2	67	60	942648
317_LC_4	-5	47	45	953814
243_SA_3	-4	53	120	958384
318_SA_4	-5	48	240	958384
68_SA_1	-2	68	120	967366
69_VI_1	-2	69	60	969544
382_PR_5	-6	42	30	969612
319_PR_4	-5	49	90	970590
71_PR_1	-2	70	520	973034
70_SA_1	1	71	180	486517
170_SA_2	-3	69	120	973034
244_SA_3	-4	54	80	973034
169_LC_2	-3	70	135	973034
171_PR_2	-3	71	65	974024
172_NU_2	-3	72	60	976156
321_SA_4	-5	50	240	988408
383_SA_5	-6	43	240	988408
73_PR_1	1	72	120	494204
72_SA_1	1	73	195	494204
320_SA_4	-5	51	120	988408
322_SA_4	-5	52	90	988408
245_SA_3	-4	55	160	993388
384_SA_5	-6	44	240	993388
323_SA_4	-5	53	120	993388
246_LC_3	-4	56	100	996898
247_SA_3	-4	57	90	997838
74_SA_1	1	74	60	500602
75_SA_1	1	75	75	505268
174_SA_2	-3	73	360	1010536
173_SA_2	-3	74	55	1010536
175_SA_2	-3	75	90	1010536
385_SA_5	-6	45	60	1010536
248_SA_3	-4	58	60	1010972
176_SA_2	-3	76	90	1015962
177_PR_2	-3	77	50	1019122
249_SA_3	-4	59	75	1025362
76_SA_1	1	76	100	526819
250_SA_3	-4	60	60	1056896
77_SA_1	1	77	120	528448
178_NU_2	-3	78	20	1059580
324_SA_4	-5	54	130	1063446
325_PR_4	-5	55	180	1066096
386_SA_5	-6	46	90	1067782
179_PR_2	2	79	100	536111
251_PR_3	-4	61	60	1075214
180_LC_2	-3	80	60	1077716
326_SA_4	-5	56	1	1080730
78_SA_1	1	78	60	540365
79_SA_1	1	79	100	540365
181_LC_2	-3	81	120	1080730
252_SA_3	-4	62	55	1080730
387_SA_5	-6	47	90	1084470
80_SA_1	1	80	90	542290
81_SA_1	1	81	60	543597
388_SA_5	-6	48	60	1087402
389_SA_5	-6	49	90	1087462
253_SA_3	-4	63	60	1087462
82_VI_1	1	82	30	544044
390_LC_5	-6	50	180	1088794
255_PR_3	-4	64	150	1091684
254_PR_3	-4	65	60	1091684
256_PR_3	3	66	90	547510
257_SA_3	-4	67	5	1097252
258_SA_3	-4	68	120	1100178
83_SA_1	1	83	240	550089
327_SA_4	-5	57	120	1101242
84_LC_1	1	84	15	555646
85_PR_1	1	85	70	556222
86_PR_1	1	86	90	557512
259_SA_3	-4	69	110	1119880
260_SA_3	-4	70	120	1120364
261_SA_3	-4	71	90	1122294
87_SA_1	1	87	60	561837
262_SA_3	-4	72	120	1123674
88_LC_1	1	88	120	566264
328_LC_4	-5	58	120	1143566
329_LC_4	-5	59	90	1143566
182_LC_2	-3	82	60	1160264
183_NU_2	2	83	20	581886
263_SA_3	-4	73	60	1186946
184_SA_2	-3	84	15	1186946
185_SA_2	-3	85	35	1204180
331_SA_4	-5	60	160	1204180
330_SA_4	-5	61	120	1204180
264_SA_3	-4	74	65	1211282
186_PR_2	-3	86	120	1211536
187_SA_2	-3	87	210	1212530
89_PR_1	1	89	70	609754
90_SA_1	1	90	90	620605
391_LC_5	-6	51	75	1242700
393_PR_5	-6	52	150	1243228
91_PR_1	1	91	120	621614
392_PR_5	-6	53	35	1243228
188_VI_2	-3	88	100	1253408
332_PR_4	-5	62	120	1253646
265_PR_3	-4	75	100	1259636
92_SA_1	1	92	60	630410
333_VI_4	-5	63	90	1265674
394_PR_5	-6	54	75	1275794
93_SA_1	1	93	90	649410
94_NU_1	1	94	160	649836
95_SA_1	1	95	140	656186
334_SA_4	-5	64	30	1348768
96_VI_1	1	96	50	680680
98_PR_1	1	97	10	685073
97_PR_1	1	98	20	685073
335_SA_4	-5	65	30	1417678
266_SA_3	-4	76	80	1435392
99_SA_1	1	99	75	720666
267_NU_3	-4	77	50	1444694
336_VI_4	-5	66	240	1461392
337_PR_4	-5	67	1	1472082
395_SA_5	-6	55	90	1534418
338_SA_4	-5	68	60	1534418
396_SA_5	-6	56	60	1535980
397_SA_5	-6	57	10	1535980
268_SA_3	-4	78	90	1588914
398_NU_5	-6	58	150	1606978
340_SA_4	-5	69	60	1606978
339_SA_4	-5	70	140	1606978
189_PR_2	-3	89	80	1606978
399_SA_5	-6	59	60	1622676
190_SA_2	-3	90	30	1622676
100_PR_1	1	100	60	830858
269_SA_3	-4	79	40	1767194
400_PR_5	-6	60	45	1772846
270_PR_3	3	80	75	942712
