#Nombre	DiaAten	ModelId		T.Servicio	Penalty
191_PR_3	-4	1	60	1202
101_PR_2	-3	1	60	1202
1_PR_1	-2	1	90	1304
341_SA_5	-6	1	70	1328
102_SA_2	-3	2	120	1330
2_SA_1	-2	2	90	1336
103_SA_2	-3	3	120	1358
104_LC_2	-3	4	120	1380
271_PR_4	-5	1	60	1392
105_LC_2	-3	5	200	1418
342_PR_5	-6	2	60	1460
192_PR_3	-4	2	130	1462
193_LC_3	-4	3	70	1494
272_LC_4	-5	2	130	1512
273_LC_4	-5	3	90	1514
343_LC_5	-6	3	45	1518
274_SA_4	-5	4	60	1544
3_SA_1	-2	3	75	1574
106_NU_2	-3	6	75	1580
107_PR_2	-3	7	30	1596
344_LC_5	-6	4	120	1596
108_LC_2	-3	8	10	1596
345_SA_5	-6	5	150	1604
194_PR_3	-4	4	20	1616
4_LC_1	-2	4	120	1624
195_SA_3	-4	5	150	1626
5_SA_1	-2	5	90	1636
197_SA_3	-4	6	120	1636
346_LC_5	-6	6	70	1636
199_SA_3	-4	7	80	1636
196_PR_3	-4	8	45	1636
198_SA_3	-4	9	60	1636
6_SA_1	-2	6	30	1642
200_SA_3	-4	10	60	1642
201_LC_3	-4	11	270	1642
347_SA_5	-6	7	20	1644
7_SA_1	-2	7	290	1652
202_SA_3	-4	12	180	1652
8_SA_1	-2	8	60	1652
110_SA_2	-3	9	120	1652
111_SA_2	-3	10	120	1652
112_SA_2	-3	11	60	1652
109_SA_2	-3	12	110	1652
114_SA_2	-3	13	60	1652
113_SA_2	-3	14	60	1652
203_SA_3	-4	13	45	1652
115_PR_2	-3	15	90	1654
348_SA_5	-6	8	60	1656
349_SA_5	-6	9	15	1656
9_SA_1	-2	9	360	1656
10_SA_1	-2	10	60	1656
13_SA_1	-2	11	60	1656
14_SA_1	-2	12	90	1656
350_SA_5	-6	10	180	1656
12_SA_1	-2	13	75	1656
204_SA_3	-4	14	80	1656
205_SA_3	-4	15	60	1656
352_PR_5	-6	11	70	1656
11_SA_1	-2	14	120	1656
275_SA_4	-5	5	90	1656
276_SA_4	-5	6	60	1656
277_SA_4	-5	7	120	1656
120_SA_2	-3	16	55	1656
279_SA_4	-5	8	300	1656
280_NU_4	-5	9	60	1656
119_SA_2	-3	17	60	1656
124_SA_2	-3	18	30	1656
121_LC_2	-3	19	45	1656
122_SA_2	-3	20	50	1656
351_SA_5	-6	12	60	1656
118_SA_2	-3	21	120	1656
278_PR_4	-5	10	150	1656
116_SA_2	-3	22	60	1656
117_SA_2	-3	23	140	1656
123_SA_2	-3	24	50	1656
15_SA_1	-2	15	240	1692
125_SA_2	-3	25	60	1694
281_PR_4	-5	11	70	1694
282_LC_4	-5	12	90	1696
127_PR_2	-3	26	80	1702
206_PR_3	-4	16	35	1702
126_PR_2	-3	27	180	1702
353_SA_5	-6	13	5	1704
354_PR_5	-6	14	30	1708
16_SA_1	-2	16	110	1714
207_SA_3	-4	17	50	1714
128_SA_2	-3	28	120	1716
17_NU_1	-2	17	180	1724
129_NU_2	-3	29	120	1724
283_SA_4	-5	13	180	1728
355_LC_5	-6	15	150	1730
130_SA_2	-3	30	90	1730
356_SA_5	-6	16	150	1732
131_PR_2	-3	31	215	1736
18_SA_1	-2	18	90	1742
208_SA_3	-4	18	90	1742
209_SA_3	-4	19	45	1742
132_SA_2	-3	32	20	1742
19_SA_1	-2	19	180	1748
210_SA_3	-4	20	180	1748
284_SA_4	-5	14	240	1748
134_SA_2	-3	33	60	1750
133_SA_2	-3	34	90	1750
357_SA_5	-6	17	60	1750
285_SA_4	-5	15	60	1752
135_SA_2	-3	35	60	1756
20_SA_1	-2	20	60	1756
136_LC_2	-3	36	30	1758
286_PR_4	-5	16	60	1772
360_LC_5	-6	18	10	1772
358_PR_5	-6	19	70	1772
137_PR_2	-3	37	150	1772
359_LC_5	-6	20	10	1772
361_SA_5	-6	21	10	1772
21_NU_1	-2	21	90	1774
211_NU_3	-4	21	40	1774
362_PR_5	-6	22	240	1778
22_PR_1	-2	22	60	1780
213_LC_3	-4	22	90	1780
139_PR_2	-3	38	60	1780
140_SA_2	-3	39	50	1780
288_SA_4	-5	17	60	1780
287_PR_4	-5	18	90	1780
212_SA_3	-4	23	40	1780
138_VI_2	-3	40	90	1780
363_VI_5	-6	23	10	1780
214_VI_3	-4	24	25	1780
215_PR_3	-4	25	45	1782
23_SA_1	-2	23	90	1782
24_PR_1	-2	24	100	1782
289_LC_4	-5	19	110	1794
25_PR_1	1	25	90	906
141_NU_2	-3	41	150	1816
26_NU_1	-2	26	420	1816
27_LC_1	-2	27	180	1828
216_SA_3	-4	26	80	1834
28_SA_1	-2	28	30	1838
29_SA_1	-2	29	60	1852
364_PR_5	-6	24	1	1854
217_SA_3	-4	27	150	1858
365_SA_5	-6	25	120	1858
290_SA_4	-5	20	60	1858
291_SA_4	-5	21	150	1858
292_PR_4	-5	22	50	1860
293_PR_4	-5	23	165	1860
294_SA_4	-5	24	90	1864
142_LC_2	-3	42	50	1866
218_SA_3	-4	28	120	1868
219_SA_3	-4	29	90	1868
143_SA_2	-3	43	180	1868
144_SA_2	-3	44	90	1870
145_LC_2	-3	45	60	1878
146_SA_2	-3	46	165	1878
147_LC_2	-3	47	30	1878
220_PR_3	-4	30	60	1878
30_PR_1	-2	30	60	1880
295_LC_4	-5	25	60	1880
366_SA_5	-6	26	20	1896
32_SA_1	-2	31	90	1898
31_SA_1	-2	32	90	1898
367_PR_5	-6	27	15	1908
33_LC_1	-2	33	150	1916
221_PR_3	-4	31	35	1924
296_SA_4	-5	26	90	1946
222_PR_3	-4	32	60	1954
223_PR_3	-4	33	40	1954
224_PR_3	-4	34	50	1958
34_LC_1	-2	34	80	1962
148_SA_2	-3	48	90	1970
368_PR_5	-6	28	5	1976
369_SA_5	-6	29	120	1976
370_SA_5	-6	30	140	1976
225_SA_3	-4	35	80	1982
35_SA_1	-2	35	105	1982
297_SA_4	-5	27	100	1986
36_LC_1	-2	36	60	1988
298_PR_4	-5	28	120	1988
150_SA_2	-3	49	120	1988
149_SA_2	-3	50	235	1988
151_SA_2	-3	51	120	1990
38_PR_1	-2	37	80	1996
371_PR_5	-6	31	30	1996
37_PR_1	-2	38	60	1996
39_LC_1	-2	39	90	2000
226_PR_3	-4	36	65	2004
372_LC_5	-6	32	60	2010
227_LC_3	-4	37	120	2016
40_SA_1	-2	40	60	2020
228_SA_3	-4	38	100	2022
152_LC_2	-3	52	1	2026
41_LC_1	-2	41	120	2028
42_PR_1	-2	42	60	2028
299_LC_4	-5	29	60	2028
43_SA_1	-2	43	207	2030
300_SA_4	-5	30	105	2032
301_SA_4	-5	31	75	2034
44_PR_1	-2	44	25	2036
153_PR_2	-3	53	230	2038
302_SA_4	-5	32	90	2038
373_SA_5	-6	33	60	2040
154_PR_2	-3	54	170	2056
374_PR_5	-6	34	105	2056
155_SA_2	-3	55	240	2056
375_PR_5	-6	35	170	2058
229_SA_3	-4	39	60	2058
156_PR_2	-3	56	80	2058
45_VI_1	-2	45	75	2060
46_SA_1	-2	46	90	2060
47_SA_1	-2	47	90	2060
230_PR_3	-4	40	30	2064
303_LC_4	-5	33	60	2068
376_PR_5	-6	36	75	2068
304_VI_4	-5	34	120	2080
231_SA_3	-4	41	80	2080
49_SA_1	-2	48	60	2080
306_SA_4	-5	35	270	2080
305_PR_4	-5	36	25	2080
377_PR_5	-6	37	30	2080
157_SA_2	-3	57	150	2080
48_SA_1	-2	49	60	2080
232_PR_3	-4	42	120	2080
307_SA_4	-5	37	120	2096
233_SA_3	-4	43	40	2102
378_PR_5	-6	38	30	2102
234_LC_3	-4	44	60	2106
235_LC_3	-4	45	120	2106
379_LC_5	-6	39	60	2124
50_LC_1	-2	50	80	2130
158_PR_2	-3	58	85	2132
236_VI_3	-4	46	90	2136
308_PR_4	-5	38	30	2142
237_PR_3	-4	47	70	2142
159_SA_2	-3	59	55	2148
51_SA_1	-2	51	90	2148
160_PR_2	-3	60	60	2154
309_PR_4	-5	39	60	2158
310_PR_4	-5	40	120	2158
161_LC_2	-3	61	180	2164
238_SA_3	-4	48	60	2168
162_SA_2	-3	62	1	2172
239_SA_3	-4	49	180	2172
52_PR_1	-2	52	30	2184
240_PR_3	-4	50	60	2184
53_NU_1	-2	53	90	2190
311_PR_4	-5	41	60	2194
241_SA_3	-4	51	20	2194
55_LC_1	1	54	60	1099
54_LC_1	-2	55	60	2198
312_PR_4	-5	42	50	2198
56_LC_1	-2	56	150	2220
313_PR_4	-5	43	50	2226
163_PR_2	-3	63	120	2226
164_NU_2	-3	64	90	2226
314_SA_4	-5	44	20	2228
380_LC_5	-6	40	234	2236
59_SA_1	-2	57	60	2238
57_SA_1	-2	58	60	2238
58_SA_1	-2	59	60	2238
165_SA_2	-3	65	120	2256
60_LC_1	-2	60	90	2256
167_SA_2	-3	66	60	2260
64_SA_1	-2	61	10	2260
62_SA_1	-2	62	150	2260
61_SA_1	-2	63	30	2260
166_SA_2	-3	67	40	2260
65_SA_1	-2	64	30	2260
63_SA_1	-2	65	75	2260
381_SA_5	-6	41	60	2260
242_LC_3	-4	52	40	2262
315_SA_4	-5	45	180	2266
316_NU_4	-5	46	60	2276
66_PR_1	-2	66	75	2292
168_SA_2	-3	68	60	2298
67_SA_1	-2	67	60	2312
317_LC_4	-5	47	45	2312
243_SA_3	-4	53	120	2320
318_SA_4	-5	48	240	2320
68_SA_1	-2	68	120	2322
69_VI_1	-2	69	60	2332
382_PR_5	-6	42	30	2332
319_PR_4	-5	49	90	2340
71_PR_1	-2	70	520	2356
70_SA_1	-2	71	180	2356
170_SA_2	-3	69	120	2356
244_SA_3	-4	54	80	2356
169_LC_2	-3	70	135	2356
171_PR_2	-3	71	65	2372
172_NU_2	-3	72	60	2374
321_SA_4	-5	50	240	2376
383_SA_5	-6	43	240	2376
73_PR_1	-2	72	120	2376
72_SA_1	-2	73	195	2376
320_SA_4	-5	51	120	2376
322_SA_4	-5	52	90	2376
245_SA_3	-4	55	160	2386
384_SA_5	-6	44	240	2386
323_SA_4	-5	53	120	2386
246_LC_3	-4	56	100	2386
247_SA_3	-4	57	90	2388
74_SA_1	-2	74	60	2390
75_SA_1	1	75	75	1196
174_SA_2	-3	73	360	2392
173_SA_2	-3	74	55	2392
175_SA_2	-3	75	90	2392
385_SA_5	-6	45	60	2392
248_SA_3	-4	58	60	2396
176_SA_2	-3	76	90	2398
177_PR_2	-3	77	50	2404
249_SA_3	-4	59	75	2408
76_SA_1	1	76	100	1206
250_SA_3	-4	60	60	2420
77_SA_1	1	77	120	1210
178_NU_2	-3	78	20	2426
324_SA_4	-5	54	130	2428
325_PR_4	-5	55	180	2430
386_SA_5	-6	46	90	2440
179_PR_2	-3	79	100	2466
251_PR_3	-4	61	60	2480
180_LC_2	-3	80	60	2482
326_SA_4	-5	56	1	2484
78_SA_1	1	78	60	1242
79_SA_1	1	79	100	1242
181_LC_2	-3	81	120	2484
252_SA_3	-4	62	55	2484
387_SA_5	-6	47	90	2484
80_SA_1	1	80	90	1245
81_SA_1	1	81	60	1245
388_SA_5	-6	48	60	2496
389_SA_5	-6	49	90	2496
253_SA_3	-4	63	60	2496
82_VI_1	1	82	30	1248
390_LC_5	-6	50	180	2522
255_PR_3	-4	64	150	2542
254_PR_3	-4	65	60	2542
256_PR_3	-4	66	90	2546
257_SA_3	-4	67	5	2564
258_SA_3	-4	68	120	2564
83_SA_1	1	83	240	1282
327_SA_4	-5	57	120	2564
84_LC_1	1	84	15	1286
85_PR_1	1	85	70	1290
86_PR_1	1	86	90	1295
259_SA_3	-4	69	110	2592
260_SA_3	-4	70	120	2604
261_SA_3	-4	71	90	2606
87_SA_1	1	87	60	1304
262_SA_3	-4	72	120	2608
88_LC_1	1	88	120	1311
328_LC_4	-5	58	120	2630
329_LC_4	-5	59	90	2630
182_LC_2	-3	82	60	2636
183_NU_2	-3	83	20	2638
263_SA_3	-4	73	60	2660
184_SA_2	-3	84	15	2660
185_SA_2	-3	85	35	2684
331_SA_4	-5	60	160	2684
330_SA_4	-5	61	120	2684
264_SA_3	-4	74	65	2694
186_PR_2	-3	86	120	2694
187_SA_2	-3	87	210	2728
89_PR_1	1	89	70	1367
90_SA_1	1	90	90	1370
391_LC_5	-6	51	75	2740
393_PR_5	-6	52	150	2744
91_PR_1	1	91	120	1372
392_PR_5	-6	53	35	2744
188_VI_2	-3	88	100	2748
332_PR_4	-5	62	120	2796
265_PR_3	-4	75	100	2796
92_SA_1	1	92	60	1402
333_VI_4	-5	63	90	2816
394_PR_5	-6	54	75	2840
93_SA_1	1	93	90	1421
94_NU_1	1	94	160	1430
95_SA_1	1	95	140	1461
334_SA_4	-5	64	30	2950
96_VI_1	1	96	50	1477
98_PR_1	1	97	10	1480
97_PR_1	1	98	20	1480
335_SA_4	-5	65	30	2970
266_SA_3	-4	76	80	2976
99_SA_1	1	99	75	1502
267_NU_3	-4	77	50	3016
336_VI_4	-5	66	240	3026
337_PR_4	-5	67	1	3066
395_SA_5	-6	55	90	3072
338_SA_4	-5	68	60	3072
396_SA_5	-6	56	60	3078
397_SA_5	-6	57	10	3078
268_SA_3	-4	78	90	3092
398_NU_5	-6	58	150	3120
340_SA_4	-5	69	60	3120
339_SA_4	-5	70	140	3120
189_PR_2	-3	89	80	3120
399_SA_5	-6	59	60	3210
190_SA_2	-3	90	30	3210
100_PR_1	1	100	60	1614
269_SA_3	-4	79	40	3244
400_PR_5	-6	60	45	3352
270_PR_3	-4	80	75	3694
