Iter 77
MasterProb = 46490.5

s [*] :=
1  57
2  56
3  61
4  70
5  29
;

SubProb = -6615.66
d = 7

distanceCost*(sum{l in 1 .. Lcap - 1} t[l]) = 4785

Iter 78
MasterProb = 46057.8

s [*] :=
1  23
2  70
3  35
4   1
5  33
;

SubProb = -3046.85
d = 12

distanceCost*(sum{l in 1 .. Lcap - 1} t[l]) = 3410

Iter 79
MasterProb = 45570.8

s [*] :=
1  36
2   4
3   6
4  31
5  25
;

SubProb = -3684.15
d = 1

distanceCost*(sum{l in 1 .. Lcap - 1} t[l]) = 3630

Iter 80
MasterProb = 45075.9

s [*] :=
1  13
2   9
3  21
4  71
5  36
;

SubProb = -2140.5
d = 0

distanceCost*(sum{l in 1 .. Lcap - 1} t[l]) = 3795

Iter 81
MasterProb = 45071.9

s [*] :=
1   3
2   2
3  61
4   4
5  62
;

SubProb = -1390.14
d = 0

distanceCost*(sum{l in 1 .. Lcap - 1} t[l]) = 4070

Iter 82
MasterProb = 44992.7

s [*] :=
1   9
2  57
3  30
4  62
5   8
;

SubProb = -1573.18
d = 0

distanceCost*(sum{l in 1 .. Lcap - 1} t[l]) = 3520

Iter 83
MasterProb = 44512.9

s [*] :=
1  72
2  28
3  22
4  24
5  33
;

SubProb = -1794.46
d = 0

distanceCost*(sum{l in 1 .. Lcap - 1} t[l]) = 3135

Iter 84
MasterProb = 44251.2

s [*] :=
1  31
2  53
3  61
4  58
5  72
;

SubProb = -1343.62
d = 0

distanceCost*(sum{l in 1 .. Lcap - 1} t[l]) = 3355

Iter 85
MasterProb = 43752.1

s [*] :=
1  62
2  24
3  51
4  73
5  77
;

SubProb = -614.804
d = 0

distanceCost*(sum{l in 1 .. Lcap - 1} t[l]) = 3685

Iter 86
MasterProb = 43752.1

s [*] :=
1  23
2  51
3   6
4  77
5  78
;

SubProb = -782.899
d = 0

distanceCost*(sum{l in 1 .. Lcap - 1} t[l]) = 1430

Iter 87
MasterProb = 43642.8

s [*] :=
1  27
2  36
3  69
4  45
5  34
;

SubProb = 130.703
d = 0

distanceCost*(sum{l in 1 .. Lcap - 1} t[l]) = 3850

Problema Entero
MasterProb = 45238

fo1 = 28875
fo2 = 16363

x[j] [*] :=
  4  1
 40  1
 45  1
 56  1
 70  1
 71  1
 73  1
 80  1
 88  1
 94  1
102  1
111  1
121  1
128  1
130  1
131  1
137  1
139  1
148  1
150  1
;

aa[i,j] [*,*]
:    4  40  45  56  70  71  73  80  88  94 102 111 121 128 130 131 137 139 148 :=
1    0   0   0   0   0   0   0   0   0   0   0   0   0   0   0   0   1   0   0
2    0   0   0   0   0   0   0   0   0   0   0   0   0   0   0   0   0   0   0
3    0   0   0   0   0   0   0   0   0   1   0   0   0   0   0   0   0   0   0
4    1   0   0   0   0   0   0   0   0   0   0   0   0   0   0   0   0   0   0
5    0   0   0   0   0   0   0   0   0   0   0   0   0   0   0   0   0   0   0
6    0   0   0   0   0   0   0   1   0   0   0   0   0   0   0   0   0   0   0
7    0   0   0   0   0   0   0   0   0   0   1   0   0   0   0   0   0   0   0
8    0   0   0   0   0   0   0   0   0   0   0   0   0   0   0   0   0   0   1
9    0   0   0   0   0   0   0   0   0   0   0   0   0   0   0   0   0   0   1
10   0   0   0   0   0   0   0   0   0   0   0   0   0   0   0   0   0   0   0
11   0   0   0   0   0   0   0   0   0   0   0   0   0   0   0   0   0   0   0
12   0   0   0   0   0   0   0   0   0   0   0   0   0   0   0   0   0   0   0
13   0   0   0   0   0   0   0   0   0   0   0   0   0   0   0   0   0   0   0
14   0   0   0   0   0   0   0   1   0   0   0   0   0   0   0   0   0   0   0
15   0   0   0   0   0   0   0   0   0   0   0   0   0   0   0   1   0   0   0
16   0   0   0   0   0   0   0   0   0   0   1   0   0   0   0   0   0   0   0
17   0   0   0   0   0   0   0   0   0   0   0   0   1   0   0   0   0   0   0
18   0   0   0   0   0   0   0   0   1   0   0   0   0   0   0   0   0   0   0
19   0   0   0   0   0   0   0   0   0   1   0   0   0   0   0   0   0   0   0
20   0   0   0   0   0   0   0   1   0   0   0   0   0   0   0   0   0   0   0
21   0   0   0   0   0   0   0   0   0   0   1   0   0   0   0   0   0   0   0
22   0   0   0   0   0   0   0   0   0   0   0   1   0   0   0   0   0   0   0
23   0   0   0   0   0   0   0   0   0   0   0   0   0   0   1   0   0   0   0
24   0   0   0   0   0   0   0   0   0   0   0   0   0   0   0   0   0   1   0
25   0   0   0   0   0   0   0   0   0   0   0   0   0   0   0   0   0   0   0
26   0   0   0   0   0   0   0   0   0   0   0   0   1   0   0   0   0   0   0
27   0   0   0   0   0   0   0   0   1   0   0   0   0   0   0   0   0   0   0
28   0   0   0   0   0   0   0   0   0   1   0   0   0   0   0   0   0   0   0
29   0   0   0   0   0   0   0   0   0   0   0   0   0   0   0   0   1   0   0
30   0   0   0   0   0   0   0   0   0   0   0   0   0   0   0   0   0   0   1
31   0   0   0   0   0   0   0   0   0   0   0   0   0   0   0   0   0   0   0
32   0   0   0   0   0   0   0   0   0   0   0   0   0   0   0   1   0   0   0
33   0   0   0   0   0   0   0   0   0   0   0   0   0   0   0   0   0   0   0
34   0   0   0   0   0   0   0   0   0   0   0   0   0   1   0   0   0   0   0
35   0   0   0   0   0   0   0   1   0   0   0   0   0   0   0   0   0   0   0
36   0   0   0   0   0   0   0   0   0   1   0   0   0   0   0   0   0   0   0
37   0   0   0   0   0   0   0   0   0   0   0   0   0   1   0   0   0   0   0
38   0   0   0   0   0   0   0   0   0   0   0   0   0   0   0   0   0   1   0
39   0   0   0   0   0   0   0   0   0   0   0   0   0   0   1   0   0   0   0
40   0   1   0   0   0   0   0   0   0   0   0   0   0   0   0   0   0   0   0
41   0   0   0   0   0   0   0   0   0   0   0   0   0   0   0   0   1   0   0
42   0   0   0   0   0   0   0   0   1   0   0   0   0   0   0   0   0   0   0
43   0   0   0   0   0   0   0   0   0   0   0   0   1   0   0   0   0   0   0
44   0   0   0   0   0   0   0   0   0   0   0   0   0   0   0   0   0   0   0
45   0   0   1   0   0   0   0   0   0   0   0   0   0   0   0   0   0   0   0
46   0   0   0   0   0   0   0   0   0   0   1   0   0   0   0   0   0   0   0
47   0   0   0   0   0   0   0   0   0   0   1   0   0   0   0   0   0   0   0
48   0   0   0   0   0   0   0   0   0   0   0   0   0   0   0   0   0   0   0
49   0   0   0   0   0   0   0   0   0   0   0   0   0   0   0   0   1   0   0
50   0   0   0   0   0   0   0   0   0   1   0   0   0   0   0   0   0   0   0
51   0   0   0   0   0   0   0   1   0   0   0   0   0   0   0   0   0   0   0
52   0   0   0   0   0   0   0   0   1   0   0   0   0   0   0   0   0   0   0
53   0   0   0   0   0   0   0   0   0   0   0   0   0   0   0   0   0   0   0
54   0   0   0   0   0   0   0   0   1   0   0   0   0   0   0   0   0   0   0
55   0   0   0   0   0   0   0   0   0   0   0   0   0   0   0   0   0   0   0
56   0   0   0   1   0   0   0   0   0   0   0   0   0   0   0   0   0   0   0
57   0   0   0   0   0   0   0   0   0   0   0   0   0   0   0   0   0   0   1
58   0   0   0   0   0   0   0   0   0   0   0   0   0   0   0   0   0   0   0
59   0   0   0   0   0   0   0   0   0   0   0   0   0   0   0   0   1   0   0
60   0   0   0   0   0   0   0   0   0   0   0   1   0   0   0   0   0   0   0
61   0   0   0   0   0   0   0   0   0   0   0   0   0   0   0   0   0   0   0
62   0   0   0   0   0   0   0   0   0   0   0   0   0   0   0   0   0   0   1
63   0   0   0   0   0   0   0   0   0   0   0   0   0   0   0   0   0   0   0
64   0   0   0   0   0   0   0   0   0   0   0   0   0   0   0   0   0   0   0
65   0   0   0   0   0   0   0   0   0   0   0   0   0   0   0   0   0   0   0
66   0   0   0   0   0   0   0   0   0   0   0   0   0   0   0   0   0   0   0
67   0   0   0   0   0   0   0   0   0   0   0   0   0   0   0   0   0   0   0
68   0   0   0   0   0   0   0   0   0   0   0   0   0   0   0   0   0   0   0
69   0   0   0   0   0   0   0   0   0   0   0   0   0   0   0   0   0   0   0
70   0   0   0   0   1   0   0   0   0   0   0   0   0   0   0   0   0   0   0
71   0   0   0   0   0   1   0   0   0   0   0   0   0   0   0   0   0   0   0
72   0   0   0   0   0   0   0   0   0   0   0   0   0   0   0   0   0   0   0
73   0   0   0   0   0   0   1   0   0   0   0   0   0   0   0   0   0   0   0
74   0   0   0   0   0   0   0   0   0   0   0   0   0   0   0   0   0   0   0
75   0   0   0   0   0   0   0   0   0   0   0   0   0   0   0   0   0   0   0
76   0   0   0   0   0   0   0   0   0   0   0   0   0   0   0   0   0   0   0

:  150    :=
1    0
2    0
3    0
4    0
5    0
6    0
7    0
8    0
9    0
10   0
11   0
12   0
13   0
14   0
15   0
16   0
17   0
18   0
19   0
20   0
21   0
22   0
23   0
24   0
25   0
26   0
27   0
28   0
29   0
30   0
31   1
32   0
33   0
34   0
35   0
36   0
37   0
38   0
39   0
40   0
41   0
42   0
43   0
44   0
45   0
46   0
47   0
48   0
49   0
50   0
51   0
52   0
53   1
54   0
55   0
56   0
57   0
58   1
59   0
60   0
61   1
62   0
63   0
64   0
65   0
66   0
67   0
68   0
69   0
70   0
71   0
72   1
73   0
74   0
75   0
76   0
;

vi[i] [*] :=
 2  1
 5  1
10  1
11  1
12  1
13  1
25  1
33  1
44  1
48  1
55  1
63  1
64  1
65  1
66  1
67  1
68  1
69  1
74  1
75  1
76  1
;

:   x[i]   c[i] travel[i] delay[i]    :=
4     1       0       0       0
40    1       0       0       0
45    1       0       0       0
56    1       0       0       0
70    1       0       0       0
71    1       0       0       0
73    1       0       0       0
80    1    3135    3135       0
88    1    3190    3190       0
94    1    3465    3465       0
102   1    3520    3520       0
111   1     660     660       0
121   1    1760    1760       0
128   1     660     660       0
130   1     825     825       0
131   1     605     605       0
137   1    3520    3520       0
139   1     660     660       0
148   1    3520    3520       0
150   1    3355    3355       0
;

