#cliente	day	place	penalty	service
191_PR_3	3	2	1733	60
101_PR_2	2	2	1754	60
1_PR_1	1	2	369	90
341_SA_5	5	1	2641	70
102_SA_2	2	1	4042	120
2_SA_1	1	1	70836	90
103_SA_2	2	1	29807	120
104_LC_2	2	3	465	120
271_PR_4	4	2	28836	60
105_LC_2	2	3	84931	200
342_PR_5	5	2	854	60
192_PR_3	3	2	2944	130
193_LC_3	3	3	1028	70
272_LC_4	4	3	70893	130
273_LC_4	4	3	2653	90
343_LC_5	5	3	24785	45
274_SA_4	4	1	39771	60
3_SA_1	1	1	66536	75
106_NU_2	2	5	51150	75
107_PR_2	2	2	91378	30
344_LC_5	5	3	68718	120
108_LC_2	2	3	48126	10
345_SA_5	5	1	234	150
194_PR_3	3	2	47834	20
4_LC_1	1	3	2656	120
195_SA_3	3	1	4910	150
5_SA_1	1	1	70048	90
197_SA_3	3	1	44449	120
346_LC_5	5	3	71350	70
199_SA_3	3	1	29055	80
196_PR_3	3	2	79085	45
198_SA_3	3	1	42351	60
6_SA_1	1	1	5718	30
200_SA_3	3	1	5519	60
201_LC_3	3	3	4886	270
347_SA_5	5	1	54881	20
7_SA_1	1	1	58319	290
202_SA_3	3	1	51986	180
8_SA_1	1	1	37531	60
110_SA_2	2	1	40796	120
111_SA_2	2	1	82405	120
112_SA_2	2	1	34710	60
109_SA_2	2	1	36515	110
114_SA_2	2	1	70466	60
113_SA_2	2	1	52857	60
203_SA_3	3	1	51203	45
115_PR_2	2	2	76482	90
348_SA_5	5	1	2995	60
349_SA_5	5	1	3549	15
9_SA_1	1	1	594	360
10_SA_1	1	1	790	60
13_SA_1	1	1	736	60
14_SA_1	1	1	780	90
350_SA_5	5	1	473	180
12_SA_1	1	1	819	75
204_SA_3	3	1	521	80
205_SA_3	3	1	616	60
352_PR_5	5	2	645	70
11_SA_1	1	1	568	120
275_SA_4	4	1	958	90
276_SA_4	4	1	464	60
277_SA_4	4	1	528	120
120_SA_2	2	1	978	55
279_SA_4	4	1	521	300
280_NU_4	4	5	887	60
119_SA_2	2	1	858	60
124_SA_2	2	1	728	30
121_LC_2	2	3	709	45
122_SA_2	2	1	738	50
351_SA_5	5	1	636	60
118_SA_2	2	1	595	120
278_PR_4	4	2	819	150
116_SA_2	2	1	937	60
117_SA_2	2	1	723	140
123_SA_2	2	1	1210	50
15_SA_1	1	1	33983	240
125_SA_2	2	1	68943	60
281_PR_4	4	2	46996	70
282_LC_4	4	3	44025	90
127_PR_2	2	2	121465	80
206_PR_3	3	2	78621	35
126_PR_2	2	2	82304	180
353_SA_5	5	1	168	5
354_PR_5	5	2	93218	30
16_SA_1	1	1	590	110
207_SA_3	3	1	291	50
128_SA_2	2	1	234	120
17_NU_1	1	5	1161	180
129_NU_2	2	5	461	120
283_SA_4	4	1	1638	180
355_LC_5	5	3	1482	150
130_SA_2	2	1	1554	90
356_SA_5	5	1	289	150
131_PR_2	2	2	74958	215
18_SA_1	1	1	1533	90
208_SA_3	3	1	1199	90
209_SA_3	3	1	1218	45
132_SA_2	2	1	1476	20
19_SA_1	1	1	83469	180
210_SA_3	3	1	71559	180
284_SA_4	4	1	35531	240
134_SA_2	2	1	53395	60
133_SA_2	2	1	44641	90
357_SA_5	5	1	48391	60
285_SA_4	4	1	40558	60
135_SA_2	2	1	35111	60
20_SA_1	1	1	69525	60
136_LC_2	2	3	254	30
286_PR_4	4	2	65846	60
360_LC_5	5	3	37918	10
358_PR_5	5	2	39897	70
137_PR_2	2	2	58008	150
359_LC_5	5	3	41326	10
361_SA_5	5	1	22460	10
21_NU_1	1	5	18949	90
211_NU_3	3	5	20892	40
362_PR_5	5	2	27525	240
22_PR_1	1	2	58767	60
213_LC_3	3	3	45138	90
139_PR_2	2	2	63709	60
140_SA_2	2	1	40880	50
288_SA_4	4	1	65040	60
287_PR_4	4	2	59917	90
212_SA_3	3	1	36179	40
138_VI_2	2	4	59373	90
363_VI_5	5	4	2886	10
214_VI_3	3	4	1301	25
215_PR_3	3	2	45754	45
23_SA_1	1	1	29030	90
24_PR_1	1	2	6835	100
289_LC_4	4	3	52680	110
25_PR_1	1	2	4224	90
141_NU_2	2	5	163	150
26_NU_1	1	5	396	420
27_LC_1	1	3	3936	180
216_SA_3	3	1	10996	80
28_SA_1	1	1	372	30
29_SA_1	1	1	36847	60
364_PR_5	5	2	1939	1
217_SA_3	3	1	1253	150
365_SA_5	5	1	1094	120
290_SA_4	4	1	1043	60
291_SA_4	4	1	4052	150
292_PR_4	4	2	1798	50
293_PR_4	4	2	1798	165
294_SA_4	4	1	31599	90
142_LC_2	2	3	4794	50
218_SA_3	3	1	3565	120
219_SA_3	3	1	4284	90
143_SA_2	2	1	2776	180
144_SA_2	2	1	321	90
145_LC_2	2	3	75	60
146_SA_2	2	1	212	165
147_LC_2	2	3	171	30
220_PR_3	3	2	50	60
30_PR_1	1	2	7608	60
295_LC_4	4	3	130	60
366_SA_5	5	1	11308	20
32_SA_1	1	1	23637	90
31_SA_1	1	1	13823	90
367_PR_5	5	2	44815	15
33_LC_1	1	3	4474	150
221_PR_3	3	2	63309	35
296_SA_4	4	1	49531	90
222_PR_3	3	2	23662	60
223_PR_3	3	2	59382	40
224_PR_3	3	2	1366	50
34_LC_1	1	3	70002	80
148_SA_2	2	1	8774	90
368_PR_5	5	2	25142	5
369_SA_5	5	1	34593	120
370_SA_5	5	1	78151	140
225_SA_3	3	1	307	80
35_SA_1	1	1	450	105
297_SA_4	4	1	2352	100
36_LC_1	1	3	38601	60
298_PR_4	4	2	246	120
150_SA_2	2	1	2209	120
149_SA_2	2	1	2050	235
151_SA_2	2	1	63569	120
38_PR_1	1	2	51206	80
371_PR_5	5	2	39803	30
37_PR_1	1	2	53480	60
39_LC_1	1	3	3922	90
226_PR_3	3	2	44129	65
372_LC_5	5	3	47083	60
227_LC_3	3	3	3081	120
40_SA_1	1	1	3769	60
228_SA_3	3	1	32140	100
152_LC_2	2	3	1815	1
41_LC_1	1	3	1728	120
42_PR_1	1	2	3275	60
299_LC_4	4	3	311	60
43_SA_1	1	1	4728	207
300_SA_4	4	1	52976	105
301_SA_4	4	1	347	75
44_PR_1	1	2	400	25
153_PR_2	2	2	66179	230
302_SA_4	4	1	55413	90
373_SA_5	5	1	2227	60
154_PR_2	2	2	24720	170
374_PR_5	5	2	65391	105
155_SA_2	2	1	52424	240
375_PR_5	5	2	54509	170
229_SA_3	3	1	398	60
156_PR_2	2	2	34797	80
45_VI_1	1	4	11557	75
46_SA_1	1	1	115	90
47_SA_1	1	1	94	90
230_PR_3	3	2	20935	30
303_LC_4	4	3	61602	60
376_PR_5	5	2	51647	75
304_VI_4	4	4	1661	120
231_SA_3	3	1	2102	80
49_SA_1	1	1	679	60
306_SA_4	4	1	1501	270
305_PR_4	4	2	689	25
377_PR_5	5	2	1577	30
157_SA_2	2	1	752	150
48_SA_1	1	1	977	60
232_PR_3	3	2	2068	120
307_SA_4	4	1	59755	120
233_SA_3	3	1	68993	40
378_PR_5	5	2	42444	30
234_LC_3	3	3	1897	60
235_LC_3	3	3	350	120
379_LC_5	5	3	61913	60
50_LC_1	1	3	52103	80
158_PR_2	2	2	1690	85
236_VI_3	3	4	149	90
308_PR_4	4	2	48341	30
237_PR_3	3	2	70578	70
159_SA_2	2	1	3122	55
51_SA_1	1	1	4767	90
160_PR_2	2	2	74407	60
309_PR_4	4	2	60900	60
310_PR_4	4	2	72178	120
161_LC_2	2	3	39340	180
238_SA_3	3	1	5383	60
162_SA_2	2	1	7810	1
239_SA_3	3	1	24012	180
52_PR_1	1	2	3767	30
240_PR_3	3	2	5691	60
53_NU_1	1	5	62206	90
311_PR_4	4	2	64530	60
241_SA_3	3	1	67530	20
55_LC_1	1	3	1129	60
54_LC_1	1	3	1312	60
312_PR_4	4	2	239499	50
56_LC_1	1	3	77	150
313_PR_4	4	2	1603	50
163_PR_2	2	2	896	120
164_NU_2	2	5	2396	90
314_SA_4	4	1	2415	20
380_LC_5	5	3	3541	234
59_SA_1	1	1	6700	60
57_SA_1	1	1	6029	60
58_SA_1	1	1	5343	60
165_SA_2	2	1	36746	120
60_LC_1	1	3	3495	90
167_SA_2	2	1	42097	60
64_SA_1	1	1	58215	10
62_SA_1	1	1	60605	150
61_SA_1	1	1	30586	30
166_SA_2	2	1	35017	40
65_SA_1	1	1	60886	30
63_SA_1	1	1	66191	75
381_SA_5	5	1	50796	60
242_LC_3	3	3	39414	40
315_SA_4	4	1	2931	180
316_NU_4	4	5	10183	60
66_PR_1	1	2	256	75
168_SA_2	2	1	742	60
67_SA_1	1	1	166	60
317_LC_4	4	3	67862	45
243_SA_3	3	1	1141	120
318_SA_4	4	1	1180	240
68_SA_1	1	1	366	120
69_VI_1	1	4	43822	60
382_PR_5	5	2	4162	30
319_PR_4	4	2	1825	90
71_PR_1	1	2	32567	520
70_SA_1	1	1	20814	180
170_SA_2	2	1	10333	120
244_SA_3	3	1	21928	80
169_LC_2	2	3	22939	135
171_PR_2	2	2	7302	65
172_NU_2	2	5	47298	60
321_SA_4	4	1	77233	240
383_SA_5	5	1	52841	240
73_PR_1	1	2	64082	120
72_SA_1	1	1	47678	195
320_SA_4	4	1	78982	120
322_SA_4	4	1	39627	90
245_SA_3	3	1	196	160
384_SA_5	5	1	296	240
323_SA_4	4	1	404	120
246_LC_3	3	3	2056	100
247_SA_3	3	1	14611	90
74_SA_1	1	1	90	60
75_SA_1	1	1	57797	75
174_SA_2	2	1	45358	360
173_SA_2	2	1	74311	55
175_SA_2	2	1	38941	90
385_SA_5	5	1	39089	60
248_SA_3	3	1	952	60
176_SA_2	2	1	1010	90
177_PR_2	2	2	137	50
249_SA_3	3	1	62307	75
76_SA_1	1	1	94	100
250_SA_3	3	1	45346	60
77_SA_1	1	1	38861	120
178_NU_2	2	5	98	20
324_SA_4	4	1	43980	130
325_PR_4	4	2	2815	180
386_SA_5	5	1	41111	90
179_PR_2	2	2	55763	100
251_PR_3	3	2	4785	60
180_LC_2	2	3	56203	60
326_SA_4	4	1	954	1
78_SA_1	1	1	1001	60
79_SA_1	1	1	1168	100
181_LC_2	2	3	903	120
252_SA_3	3	1	611	55
387_SA_5	5	1	28574	90
80_SA_1	1	1	83367	90
81_SA_1	1	1	13458	60
388_SA_5	5	1	1376	60
389_SA_5	5	1	31818	90
253_SA_3	3	1	47482	60
82_VI_1	1	4	7690	30
390_LC_5	5	3	3234	180
255_PR_3	3	2	59105	150
254_PR_3	3	2	30878	60
256_PR_3	3	2	798	90
257_SA_3	3	1	1865	5
258_SA_3	3	1	1428	120
83_SA_1	1	1	1616	240
327_SA_4	4	1	23743	120
84_LC_1	1	3	67030	15
85_PR_1	1	2	108	70
86_PR_1	1	2	63678	90
259_SA_3	3	1	87	110
260_SA_3	3	1	221	120
261_SA_3	3	1	7071	90
87_SA_1	1	1	1908	60
262_SA_3	3	1	1926	120
88_LC_1	1	3	45958	120
328_LC_4	4	3	47449	120
329_LC_4	4	3	36808	90
182_LC_2	2	3	47998	60
183_NU_2	2	5	577	20
263_SA_3	3	1	49059	60
184_SA_2	2	1	54650	15
185_SA_2	2	1	18530	35
331_SA_4	4	1	46307	160
330_SA_4	4	1	69971	120
264_SA_3	3	1	69664	65
186_PR_2	2	2	152	120
187_SA_2	2	1	43155	210
89_PR_1	1	2	28534	70
90_SA_1	1	1	93	90
391_LC_5	5	3	47059	75
393_PR_5	5	2	54632	150
91_PR_1	1	2	39687	120
392_PR_5	5	2	39134	35
188_VI_2	2	4	51	100
332_PR_4	4	2	1883	120
265_PR_3	3	2	72890	100
92_SA_1	1	1	44000	60
333_VI_4	4	4	49696	90
394_PR_5	5	2	19205	75
93_SA_1	1	1	2993	90
94_NU_1	1	5	66670	160
95_SA_1	1	1	525	140
334_SA_4	4	1	503	30
96_VI_1	1	4	37804	50
98_PR_1	1	2	59478	10
97_PR_1	1	2	61376	20
335_SA_4	4	1	15984	30
266_SA_3	3	1	6098	80
99_SA_1	1	1	73	75
267_NU_3	3	5	7531	50
336_VI_4	4	4	492	240
337_PR_4	4	2	4863	1
395_SA_5	5	1	158	90
338_SA_4	4	1	150	60
396_SA_5	5	1	21712	60
397_SA_5	5	1	47481	10
268_SA_3	3	1	1001	90
398_NU_5	5	5	7269	150
340_SA_4	4	1	8782	60
339_SA_4	4	1	6799	140
189_PR_2	2	2	6257	80
399_SA_5	5	1	45695	60
190_SA_2	2	1	50685	30
100_PR_1	1	2	3348	60
269_SA_3	3	1	184813	40
400_PR_5	5	2	19284	45
270_PR_3	3	2	10233	75
