#Nombre	DiaAten	ModelId		T.Servicio	Penalty
191_PR_3	-4	1	60	692
101_PR_2	-3	1	60	692
1_PR_1	-2	1	90	814
341_SA_5	-6	1	70	1060
102_SA_2	-3	2	120	1094
2_SA_1	-2	2	90	1158
103_SA_2	-3	3	120	1174
104_LC_2	-3	4	120	1234
271_PR_4	-5	1	60	1246
105_LC_2	-3	5	200	1264
342_PR_5	-6	2	60	1294
192_PR_3	-4	2	130	1310
193_LC_3	-4	3	70	1322
272_LC_4	-5	2	130	1350
273_LC_4	-5	3	90	1354
343_LC_5	-6	3	45	1366
274_SA_4	-5	4	60	1370
3_SA_1	-2	3	75	1370
106_NU_2	-3	6	75	1376
107_PR_2	-3	7	30	1378
344_LC_5	-6	4	120	1398
108_LC_2	-3	8	10	1398
345_SA_5	-6	5	150	1412
194_PR_3	-4	4	20	1418
4_LC_1	-2	4	120	1418
195_SA_3	-4	5	150	1420
5_SA_1	-2	5	90	1436
197_SA_3	-4	6	120	1436
346_LC_5	-6	6	70	1436
199_SA_3	-4	7	80	1436
196_PR_3	-4	8	45	1436
198_SA_3	-4	9	60	1436
6_SA_1	-2	6	30	1440
200_SA_3	-4	10	60	1440
201_LC_3	-4	11	270	1440
347_SA_5	-6	7	20	1466
7_SA_1	-2	7	290	1466
202_SA_3	-4	12	180	1466
8_SA_1	-2	8	60	1466
110_SA_2	-3	9	120	1466
111_SA_2	-3	10	120	1466
112_SA_2	-3	11	60	1466
109_SA_2	-3	12	110	1466
114_SA_2	-3	13	60	1466
113_SA_2	-3	14	60	1466
203_SA_3	-4	13	45	1466
115_PR_2	-3	15	90	1472
348_SA_5	-6	8	60	1486
349_SA_5	-6	9	15	1486
9_SA_1	-2	9	360	1494
10_SA_1	-2	10	60	1494
13_SA_1	-2	11	60	1494
14_SA_1	-2	12	90	1494
350_SA_5	-6	10	180	1494
12_SA_1	-2	13	75	1494
204_SA_3	-4	14	80	1494
205_SA_3	-4	15	60	1494
352_PR_5	-6	11	70	1494
11_SA_1	-2	14	120	1494
275_SA_4	-5	5	90	1494
276_SA_4	-5	6	60	1494
277_SA_4	-5	7	120	1494
120_SA_2	-3	16	55	1494
279_SA_4	-5	8	300	1494
280_NU_4	-5	9	60	1494
119_SA_2	-3	17	60	1494
124_SA_2	-3	18	30	1494
121_LC_2	-3	19	45	1494
122_SA_2	-3	20	50	1494
351_SA_5	-6	12	60	1494
118_SA_2	-3	21	120	1494
278_PR_4	-5	10	150	1494
116_SA_2	-3	22	60	1494
117_SA_2	-3	23	140	1494
123_SA_2	-3	24	50	1494
15_SA_1	-2	15	240	1504
125_SA_2	2	25	60	752
281_PR_4	-5	11	70	1504
282_LC_4	-5	12	90	1528
127_PR_2	-3	26	80	1536
206_PR_3	-4	16	35	1536
126_PR_2	-3	27	180	1536
353_SA_5	-6	13	5	1546
354_PR_5	-6	14	30	1558
16_SA_1	-2	16	110	1564
207_SA_3	-4	17	50	1564
128_SA_2	-3	28	120	1564
17_NU_1	-2	17	180	1566
129_NU_2	-3	29	120	1566
283_SA_4	-5	13	180	1570
355_LC_5	-6	15	150	1580
130_SA_2	-3	30	90	1580
356_SA_5	-6	16	150	1588
131_PR_2	-3	31	215	1596
18_SA_1	-2	18	90	1600
208_SA_3	-4	18	90	1600
209_SA_3	-4	19	45	1600
132_SA_2	-3	32	20	1600
19_SA_1	-2	19	180	1602
210_SA_3	-4	20	180	1602
284_SA_4	-5	14	240	1602
134_SA_2	-3	33	60	1604
133_SA_2	-3	34	90	1604
357_SA_5	-6	17	60	1604
285_SA_4	-5	15	60	1618
135_SA_2	-3	35	60	1620
20_SA_1	-2	20	60	1620
136_LC_2	-3	36	30	1620
286_PR_4	-5	16	60	1620
360_LC_5	-6	18	10	1620
358_PR_5	-6	19	70	1620
137_PR_2	-3	37	150	1620
359_LC_5	-6	20	10	1620
361_SA_5	-6	21	10	1620
21_NU_1	-2	21	90	1626
211_NU_3	-4	21	40	1626
362_PR_5	-6	22	240	1626
22_PR_1	-2	22	60	1632
213_LC_3	-4	22	90	1632
139_PR_2	-3	38	60	1632
140_SA_2	-3	39	50	1632
288_SA_4	-5	17	60	1632
287_PR_4	-5	18	90	1632
212_SA_3	-4	23	40	1632
138_VI_2	-3	40	90	1632
363_VI_5	-6	23	10	1638
214_VI_3	-4	24	25	1638
215_PR_3	-4	25	45	1654
23_SA_1	-2	23	90	1664
24_PR_1	-2	24	100	1668
289_LC_4	-5	19	110	1682
25_PR_1	-2	25	90	1688
141_NU_2	-3	41	150	1704
26_NU_1	-2	26	420	1704
27_LC_1	-2	27	180	1712
216_SA_3	-4	26	80	1712
28_SA_1	-2	28	30	1718
29_SA_1	-2	29	60	1720
364_PR_5	-6	24	1	1730
217_SA_3	-4	27	150	1736
365_SA_5	-6	25	120	1736
290_SA_4	-5	20	60	1736
291_SA_4	-5	21	150	1756
292_PR_4	-5	22	50	1760
293_PR_4	-5	23	165	1760
294_SA_4	-5	24	90	1766
142_LC_2	-3	42	50	1768
218_SA_3	-4	28	120	1770
219_SA_3	-4	29	90	1770
143_SA_2	-3	43	180	1770
144_SA_2	-3	44	90	1782
145_LC_2	-3	45	60	1782
146_SA_2	-3	46	165	1782
147_LC_2	-3	47	30	1782
220_PR_3	-4	30	60	1782
30_PR_1	-2	30	60	1784
295_LC_4	-5	25	60	1784
366_SA_5	-6	26	20	1794
32_SA_1	-2	31	90	1798
31_SA_1	-2	32	90	1798
367_PR_5	-6	27	15	1810
33_LC_1	-2	33	150	1814
221_PR_3	-4	31	35	1820
296_SA_4	-5	26	90	1852
222_PR_3	-4	32	60	1862
223_PR_3	-4	33	40	1864
224_PR_3	-4	34	50	1872
34_LC_1	-2	34	80	1874
148_SA_2	-3	48	90	1876
368_PR_5	-6	28	5	1878
369_SA_5	-6	29	120	1884
370_SA_5	-6	30	140	1884
225_SA_3	-4	35	80	1888
35_SA_1	-2	35	105	1888
297_SA_4	-5	27	100	1904
36_LC_1	-2	36	60	1914
298_PR_4	-5	28	120	1914
150_SA_2	-3	49	120	1920
149_SA_2	-3	50	235	1920
151_SA_2	-3	51	120	1928
38_PR_1	-2	37	80	1946
371_PR_5	-6	31	30	1946
37_PR_1	-2	38	60	1946
39_LC_1	-2	39	90	1950
226_PR_3	-4	36	65	1958
372_LC_5	-6	32	60	1960
227_LC_3	-4	37	120	1960
40_SA_1	-2	40	60	1966
228_SA_3	-4	38	100	1970
152_LC_2	-3	52	1	1972
41_LC_1	-2	41	120	1978
42_PR_1	-2	42	60	1978
299_LC_4	-5	29	60	1990
43_SA_1	-2	43	207	1992
300_SA_4	-5	30	105	2004
301_SA_4	-5	31	75	2036
44_PR_1	-2	44	25	2040
153_PR_2	-3	53	230	2048
302_SA_4	-5	32	90	2050
373_SA_5	-6	33	60	2052
154_PR_2	2	54	170	1039
374_PR_5	-6	34	105	2078
155_SA_2	-3	55	240	2082
375_PR_5	-6	35	170	2084
229_SA_3	-4	39	60	2096
156_PR_2	-3	56	80	2100
45_VI_1	-2	45	75	2104
46_SA_1	-2	46	90	2106
47_SA_1	-2	47	90	2106
230_PR_3	-4	40	30	2120
303_LC_4	-5	33	60	2122
376_PR_5	-6	36	75	2124
304_VI_4	-5	34	120	2134
231_SA_3	-4	41	80	2134
49_SA_1	-2	48	60	2134
306_SA_4	-5	35	270	2134
305_PR_4	-5	36	25	2134
377_PR_5	-6	37	30	2134
157_SA_2	-3	57	150	2134
48_SA_1	-2	49	60	2134
232_PR_3	-4	42	120	2134
307_SA_4	-5	37	120	2144
233_SA_3	-4	43	40	2152
378_PR_5	-6	38	30	2156
234_LC_3	-4	44	60	2160
235_LC_3	-4	45	120	2162
379_LC_5	-6	39	60	2192
50_LC_1	-2	50	80	2206
158_PR_2	-3	58	85	2210
236_VI_3	-4	46	90	2210
308_PR_4	-5	38	30	2212
237_PR_3	-4	47	70	2212
159_SA_2	-3	59	55	2214
51_SA_1	-2	51	90	2214
160_PR_2	-3	60	60	2216
309_PR_4	-5	39	60	2220
310_PR_4	-5	40	120	2220
161_LC_2	-3	61	180	2226
238_SA_3	-4	48	60	2236
162_SA_2	-3	62	1	2240
239_SA_3	-4	49	180	2250
52_PR_1	-2	52	30	2258
240_PR_3	-4	50	60	2258
53_NU_1	-2	53	90	2260
311_PR_4	-5	41	60	2266
241_SA_3	-4	51	20	2288
55_LC_1	-2	54	60	2296
54_LC_1	-2	55	60	2296
312_PR_4	-5	42	50	2304
56_LC_1	-2	56	150	2306
313_PR_4	-5	43	50	2314
163_PR_2	-3	63	120	2314
164_NU_2	-3	64	90	2316
314_SA_4	-5	44	20	2340
380_LC_5	-6	40	234	2344
59_SA_1	-2	57	60	2348
57_SA_1	-2	58	60	2348
58_SA_1	-2	59	60	2348
165_SA_2	-3	65	120	2356
60_LC_1	-2	60	90	2356
167_SA_2	-3	66	60	2358
64_SA_1	-2	61	10	2358
62_SA_1	-2	62	150	2358
61_SA_1	-2	63	30	2358
166_SA_2	-3	67	40	2358
65_SA_1	-2	64	30	2358
63_SA_1	-2	65	75	2358
381_SA_5	-6	41	60	2358
242_LC_3	-4	52	40	2362
315_SA_4	-5	45	180	2368
316_NU_4	-5	46	60	2382
66_PR_1	-2	66	75	2382
168_SA_2	-3	68	60	2408
67_SA_1	-2	67	60	2426
317_LC_4	-5	47	45	2428
243_SA_3	-4	53	120	2438
318_SA_4	-5	48	240	2438
68_SA_1	-2	68	120	2442
69_VI_1	-2	69	60	2462
382_PR_5	-6	42	30	2496
319_PR_4	-5	49	90	2500
71_PR_1	-2	70	520	2528
70_SA_1	-2	71	180	2528
170_SA_2	-3	69	120	2528
244_SA_3	-4	54	80	2528
169_LC_2	-3	70	135	2528
171_PR_2	-3	71	65	2532
172_NU_2	-3	72	60	2538
321_SA_4	-5	50	240	2576
383_SA_5	-6	43	240	2576
73_PR_1	-2	72	120	2576
72_SA_1	-2	73	195	2576
320_SA_4	-5	51	120	2576
322_SA_4	-5	52	90	2576
245_SA_3	-4	55	160	2580
384_SA_5	-6	44	240	2580
323_SA_4	-5	53	120	2580
246_LC_3	-4	56	100	2614
247_SA_3	-4	57	90	2646
74_SA_1	-2	74	60	2654
75_SA_1	-2	75	75	2660
174_SA_2	-3	73	360	2660
173_SA_2	-3	74	55	2660
175_SA_2	-3	75	90	2660
385_SA_5	-6	45	60	2660
248_SA_3	-4	58	60	2676
176_SA_2	-3	76	90	2682
177_PR_2	-3	77	50	2692
249_SA_3	-4	59	75	2700
76_SA_1	1	76	100	1351
250_SA_3	-4	60	60	2732
77_SA_1	1	77	120	1366
178_NU_2	-3	78	20	2734
324_SA_4	-5	54	130	2762
325_PR_4	-5	55	180	2784
386_SA_5	-6	46	90	2798
179_PR_2	-3	79	100	2800
251_PR_3	-4	61	60	2804
180_LC_2	-3	80	60	2806
326_SA_4	-5	56	1	2822
78_SA_1	1	78	60	1411
79_SA_1	1	79	100	1411
181_LC_2	-3	81	120	2822
252_SA_3	-4	62	55	2822
387_SA_5	-6	47	90	2822
80_SA_1	1	80	90	1420
81_SA_1	1	81	60	1427
388_SA_5	-6	48	60	2858
389_SA_5	-6	49	90	2896
253_SA_3	-4	63	60	2896
82_VI_1	1	82	30	1455
390_LC_5	-6	50	180	2932
255_PR_3	-4	64	150	2972
254_PR_3	-4	65	60	2972
256_PR_3	-4	66	90	2986
257_SA_3	-4	67	5	2998
258_SA_3	-4	68	120	3018
83_SA_1	1	83	240	1509
327_SA_4	-5	57	120	3032
84_LC_1	1	84	15	1521
85_PR_1	1	85	70	1524
86_PR_1	1	86	90	1532
259_SA_3	-4	69	110	3108
260_SA_3	-4	70	120	3130
261_SA_3	-4	71	90	3162
87_SA_1	1	87	60	1582
262_SA_3	-4	72	120	3164
88_LC_1	1	88	120	1583
328_LC_4	-5	58	120	3174
329_LC_4	-5	59	90	3174
182_LC_2	-3	82	60	3196
183_NU_2	2	83	20	1598
263_SA_3	-4	73	60	3206
184_SA_2	-3	84	15	3206
185_SA_2	-3	85	35	3230
331_SA_4	-5	60	160	3230
330_SA_4	-5	61	120	3230
264_SA_3	-4	74	65	3242
186_PR_2	-3	86	120	3276
187_SA_2	-3	87	210	3324
89_PR_1	1	89	70	1664
90_SA_1	1	90	90	1695
391_LC_5	-6	51	75	3402
393_PR_5	-6	52	150	3428
91_PR_1	1	91	120	1714
392_PR_5	-6	53	35	3428
188_VI_2	-3	88	100	3430
332_PR_4	-5	62	120	3444
265_PR_3	-4	75	100	3460
92_SA_1	1	92	60	1751
333_VI_4	-5	63	90	3508
394_PR_5	-6	54	75	3516
93_SA_1	1	93	90	1760
94_NU_1	1	94	160	1814
95_SA_1	1	95	140	1827
334_SA_4	-5	64	30	3674
96_VI_1	1	96	50	1859
98_PR_1	1	97	10	1872
97_PR_1	1	98	20	1872
335_SA_4	-5	65	30	3754
266_SA_3	-4	76	80	3808
99_SA_1	1	99	75	1961
267_NU_3	-4	77	50	3928
336_VI_4	-5	66	240	3974
337_PR_4	-5	67	1	4164
395_SA_5	-6	55	90	4176
338_SA_4	-5	68	60	4176
396_SA_5	-6	56	60	4422
397_SA_5	-6	57	10	4422
268_SA_3	-4	78	90	4432
398_NU_5	-6	58	150	4496
340_SA_4	-5	69	60	4496
339_SA_4	-5	70	140	4496
189_PR_2	-3	89	80	4496
399_SA_5	-6	59	60	4580
190_SA_2	-3	90	30	4580
100_PR_1	1	100	60	2321
269_SA_3	-4	79	40	4656
400_PR_5	-6	60	45	4772
270_PR_3	3	80	75	3867
