Iter 101
MasterProb = 31288500

s [*] :=
1   97
2  100
3   98
4   95
5   99
;

SubProb = -2100690
d = 0

distanceCost*(sum{l in 1 .. Lcap - 1} t[l]) = 3355

Iter 102
MasterProb = 29480600

s [*] :=
1  23
2  30
3  94
4  96
5  37
;

SubProb = -1781040
d = 32

distanceCost*(sum{l in 1 .. Lcap - 1} t[l]) = 3960

Iter 103
MasterProb = 27801300

s [*] :=
1  87
2  91
3  89
4  93
5  88
;

SubProb = -1960340
d = 63

distanceCost*(sum{l in 1 .. Lcap - 1} t[l]) = 4565

Iter 104
MasterProb = 26014400

s [*] :=
1  92
2  21
3  88
4  86
5  90
;

SubProb = -1844090
d = 52

distanceCost*(sum{l in 1 .. Lcap - 1} t[l]) = 4510

Iter 105
MasterProb = 26014400

s [*] :=
1  89
2  74
3  90
4   8
5  64
;

SubProb = -1748040
d = 0

distanceCost*(sum{l in 1 .. Lcap - 1} t[l]) = 3795

Iter 106
MasterProb = 25176600

s [*] :=
1  10
2  84
3  56
4  48
5  77
;

SubProb = -1726250
d = 10

distanceCost*(sum{l in 1 .. Lcap - 1} t[l]) = 4675

Iter 107
MasterProb = 23481400

s [*] :=
1   27
2   29
3  101
4  102
5  103
;

SubProb = -364631
d = 0

distanceCost*(sum{l in 1 .. Lcap - 1} t[l]) = 1595

Iter 108
MasterProb = 23117600

s [*] :=
1   27
2   29
3  101
4  102
5  103
;

SubProb = -362821
d = 0

distanceCost*(sum{l in 1 .. Lcap - 1} t[l]) = 1595

Iter 109
MasterProb = 23117600

s [*] :=
1   27
2   29
3  101
4  102
5  103
;

SubProb = 0
d = 0

distanceCost*(sum{l in 1 .. Lcap - 1} t[l]) = 1595

Problema Entero
MasterProb = 23955400

fo1 = 26550
fo2 = 23928900

x[j] [*] :=
 67  1
 68  1
 69  1
 70  1
 71  1
 72  1
 73  1
 74  1
 75  1
 76  1
 78  1
 79  1
 80  1
 81  1
 82  1
 83  1
 85  1
 86  1
 90  1
 92  1
101  1
102  1
103  1
106  1
107  1
;

aa[i,j] [*,*]
:    67  68  69  70  71  72  73  74  75  76  78  79  80  81  82  83  85  86  90 :=
1     0   0   0   0   0   0   0   0   0   0   0   0   0   0   0   0   0   0   0
2     0   0   0   0   0   0   0   0   0   0   0   0   0   0   0   0   0   0   0
3     0   0   0   0   0   0   0   0   0   0   0   0   0   0   0   0   0   0   0
4     0   0   0   0   0   0   0   0   0   0   0   0   0   0   0   0   0   0   0
5     0   0   0   0   0   0   0   0   0   0   0   0   0   0   0   0   0   0   0
6     0   0   0   0   0   0   0   0   0   0   0   0   0   0   0   0   0   0   0
7     0   0   0   0   0   0   0   0   0   0   0   0   0   0   0   0   0   0   0
8     0   0   0   0   0   0   0   0   0   0   0   0   0   0   0   0   0   0   0
9     0   0   0   0   0   0   0   0   0   0   0   0   0   0   0   0   0   0   0
10    0   0   0   0   0   0   0   0   0   0   0   0   0   0   0   0   0   0   0
11    0   0   0   0   0   0   0   0   0   0   0   0   0   0   0   0   0   0   0
12    0   0   0   0   0   0   0   0   0   0   0   0   0   0   0   0   0   0   0
13    0   0   0   0   0   0   0   0   0   0   0   0   0   0   0   0   0   0   0
14    0   0   0   0   0   0   0   0   0   0   0   0   0   0   0   0   0   0   0
15    0   0   0   0   0   0   0   0   0   0   0   0   0   0   0   0   0   0   0
16    0   0   0   0   0   0   0   0   0   0   0   0   0   0   0   0   0   0   0
17    0   0   0   0   0   0   0   0   0   0   0   0   0   0   0   0   0   0   0
18    0   0   0   0   0   0   0   0   0   0   0   0   0   0   0   0   0   0   0
19    0   0   0   0   0   0   0   0   0   0   0   0   0   0   0   0   0   0   0
20    0   0   0   0   0   0   0   0   0   0   0   0   0   0   0   0   0   0   0
21    0   0   0   0   0   0   0   0   0   0   0   0   0   0   0   0   0   0   0
22    0   0   0   0   0   0   0   0   0   0   0   0   0   0   0   0   0   0   0
23    0   0   0   0   0   0   0   0   0   0   0   0   0   0   0   0   0   0   0
24    0   0   0   0   0   0   0   0   0   0   0   0   0   0   0   0   0   0   0
25    0   0   0   0   0   0   0   0   0   0   0   0   0   0   0   0   0   0   0
26    0   0   0   0   0   0   0   0   0   0   0   0   0   0   0   0   0   0   0
27    0   0   0   0   0   0   0   0   0   0   0   0   0   0   0   0   0   0   0
28    0   0   0   0   0   0   0   0   0   0   0   0   0   0   0   0   0   0   0
29    0   0   0   0   0   0   0   0   0   0   0   0   0   0   0   0   0   0   0
30    0   0   0   0   0   0   0   0   0   0   0   0   0   0   0   0   0   0   0
31    0   0   0   0   0   0   0   0   0   0   0   0   0   0   0   0   0   0   0
32    0   0   0   0   0   0   0   0   0   0   0   0   0   0   0   0   0   0   0
33    0   0   0   0   0   0   0   0   0   0   0   0   0   0   0   0   0   0   0
34    0   0   0   0   0   0   0   0   0   0   0   0   0   0   0   0   0   0   0
35    0   0   0   0   0   0   0   0   0   0   0   0   0   0   0   0   0   0   0
36    0   0   0   0   0   0   0   0   0   0   0   0   0   0   0   0   0   0   0
37    0   0   0   0   0   0   0   0   0   0   0   0   0   0   0   0   0   0   0
38    0   0   0   0   0   0   0   0   0   0   0   0   0   0   0   0   0   0   0
39    0   0   0   0   0   0   0   0   0   0   0   0   0   0   0   0   0   0   0
40    0   0   0   0   0   0   0   0   0   0   0   0   0   0   0   0   0   0   0
41    0   0   0   0   0   0   0   0   0   0   0   0   0   0   0   0   0   0   0
42    0   0   0   0   0   0   0   0   0   0   0   0   0   0   0   0   0   0   0
43    0   0   0   0   0   0   0   0   0   0   0   0   0   0   0   0   0   0   0
44    0   0   0   0   0   0   0   0   0   0   0   0   0   0   0   0   0   0   0
45    0   0   0   0   0   0   0   0   0   0   0   0   0   0   0   0   0   0   0
46    0   0   0   0   0   0   0   0   0   0   0   0   0   0   0   0   0   0   0
47    0   0   0   0   0   0   0   0   0   0   0   0   0   0   0   0   0   0   0
48    0   0   0   0   0   0   0   0   0   0   0   0   0   0   0   0   0   0   0
49    0   0   0   0   0   0   0   0   0   0   0   0   0   0   0   0   0   0   0
50    0   0   0   0   0   0   0   0   0   0   0   0   0   0   0   0   0   0   0
51    0   0   0   0   0   0   0   0   0   0   0   0   0   0   0   0   0   0   0
52    0   0   0   0   0   0   0   0   0   0   0   0   0   0   0   0   0   0   0
53    0   0   0   0   0   0   0   0   0   0   0   0   0   0   0   0   0   0   0
54    0   0   0   0   0   0   0   0   0   0   0   0   0   0   0   0   0   0   0
55    0   0   0   0   0   0   0   0   0   0   0   0   0   0   0   0   0   0   0
56    0   0   0   0   0   0   0   0   0   0   0   0   0   0   0   0   0   0   0
57    0   0   0   0   0   0   0   0   0   0   0   0   0   0   0   0   0   0   0
58    0   0   0   0   0   0   0   0   0   0   0   0   0   0   0   0   0   0   0
59    0   0   0   0   0   0   0   0   0   0   0   0   0   0   0   0   0   0   0
60    0   0   0   0   0   0   0   0   0   0   0   0   0   0   0   0   0   0   0
61    0   0   0   0   0   0   0   0   0   0   0   0   0   0   0   0   0   0   0
62    0   0   0   0   0   0   0   0   0   0   0   0   0   0   0   0   0   0   0
63    0   0   0   0   0   0   0   0   0   0   0   0   0   0   0   0   0   0   0
64    0   0   0   0   0   0   0   0   0   0   0   0   0   0   0   0   0   0   0
65    0   0   0   0   0   0   0   0   0   0   0   0   0   0   0   0   0   0   0
66    0   0   0   0   0   0   0   0   0   0   0   0   0   0   0   0   0   0   0
67    1   0   0   0   0   0   0   0   0   0   0   0   0   0   0   0   0   0   0
68    0   1   0   0   0   0   0   0   0   0   0   0   0   0   0   0   0   0   0
69    0   0   1   0   0   0   0   0   0   0   0   0   0   0   0   0   0   0   0
70    0   0   0   1   0   0   0   0   0   0   0   0   0   0   0   0   0   0   0
71    0   0   0   0   1   0   0   0   0   0   0   0   0   0   0   0   0   0   0
72    0   0   0   0   0   1   0   0   0   0   0   0   0   0   0   0   0   0   0
73    0   0   0   0   0   0   1   0   0   0   0   0   0   0   0   0   0   0   0
74    0   0   0   0   0   0   0   1   0   0   0   0   0   0   0   0   0   0   0
75    0   0   0   0   0   0   0   0   1   0   0   0   0   0   0   0   0   0   0
76    0   0   0   0   0   0   0   0   0   1   0   0   0   0   0   0   0   0   0
77    0   0   0   0   0   0   0   0   0   0   0   0   0   0   0   0   0   0   0
78    0   0   0   0   0   0   0   0   0   0   1   0   0   0   0   0   0   0   0
79    0   0   0   0   0   0   0   0   0   0   0   1   0   0   0   0   0   0   0
80    0   0   0   0   0   0   0   0   0   0   0   0   1   0   0   0   0   0   0
81    0   0   0   0   0   0   0   0   0   0   0   0   0   1   0   0   0   0   0
82    0   0   0   0   0   0   0   0   0   0   0   0   0   0   1   0   0   0   0
83    0   0   0   0   0   0   0   0   0   0   0   0   0   0   0   1   0   0   0
84    0   0   0   0   0   0   0   0   0   0   0   0   0   0   0   0   0   0   0
85    0   0   0   0   0   0   0   0   0   0   0   0   0   0   0   0   1   0   0
86    0   0   0   0   0   0   0   0   0   0   0   0   0   0   0   0   0   1   0
87    0   0   0   0   0   0   0   0   0   0   0   0   0   0   0   0   0   0   0
88    0   0   0   0   0   0   0   0   0   0   0   0   0   0   0   0   0   0   0
89    0   0   0   0   0   0   0   0   0   0   0   0   0   0   0   0   0   0   0
90    0   0   0   0   0   0   0   0   0   0   0   0   0   0   0   0   0   0   1
91    0   0   0   0   0   0   0   0   0   0   0   0   0   0   0   0   0   0   0
92    0   0   0   0   0   0   0   0   0   0   0   0   0   0   0   0   0   0   0
93    0   0   0   0   0   0   0   0   0   0   0   0   0   0   0   0   0   0   0
94    0   0   0   0   0   0   0   0   0   0   0   0   0   0   0   0   0   0   0
95    0   0   0   0   0   0   0   0   0   0   0   0   0   0   0   0   0   0   0
96    0   0   0   0   0   0   0   0   0   0   0   0   0   0   0   0   0   0   0
97    0   0   0   0   0   0   0   0   0   0   0   0   0   0   0   0   0   0   0
98    0   0   0   0   0   0   0   0   0   0   0   0   0   0   0   0   0   0   0
99    0   0   0   0   0   0   0   0   0   0   0   0   0   0   0   0   0   0   0
100   0   0   0   0   0   0   0   0   0   0   0   0   0   0   0   0   0   0   0

:    92 101 102 103 106 107    :=
1     0   0   0   0   0   0
2     0   0   0   0   0   0
3     0   0   0   0   0   0
4     0   0   0   0   0   0
5     0   0   0   0   0   0
6     0   0   0   0   0   0
7     0   0   0   0   0   0
8     0   0   0   0   0   0
9     0   0   0   0   0   0
10    0   0   0   0   1   0
11    0   0   0   0   0   0
12    0   0   0   0   0   0
13    0   0   0   0   0   0
14    0   0   0   0   0   0
15    0   0   0   0   0   0
16    0   0   0   0   0   0
17    0   0   0   0   0   0
18    0   0   0   0   0   0
19    0   0   0   0   0   0
20    0   0   0   0   0   0
21    0   0   0   0   0   0
22    0   0   0   0   0   0
23    0   0   1   0   0   0
24    0   0   0   0   0   0
25    0   0   0   0   0   0
26    0   0   0   0   0   0
27    0   0   0   0   0   1
28    0   0   0   0   0   0
29    0   0   0   0   0   1
30    0   0   1   0   0   0
31    0   0   0   0   0   0
32    0   0   0   0   0   0
33    0   0   0   0   0   0
34    0   0   0   0   0   0
35    0   0   0   0   0   0
36    0   0   0   0   0   0
37    0   0   1   0   0   0
38    0   0   0   0   0   0
39    0   0   0   0   0   0
40    0   0   0   0   0   0
41    0   0   0   0   0   0
42    0   0   0   0   0   0
43    0   0   0   0   0   0
44    0   0   0   0   0   0
45    0   0   0   0   0   0
46    0   0   0   0   0   0
47    0   0   0   0   0   0
48    0   0   0   0   1   0
49    0   0   0   0   0   0
50    0   0   0   0   0   0
51    0   0   0   0   0   0
52    0   0   0   0   0   0
53    0   0   0   0   0   0
54    0   0   0   0   0   0
55    0   0   0   0   0   0
56    0   0   0   0   1   0
57    0   0   0   0   0   0
58    0   0   0   0   0   0
59    0   0   0   0   0   0
60    0   0   0   0   0   0
61    0   0   0   0   0   0
62    0   0   0   0   0   0
63    0   0   0   0   0   0
64    0   0   0   0   0   0
65    0   0   0   0   0   0
66    0   0   0   0   0   0
67    0   0   0   0   0   0
68    0   0   0   0   0   0
69    0   0   0   0   0   0
70    0   0   0   0   0   0
71    0   0   0   0   0   0
72    0   0   0   0   0   0
73    0   0   0   0   0   0
74    0   0   0   0   0   0
75    0   0   0   0   0   0
76    0   0   0   0   0   0
77    0   0   0   0   1   0
78    0   0   0   0   0   0
79    0   0   0   0   0   0
80    0   0   0   0   0   0
81    0   0   0   0   0   0
82    0   0   0   0   0   0
83    0   0   0   0   0   0
84    0   0   0   0   1   0
85    0   0   0   0   0   0
86    0   0   0   0   0   0
87    0   0   0   1   0   0
88    0   0   0   1   0   0
89    0   0   0   1   0   0
90    0   0   0   0   0   0
91    0   0   0   1   0   0
92    1   0   0   0   0   0
93    0   0   0   1   0   0
94    0   0   1   0   0   0
95    0   1   0   0   0   0
96    0   0   1   0   0   0
97    0   1   0   0   0   0
98    0   1   0   0   0   0
99    0   1   0   0   0   0
100   0   1   0   0   0   0
;

vi[i] [*] :=
 1  1
 2  1
 3  1
 4  1
 5  1
 6  1
 7  1
 8  1
 9  1
11  1
12  1
13  1
14  1
15  1
16  1
17  1
18  1
19  1
20  1
21  1
22  1
24  1
25  1
26  1
28  1
31  1
32  1
33  1
34  1
35  1
36  1
38  1
39  1
40  1
41  1
42  1
43  1
44  1
45  1
46  1
47  1
49  1
50  1
51  1
52  1
53  1
54  1
55  1
57  1
58  1
59  1
60  1
61  1
62  1
63  1
64  1
65  1
66  1
;

:   x[i]   c[i] travel[i] delay[i]    :=
67    1       0       0         0
68    1       0       0         0
69    1       0       0         0
70    1       0       0         0
71    1       0       0         0
72    1       0       0         0
73    1       0       0         0
74    1       0       0         0
75    1       0       0         0
76    1       0       0         0
78    1       0       0         0
79    1       0       0         0
80    1       0       0         0
81    1       0       0         0
82    1       0       0         0
83    1       0       0         0
85    1       0       0         0
86    1       0       0         0
90    1       0       0         0
92    1       0       0         0
101   1    3355    3355         0
102   1    6520    3960      2560
103   1    9605    4565      5040
106   1    5475    4675       800
107   1    1595    1595         0
;

