#Nombre	DiaAten	ModelId		T.Servicio	Penalty
191_PR_3	-4	1	60	646184
101_PR_2	-3	1	60	646184
1_PR_1	-2	1	90	686394
341_SA_5	5	1	70	345626
102_SA_2	-3	2	120	706242
2_SA_1	-2	2	90	707006
103_SA_2	-3	3	120	712328
104_LC_2	-3	4	120	720164
271_PR_4	-5	1	60	725350
105_LC_2	-3	5	200	730316
342_PR_5	-6	2	60	732098
192_PR_3	-4	2	130	734672
193_LC_3	-4	3	70	739764
272_LC_4	-5	2	130	740716
273_LC_4	-5	3	90	741100
343_LC_5	-6	3	45	743396
274_SA_4	-5	4	60	744640
3_SA_1	-2	3	75	744900
106_NU_2	-3	6	75	748092
107_PR_2	-3	7	30	751096
344_LC_5	-6	4	120	751648
108_LC_2	-3	8	10	751648
345_SA_5	-6	5	150	752164
194_PR_3	-4	4	20	758502
4_LC_1	-2	4	120	759238
195_SA_3	-4	5	150	760984
5_SA_1	-2	5	90	761010
197_SA_3	-4	6	120	761010
346_LC_5	-6	6	70	761010
199_SA_3	-4	7	80	761010
196_PR_3	-4	8	45	761010
198_SA_3	-4	9	60	761010
6_SA_1	-2	6	30	762684
200_SA_3	-4	10	60	762684
201_LC_3	-4	11	270	762684
347_SA_5	-6	7	20	763196
7_SA_1	-2	7	290	764458
202_SA_3	-4	12	180	764458
8_SA_1	-2	8	60	764458
110_SA_2	-3	9	120	764458
111_SA_2	-3	10	120	764458
112_SA_2	-3	11	60	764458
109_SA_2	-3	12	110	764458
114_SA_2	-3	13	60	764458
113_SA_2	-3	14	60	764458
203_SA_3	-4	13	45	764458
115_PR_2	-3	15	90	766112
348_SA_5	-6	8	60	768406
349_SA_5	-6	9	15	768406
9_SA_1	-2	9	360	770500
10_SA_1	1	10	60	385250
13_SA_1	-2	11	60	770500
14_SA_1	-2	12	90	770500
350_SA_5	-6	10	180	770500
12_SA_1	-2	13	75	770500
204_SA_3	-4	14	80	770500
205_SA_3	-4	15	60	770500
352_PR_5	-6	11	70	770500
11_SA_1	-2	14	120	770500
275_SA_4	-5	5	90	770500
276_SA_4	-5	6	60	770500
277_SA_4	-5	7	120	770500
120_SA_2	-3	16	55	770500
279_SA_4	-5	8	300	770500
280_NU_4	-5	9	60	770500
119_SA_2	-3	17	60	770500
124_SA_2	-3	18	30	770500
121_LC_2	-3	19	45	770500
122_SA_2	-3	20	50	770500
351_SA_5	-6	12	60	770500
118_SA_2	-3	21	120	770500
278_PR_4	4	10	150	385250
116_SA_2	-3	22	60	770500
117_SA_2	-3	23	140	770500
123_SA_2	-3	24	50	770500
15_SA_1	-2	15	240	771536
125_SA_2	-3	25	60	774684
281_PR_4	-5	11	70	774684
282_LC_4	-5	12	90	776796
127_PR_2	-3	26	80	777094
206_PR_3	-4	16	35	777094
126_PR_2	-3	27	180	777094
353_SA_5	-6	13	5	779296
354_PR_5	-6	14	30	781638
16_SA_1	-2	16	110	785692
207_SA_3	-4	17	50	785692
128_SA_2	-3	28	120	786064
17_NU_1	-2	17	180	786320
129_NU_2	-3	29	120	786320
283_SA_4	-5	13	180	787516
355_LC_5	-6	15	150	790056
130_SA_2	-3	30	90	790056
356_SA_5	-6	16	150	793468
131_PR_2	-3	31	215	794672
18_SA_1	-2	18	90	799004
208_SA_3	3	18	90	399502
209_SA_3	-4	19	45	799004
132_SA_2	-3	32	20	799004
19_SA_1	-2	19	180	800226
210_SA_3	-4	20	180	800226
284_SA_4	-5	14	240	800226
134_SA_2	-3	33	60	800830
133_SA_2	-3	34	90	800830
357_SA_5	5	17	60	400415
285_SA_4	-5	15	60	801752
135_SA_2	-3	35	60	803502
20_SA_1	-2	20	60	803502
136_LC_2	-3	36	30	803700
286_PR_4	-5	16	60	805208
360_LC_5	-6	18	10	805208
358_PR_5	-6	19	70	805208
137_PR_2	-3	37	150	805208
359_LC_5	-6	20	10	805208
361_SA_5	-6	21	10	805208
21_NU_1	-2	21	90	805778
211_NU_3	3	21	40	402889
362_PR_5	-6	22	240	807964
22_PR_1	-2	22	60	808164
213_LC_3	-4	22	90	808164
139_PR_2	-3	38	60	808164
140_SA_2	-3	39	50	808164
288_SA_4	-5	17	60	808164
287_PR_4	-5	18	90	808164
212_SA_3	-4	23	40	808164
138_VI_2	-3	40	90	808164
363_VI_5	-6	23	10	808278
214_VI_3	3	24	25	404139
215_PR_3	-4	25	45	809104
23_SA_1	1	23	90	404744
24_PR_1	-2	24	100	809928
289_LC_4	4	19	110	405120
25_PR_1	-2	25	90	810660
141_NU_2	-3	41	150	810662
26_NU_1	-2	26	420	810662
27_LC_1	1	27	180	405366
216_SA_3	-4	26	80	810824
28_SA_1	-2	28	30	811410
29_SA_1	1	29	60	406619
364_PR_5	-6	24	1	813288
217_SA_3	-4	27	150	814560
365_SA_5	-6	25	120	814560
290_SA_4	-5	20	60	814560
291_SA_4	-5	21	150	814934
292_PR_4	-5	22	50	816884
293_PR_4	-5	23	165	816884
294_SA_4	-5	24	90	817068
142_LC_2	-3	42	50	818232
218_SA_3	-4	28	120	820062
219_SA_3	-4	29	90	820062
143_SA_2	-3	43	180	820062
144_SA_2	-3	44	90	822346
145_LC_2	-3	45	60	822736
146_SA_2	-3	46	165	822736
147_LC_2	-3	47	30	822736
220_PR_3	3	30	60	411368
30_PR_1	1	30	60	411774
295_LC_4	-5	25	60	823704
366_SA_5	-6	26	20	825216
32_SA_1	-2	31	90	826296
31_SA_1	-2	32	90	826296
367_PR_5	-6	27	15	827556
33_LC_1	-2	33	150	828776
221_PR_3	-4	31	35	829270
296_SA_4	-5	26	90	829394
222_PR_3	-4	32	60	830366
223_PR_3	-4	33	40	831518
224_PR_3	-4	34	50	833704
34_LC_1	-2	34	80	834284
148_SA_2	-3	48	90	834524
368_PR_5	-6	28	5	834544
369_SA_5	-6	29	120	835098
370_SA_5	-6	30	140	835098
225_SA_3	-4	35	80	835454
35_SA_1	-2	35	105	835454
297_SA_4	-5	27	100	835616
36_LC_1	-2	36	60	836396
298_PR_4	-5	28	120	836676
150_SA_2	-3	49	120	836776
149_SA_2	-3	50	235	836776
151_SA_2	-3	51	120	837044
38_PR_1	1	37	80	419438
371_PR_5	-6	31	30	838876
37_PR_1	-2	38	60	838876
39_LC_1	-2	39	90	840846
226_PR_3	-4	36	65	840900
372_LC_5	-6	32	60	841040
227_LC_3	-4	37	120	842278
40_SA_1	-2	40	60	844308
228_SA_3	-4	38	100	844916
152_LC_2	-3	52	1	847270
41_LC_1	-2	41	120	847458
42_PR_1	-2	42	60	847458
299_LC_4	-5	29	60	847478
43_SA_1	-2	43	207	848410
300_SA_4	-5	30	105	848544
301_SA_4	-5	31	75	848558
44_PR_1	-2	44	25	849034
153_PR_2	2	53	230	424643
302_SA_4	-5	32	90	850254
373_SA_5	5	33	60	425519
154_PR_2	-3	54	170	851048
374_PR_5	-6	34	105	851048
155_SA_2	-3	55	240	852984
375_PR_5	-6	35	170	853800
229_SA_3	-4	39	60	854022
156_PR_2	-3	56	80	854194
45_VI_1	-2	45	75	855990
46_SA_1	-2	46	90	856298
47_SA_1	-2	47	90	856298
230_PR_3	-4	40	30	857484
303_LC_4	-5	33	60	857520
376_PR_5	-6	36	75	857726
304_VI_4	-5	34	120	857792
231_SA_3	-4	41	80	857792
49_SA_1	1	48	60	428896
306_SA_4	-5	35	270	857792
305_PR_4	-5	36	25	857792
377_PR_5	-6	37	30	857792
157_SA_2	-3	57	150	857792
48_SA_1	-2	49	60	857792
232_PR_3	-4	42	120	857792
307_SA_4	-5	37	120	857992
233_SA_3	3	43	40	429377
378_PR_5	-6	38	30	858772
234_LC_3	-4	44	60	859242
235_LC_3	-4	45	120	859380
379_LC_5	-6	39	60	859630
50_LC_1	-2	50	80	861022
158_PR_2	-3	58	85	861226
236_VI_3	-4	46	90	861466
308_PR_4	-5	38	30	862160
237_PR_3	3	47	70	431080
159_SA_2	-3	59	55	862716
51_SA_1	-2	51	90	862716
160_PR_2	-3	60	60	862804
309_PR_4	-5	39	60	864122
310_PR_4	-5	40	120	864122
161_LC_2	-3	61	180	865040
238_SA_3	-4	48	60	866262
162_SA_2	-3	62	1	867826
239_SA_3	-4	49	180	869058
52_PR_1	-2	52	30	869076
240_PR_3	-4	50	60	869076
53_NU_1	-2	53	90	871796
311_PR_4	-5	41	60	875942
241_SA_3	-4	51	20	876360
55_LC_1	-2	54	60	878608
54_LC_1	-2	55	60	878608
312_PR_4	-5	42	50	879062
56_LC_1	1	56	150	439900
313_PR_4	-5	43	50	880710
163_PR_2	-3	63	120	880710
164_NU_2	-3	64	90	881802
314_SA_4	-5	44	20	882116
380_LC_5	-6	40	234	885624
59_SA_1	-2	57	60	885972
57_SA_1	-2	58	60	885972
58_SA_1	-2	59	60	885972
165_SA_2	2	65	120	444066
60_LC_1	-2	60	90	889474
167_SA_2	-3	66	60	891518
64_SA_1	-2	61	10	891518
62_SA_1	-2	62	150	891518
61_SA_1	-2	63	30	891518
166_SA_2	-3	67	40	891518
65_SA_1	-2	64	30	891518
63_SA_1	-2	65	75	891518
381_SA_5	-6	41	60	891518
242_LC_3	3	52	40	445913
315_SA_4	-5	45	180	892554
316_NU_4	-5	46	60	894650
66_PR_1	-2	66	75	895138
168_SA_2	-3	68	60	896406
67_SA_1	1	67	60	448359
317_LC_4	-5	47	45	896914
243_SA_3	-4	53	120	897654
318_SA_4	-5	48	240	897654
68_SA_1	1	68	120	449003
69_VI_1	1	69	60	449335
382_PR_5	5	42	30	449450
319_PR_4	-5	49	90	899438
71_PR_1	1	70	520	449842
70_SA_1	1	71	180	449842
170_SA_2	-3	69	120	899684
244_SA_3	-4	54	80	899684
169_LC_2	-3	70	135	899684
171_PR_2	-3	71	65	900082
172_NU_2	-3	72	60	902342
321_SA_4	-5	50	240	902958
383_SA_5	-6	43	240	902958
73_PR_1	1	72	120	451479
72_SA_1	1	73	195	451479
320_SA_4	-5	51	120	902958
322_SA_4	-5	52	90	902958
245_SA_3	-4	55	160	904630
384_SA_5	-6	44	240	904630
323_SA_4	-5	53	120	904630
246_LC_3	-4	56	100	905708
247_SA_3	-4	57	90	906322
74_SA_1	1	74	60	453883
75_SA_1	1	75	75	454378
174_SA_2	-3	73	360	908756
173_SA_2	-3	74	55	908756
175_SA_2	-3	75	90	908756
385_SA_5	-6	45	60	908756
248_SA_3	-4	58	60	909708
176_SA_2	-3	76	90	910604
177_PR_2	-3	77	50	912002
249_SA_3	-4	59	75	912168
76_SA_1	1	76	100	456190
250_SA_3	-4	60	60	913192
77_SA_1	1	77	120	456596
178_NU_2	-3	78	20	913264
324_SA_4	-5	54	130	913746
325_PR_4	-5	55	180	915404
386_SA_5	-6	46	90	915408
179_PR_2	-3	79	100	916946
251_PR_3	-4	61	60	917780
180_LC_2	-3	80	60	919840
326_SA_4	-5	56	1	922126
78_SA_1	1	78	60	461063
79_SA_1	1	79	100	461063
181_LC_2	-3	81	120	922126
252_SA_3	-4	62	55	922126
387_SA_5	-6	47	90	924218
80_SA_1	1	80	90	462443
81_SA_1	1	81	60	462594
388_SA_5	-6	48	60	925844
389_SA_5	-6	49	90	926340
253_SA_3	-4	63	60	926340
82_VI_1	1	82	30	463357
390_LC_5	-6	50	180	928720
255_PR_3	-4	64	150	931032
254_PR_3	-4	65	60	931032
256_PR_3	-4	66	90	931530
257_SA_3	-4	67	5	932798
258_SA_3	-4	68	120	933312
83_SA_1	1	83	240	466656
327_SA_4	-5	57	120	936450
84_LC_1	1	84	15	468654
85_PR_1	1	85	70	471038
86_PR_1	1	86	90	471288
259_SA_3	-4	69	110	944818
260_SA_3	-4	70	120	945650
261_SA_3	-4	71	90	948004
87_SA_1	1	87	60	475905
262_SA_3	-4	72	120	951810
88_LC_1	1	88	120	476092
328_LC_4	-5	58	120	953346
329_LC_4	-5	59	90	953346
182_LC_2	-3	82	60	955958
183_NU_2	-3	83	20	956600
263_SA_3	-4	73	60	958936
184_SA_2	-3	84	15	958936
185_SA_2	-3	85	35	959378
331_SA_4	-5	60	160	959378
330_SA_4	-5	61	120	959378
264_SA_3	-4	74	65	962614
186_PR_2	-3	86	120	962928
187_SA_2	-3	87	210	965328
89_PR_1	1	89	70	484379
90_SA_1	1	90	90	484503
391_LC_5	-6	51	75	970328
393_PR_5	-6	52	150	970474
91_PR_1	1	91	120	485237
392_PR_5	-6	53	35	970474
188_VI_2	2	88	100	486684
332_PR_4	-5	62	120	973372
265_PR_3	-4	75	100	986614
92_SA_1	1	92	60	494079
333_VI_4	-5	63	90	995458
394_PR_5	5	54	75	497766
93_SA_1	1	93	90	498171
94_NU_1	1	94	160	499340
95_SA_1	1	95	140	499388
334_SA_4	-5	64	30	1003404
96_VI_1	1	96	50	502102
98_PR_1	1	97	10	505469
97_PR_1	1	98	20	505469
335_SA_4	-5	65	30	1010962
266_SA_3	3	76	80	505909
99_SA_1	1	99	75	510324
267_NU_3	-4	77	50	1021332
336_VI_4	-5	66	240	1029372
337_PR_4	-5	67	1	1033070
395_SA_5	-6	55	90	1039926
338_SA_4	-5	68	60	1039926
396_SA_5	-6	56	60	1051544
397_SA_5	5	57	10	525772
268_SA_3	-4	78	90	1061566
398_NU_5	-6	58	150	1062832
340_SA_4	-5	69	60	1062832
339_SA_4	-5	70	140	1062832
189_PR_2	-3	89	80	1062832
399_SA_5	-6	59	60	1071952
190_SA_2	-3	90	30	1071952
100_PR_1	1	100	60	537774
269_SA_3	-4	79	40	1086560
400_PR_5	-6	60	45	1096784
270_PR_3	-4	80	75	1107368
