#Nombre	DiaAten	ModelId		T.Servicio	Penalty
191_PR_3	-4	1	60	23996
101_PR_2	-3	1	60	23996
1_PR_1	-2	1	90	26054
341_SA_5	5	1	70	13253
102_SA_2	-3	2	120	26558
2_SA_1	-2	2	90	26664
103_SA_2	-3	3	120	27100
104_LC_2	-3	4	120	27572
271_PR_4	-5	1	60	27812
105_LC_2	2	5	200	14152
342_PR_5	5	2	60	14574
192_PR_3	-4	2	130	29176
193_LC_3	-4	3	70	29838
272_LC_4	-5	2	130	30186
273_LC_4	-5	3	90	30218
343_LC_5	5	3	45	15156
274_SA_4	-5	4	60	30844
3_SA_1	1	3	75	15706
106_NU_2	-3	6	75	31540
107_PR_2	-3	7	30	31856
344_LC_5	-6	4	120	31884
108_LC_2	-3	8	10	31884
345_SA_5	-6	5	150	32024
194_PR_3	-4	4	20	32282
4_LC_1	-2	4	120	32432
195_SA_3	-4	5	150	32456
5_SA_1	-2	5	90	32658
197_SA_3	-4	6	120	32658
346_LC_5	5	6	70	16329
199_SA_3	-4	7	80	32658
196_PR_3	-4	8	45	32658
198_SA_3	-4	9	60	32658
6_SA_1	-2	6	30	32804
200_SA_3	-4	10	60	32804
201_LC_3	-4	11	270	32804
347_SA_5	-6	7	20	32828
7_SA_1	-2	7	290	33006
202_SA_3	-4	12	180	33006
8_SA_1	-2	8	60	33006
110_SA_2	-3	9	120	33006
111_SA_2	-3	10	120	33006
112_SA_2	-3	11	60	33006
109_SA_2	-3	12	110	33006
114_SA_2	-3	13	60	33006
113_SA_2	-3	14	60	33006
203_SA_3	-4	13	45	33006
115_PR_2	-3	15	90	33016
348_SA_5	-6	8	60	33052
349_SA_5	-6	9	15	33052
9_SA_1	-2	9	360	33074
10_SA_1	-2	10	60	33074
13_SA_1	-2	11	60	33074
14_SA_1	1	12	90	16537
350_SA_5	-6	10	180	33074
12_SA_1	-2	13	75	33074
204_SA_3	-4	14	80	33074
205_SA_3	-4	15	60	33074
352_PR_5	-6	11	70	33074
11_SA_1	-2	14	120	33074
275_SA_4	-5	5	90	33074
276_SA_4	-5	6	60	33074
277_SA_4	-5	7	120	33074
120_SA_2	-3	16	55	33074
279_SA_4	-5	8	300	33074
280_NU_4	-5	9	60	33074
119_SA_2	-3	17	60	33074
124_SA_2	2	18	30	16537
121_LC_2	-3	19	45	33074
122_SA_2	-3	20	50	33074
351_SA_5	-6	12	60	33074
118_SA_2	-3	21	120	33074
278_PR_4	-5	10	150	33074
116_SA_2	-3	22	60	33074
117_SA_2	-3	23	140	33074
123_SA_2	-3	24	50	33074
15_SA_1	-2	15	240	33794
125_SA_2	-3	25	60	33818
281_PR_4	-5	11	70	33818
282_LC_4	-5	12	90	33878
127_PR_2	-3	26	80	33990
206_PR_3	-4	16	35	33990
126_PR_2	-3	27	180	33990
353_SA_5	5	13	5	17017
354_PR_5	-6	14	30	34096
16_SA_1	-2	16	110	34222
207_SA_3	-4	17	50	34222
128_SA_2	-3	28	120	34270
17_NU_1	-2	17	180	34416
129_NU_2	-3	29	120	34416
283_SA_4	-5	13	180	34506
355_LC_5	-6	15	150	34550
130_SA_2	-3	30	90	34550
356_SA_5	-6	16	150	34570
131_PR_2	-3	31	215	34664
18_SA_1	-2	18	90	34774
208_SA_3	-4	18	90	34774
209_SA_3	-4	19	45	34774
132_SA_2	-3	32	20	34774
19_SA_1	-2	19	180	34908
210_SA_3	-4	20	180	34908
284_SA_4	-5	14	240	34908
134_SA_2	-3	33	60	34930
133_SA_2	-3	34	90	34930
357_SA_5	-6	17	60	34930
285_SA_4	4	15	60	17490
135_SA_2	-3	35	60	35082
20_SA_1	-2	20	60	35082
136_LC_2	-3	36	30	35108
286_PR_4	4	16	60	17688
360_LC_5	-6	18	10	35376
358_PR_5	5	19	70	17688
137_PR_2	-3	37	150	35376
359_LC_5	-6	20	10	35376
361_SA_5	-6	21	10	35376
21_NU_1	-2	21	90	35410
211_NU_3	-4	21	40	35410
362_PR_5	-6	22	240	35484
22_PR_1	-2	22	60	35542
213_LC_3	-4	22	90	35542
139_PR_2	-3	38	60	35542
140_SA_2	-3	39	50	35542
288_SA_4	4	17	60	17771
287_PR_4	-5	18	90	35542
212_SA_3	-4	23	40	35542
138_VI_2	-3	40	90	35542
363_VI_5	-6	23	10	35554
214_VI_3	-4	24	25	35554
215_PR_3	-4	25	45	35578
23_SA_1	-2	23	90	35602
24_PR_1	-2	24	100	35602
289_LC_4	-5	19	110	35826
25_PR_1	1	25	90	18097
141_NU_2	-3	41	150	36278
26_NU_1	-2	26	420	36278
27_LC_1	1	27	180	18247
216_SA_3	-4	26	80	36640
28_SA_1	-2	28	30	36694
29_SA_1	1	29	60	18484
364_PR_5	-6	24	1	37038
217_SA_3	-4	27	150	37086
365_SA_5	-6	25	120	37086
290_SA_4	-5	20	60	37086
291_SA_4	-5	21	150	37100
292_PR_4	-5	22	50	37138
293_PR_4	-5	23	165	37138
294_SA_4	-5	24	90	37230
142_LC_2	-3	42	50	37276
218_SA_3	3	28	120	18654
219_SA_3	-4	29	90	37308
143_SA_2	-3	43	180	37308
144_SA_2	-3	44	90	37322
145_LC_2	-3	45	60	37500
146_SA_2	-3	46	165	37500
147_LC_2	-3	47	30	37500
220_PR_3	-4	30	60	37500
30_PR_1	-2	30	60	37532
295_LC_4	-5	25	60	37554
366_SA_5	-6	26	20	37866
32_SA_1	-2	31	90	37886
31_SA_1	1	32	90	18943
367_PR_5	-6	27	15	38118
33_LC_1	-2	33	150	38264
221_PR_3	-4	31	35	38412
296_SA_4	-5	26	90	38876
222_PR_3	-4	32	60	39002
223_PR_3	-4	33	40	39004
224_PR_3	-4	34	50	39078
34_LC_1	-2	34	80	39180
148_SA_2	-3	48	90	39344
368_PR_5	5	28	5	19734
369_SA_5	-6	29	120	39472
370_SA_5	5	30	140	19736
225_SA_3	-4	35	80	39592
35_SA_1	-2	35	105	39592
297_SA_4	-5	27	100	39650
36_LC_1	-2	36	60	39690
298_PR_4	-5	28	120	39700
150_SA_2	-3	49	120	39704
149_SA_2	-3	50	235	39704
151_SA_2	-3	51	120	39732
38_PR_1	-2	37	80	39848
371_PR_5	-6	31	30	39848
37_PR_1	-2	38	60	39848
39_LC_1	-2	39	90	39918
226_PR_3	-4	36	65	39996
372_LC_5	-6	32	60	40150
227_LC_3	-4	37	120	40240
40_SA_1	-2	40	60	40352
228_SA_3	-4	38	100	40356
152_LC_2	2	52	1	20229
41_LC_1	-2	41	120	40492
42_PR_1	-2	42	60	40492
299_LC_4	-5	29	60	40502
43_SA_1	-2	43	207	40524
300_SA_4	-5	30	105	40572
301_SA_4	-5	31	75	40628
44_PR_1	1	44	25	20324
153_PR_2	-3	53	230	40696
302_SA_4	-5	32	90	40710
373_SA_5	-6	33	60	40738
154_PR_2	-3	54	170	41048
374_PR_5	5	34	105	20524
155_SA_2	-3	55	240	41050
375_PR_5	-6	35	170	41096
229_SA_3	-4	39	60	41110
156_PR_2	-3	56	80	41114
45_VI_1	-2	45	75	41116
46_SA_1	-2	46	90	41122
47_SA_1	1	47	90	20561
230_PR_3	-4	40	30	41196
303_LC_4	-5	33	60	41300
376_PR_5	-6	36	75	41312
304_VI_4	-5	34	120	41518
231_SA_3	-4	41	80	41518
49_SA_1	-2	48	60	41518
306_SA_4	-5	35	270	41518
305_PR_4	-5	36	25	41518
377_PR_5	-6	37	30	41518
157_SA_2	-3	57	150	41518
48_SA_1	-2	49	60	41518
232_PR_3	-4	42	120	41518
307_SA_4	-5	37	120	41840
233_SA_3	-4	43	40	41966
378_PR_5	-6	38	30	41972
234_LC_3	-4	44	60	42036
235_LC_3	-4	45	120	42050
379_LC_5	-6	39	60	42430
50_LC_1	-2	50	80	42528
158_PR_2	-3	58	85	42554
236_VI_3	-4	46	90	42634
308_PR_4	-5	38	30	42790
237_PR_3	-4	47	70	42790
159_SA_2	-3	59	55	42886
51_SA_1	-2	51	90	42886
160_PR_2	-3	60	60	43006
309_PR_4	-5	39	60	43080
310_PR_4	-5	40	120	43080
161_LC_2	-3	61	180	43220
238_SA_3	-4	48	60	43298
162_SA_2	-3	62	1	43362
239_SA_3	-4	49	180	43370
52_PR_1	-2	52	30	43612
240_PR_3	-4	50	60	43612
53_NU_1	-2	53	90	43730
311_PR_4	-5	41	60	43814
241_SA_3	-4	51	20	43820
55_LC_1	1	54	60	21937
54_LC_1	-2	55	60	43874
312_PR_4	-5	42	50	43890
56_LC_1	-2	56	150	44346
313_PR_4	-5	43	50	44454
163_PR_2	-3	63	120	44454
164_NU_2	-3	64	90	44456
314_SA_4	-5	44	20	44472
380_LC_5	-6	40	234	44644
59_SA_1	-2	57	60	44674
57_SA_1	-2	58	60	44674
58_SA_1	-2	59	60	44674
165_SA_2	-3	65	120	45036
60_LC_1	-2	60	90	45062
167_SA_2	2	66	60	22556
64_SA_1	-2	61	10	45112
62_SA_1	-2	62	150	45112
61_SA_1	-2	63	30	45112
166_SA_2	-3	67	40	45112
65_SA_1	-2	64	30	45112
63_SA_1	-2	65	75	45112
381_SA_5	-6	41	60	45112
242_LC_3	-4	52	40	45158
315_SA_4	-5	45	180	45248
316_NU_4	-5	46	60	45452
66_PR_1	1	66	75	22893
168_SA_2	-3	68	60	45902
67_SA_1	-2	67	60	46156
317_LC_4	4	47	45	23086
243_SA_3	-4	53	120	46310
318_SA_4	-5	48	240	46310
68_SA_1	-2	68	120	46380
69_VI_1	-2	69	60	46556
382_PR_5	-6	42	30	46576
319_PR_4	-5	49	90	46722
71_PR_1	-2	70	520	47026
70_SA_1	-2	71	180	47026
170_SA_2	-3	69	120	47026
244_SA_3	-4	54	80	47026
169_LC_2	-3	70	135	47026
171_PR_2	-3	71	65	47374
172_NU_2	-3	72	60	47412
321_SA_4	-5	50	240	47448
383_SA_5	-6	43	240	47448
73_PR_1	-2	72	120	47448
72_SA_1	-2	73	195	47448
320_SA_4	-5	51	120	47448
322_SA_4	-5	52	90	47448
245_SA_3	-4	55	160	47632
384_SA_5	-6	44	240	47632
323_SA_4	-5	53	120	47632
246_LC_3	-4	56	100	47642
247_SA_3	-4	57	90	47700
74_SA_1	1	74	60	23857
75_SA_1	1	75	75	23879
174_SA_2	-3	73	360	47758
173_SA_2	-3	74	55	47758
175_SA_2	-3	75	90	47758
385_SA_5	-6	45	60	47758
248_SA_3	-4	58	60	47836
176_SA_2	-3	76	90	47872
177_PR_2	-3	77	50	48014
249_SA_3	-4	59	75	48102
76_SA_1	1	76	100	24074
250_SA_3	-4	60	60	48312
77_SA_1	1	77	120	24156
178_NU_2	-3	78	20	48446
324_SA_4	-5	54	130	48470
325_PR_4	-5	55	180	48516
386_SA_5	-6	46	90	48730
179_PR_2	-3	79	100	49248
251_PR_3	-4	61	60	49508
180_LC_2	-3	80	60	49574
326_SA_4	-5	56	1	49588
78_SA_1	1	78	60	24794
79_SA_1	1	79	100	24794
181_LC_2	-3	81	120	49588
252_SA_3	-4	62	55	49588
387_SA_5	-6	47	90	49600
80_SA_1	1	80	90	24852
81_SA_1	1	81	60	24870
388_SA_5	-6	48	60	49822
389_SA_5	-6	49	90	49836
253_SA_3	-4	63	60	49836
82_VI_1	1	82	30	24925
390_LC_5	-6	50	180	50376
255_PR_3	-4	64	150	50754
254_PR_3	-4	65	60	50754
256_PR_3	-4	66	90	50820
257_SA_3	-4	67	5	51182
258_SA_3	-4	68	120	51188
83_SA_1	1	83	240	25594
327_SA_4	-5	57	120	51198
84_LC_1	1	84	15	25673
85_PR_1	1	85	70	25750
86_PR_1	1	86	90	25862
259_SA_3	-4	69	110	51768
260_SA_3	-4	70	120	51980
261_SA_3	-4	71	90	52036
87_SA_1	1	87	60	26048
262_SA_3	-4	72	120	52096
88_LC_1	1	88	120	26169
328_LC_4	-5	58	120	52516
329_LC_4	-5	59	90	52516
182_LC_2	-3	82	60	52626
183_NU_2	-3	83	20	52676
263_SA_3	-4	73	60	53122
184_SA_2	-3	84	15	53122
185_SA_2	-3	85	35	53592
331_SA_4	-5	60	160	53592
330_SA_4	-5	61	120	53592
264_SA_3	-4	74	65	53786
186_PR_2	-3	86	120	53794
187_SA_2	-3	87	210	54474
89_PR_1	1	89	70	27291
90_SA_1	1	90	90	27351
391_LC_5	-6	51	75	54718
393_PR_5	-6	52	150	54810
91_PR_1	1	91	120	27405
392_PR_5	-6	53	35	54810
188_VI_2	-3	88	100	54862
332_PR_4	-5	62	120	55824
265_PR_3	-4	75	100	55834
92_SA_1	1	92	60	27996
333_VI_4	-5	63	90	56234
394_PR_5	5	54	75	28357
93_SA_1	1	93	90	28367
94_NU_1	1	94	160	28544
95_SA_1	1	95	140	29171
334_SA_4	-5	64	30	58898
96_VI_1	1	96	50	29486
98_PR_1	1	97	10	29558
97_PR_1	1	98	20	29558
335_SA_4	-5	65	30	59310
266_SA_3	-4	76	80	59420
99_SA_1	1	99	75	29997
267_NU_3	-4	77	50	60208
336_VI_4	-5	66	240	60426
337_PR_4	-5	67	1	61224
395_SA_5	-6	55	90	61350
338_SA_4	-5	68	60	61350
396_SA_5	-6	56	60	61470
397_SA_5	-6	57	10	61470
268_SA_3	-4	78	90	61730
398_NU_5	-6	58	150	62290
340_SA_4	-5	69	60	62290
339_SA_4	-5	70	140	62290
189_PR_2	-3	89	80	62290
399_SA_5	-6	59	60	64082
190_SA_2	-3	90	30	64082
100_PR_1	1	100	60	32234
269_SA_3	-4	79	40	64768
400_PR_5	-6	60	45	66940
270_PR_3	-4	80	75	73772
