Iter 123
MasterProb = 3245940

s [*] :=
1   74
2  120
3  119
4  121
5  122
;

SubProb = -201130
d = 0

distanceCost*(sum{l in 1 .. Lcap - 1} t[l]) = 4070

Iter 124
MasterProb = 3074200

s [*] :=
1   51
2   97
3  112
4  119
5   89
;

SubProb = -155131
d = 0

distanceCost*(sum{l in 1 .. Lcap - 1} t[l]) = 4180

Iter 125
MasterProb = 3074200

s [*] :=
1  104
2   29
3   25
4   98
5   11
;

SubProb = -97657
d = 40

distanceCost*(sum{l in 1 .. Lcap - 1} t[l]) = 3850

Iter 126
MasterProb = 2976720

s [*] :=
1  104
2   29
3   25
4   98
5   11
;

SubProb = -97481
d = 40

distanceCost*(sum{l in 1 .. Lcap - 1} t[l]) = 3850

Iter 127
MasterProb = 2976720

s [*] :=
1  37
2  38
3  62
4  42
5  83
;

SubProb = -95154
d = 0

distanceCost*(sum{l in 1 .. Lcap - 1} t[l]) = 3465

Iter 128
MasterProb = 2881560

s [*] :=
1  37
2  38
3  62
4  42
5  83
;

SubProb = -95154
d = 0

distanceCost*(sum{l in 1 .. Lcap - 1} t[l]) = 3465

Iter 129
MasterProb = 2881560

s [*] :=
1   2
2  12
3  54
4  52
5  26
;

SubProb = -58172
d = 0

distanceCost*(sum{l in 1 .. Lcap - 1} t[l]) = 4125

Iter 130
MasterProb = 2823390

s [*] :=
1   2
2  12
3  54
4  52
5  26
;

SubProb = -58172
d = 0

distanceCost*(sum{l in 1 .. Lcap - 1} t[l]) = 4125

Iter 131
MasterProb = 2823390

s [*] :=
1  37
2  38
3  62
4  42
5  83
;

SubProb = 0
d = 0

distanceCost*(sum{l in 1 .. Lcap - 1} t[l]) = 3465

Problema Entero
MasterProb = 2823390

fo1 = 18710
fo2 = 2804680

x[j] [*] :=
108  1
109  1
110  1
111  1
112  1
113  1
114  1
115  1
116  1
117  1
118  1
123  1
125  1
127  1
129  1
;

aa[i,j] [*,*]
:   108 109 110 111 112 113 114 115 116 117 118 123 125 127 129    :=
1     0   0   0   0   0   0   0   0   0   0   0   0   0   0   0
2     0   0   0   0   0   0   0   0   0   0   0   0   0   0   1
3     0   0   0   0   0   0   0   0   0   0   0   0   0   0   0
4     0   0   0   0   0   0   0   0   0   0   0   0   0   0   0
5     0   0   0   0   0   0   0   0   0   0   0   0   0   0   0
6     0   0   0   0   0   0   0   0   0   0   0   0   0   0   0
7     0   0   0   0   0   0   0   0   0   0   0   0   0   0   0
8     0   0   0   0   0   0   0   0   0   0   0   0   0   0   0
9     0   0   0   0   0   0   0   0   0   0   0   0   0   0   0
10    0   0   0   0   0   0   0   0   0   0   0   0   0   0   0
11    0   0   0   0   0   0   0   0   0   0   0   0   1   0   0
12    0   0   0   0   0   0   0   0   0   0   0   0   0   0   1
13    0   0   0   0   0   0   0   0   0   0   0   0   0   0   0
14    0   0   0   0   0   0   0   0   0   0   0   0   0   0   0
15    0   0   0   0   0   0   0   0   0   0   0   0   0   0   0
16    0   0   0   0   0   0   0   0   0   0   0   0   0   0   0
17    0   0   0   0   0   0   0   0   0   0   0   0   0   0   0
18    0   0   0   0   0   0   0   0   0   0   0   0   0   0   0
19    0   0   0   0   0   0   0   0   0   0   0   0   0   0   0
20    0   0   0   0   0   0   0   0   0   0   0   0   0   0   0
21    0   0   0   0   0   0   0   0   0   0   0   0   0   0   0
22    0   0   0   0   0   0   0   0   0   0   0   0   0   0   0
23    0   0   0   0   0   0   0   0   0   0   0   0   0   0   0
24    0   0   0   0   0   0   0   0   0   0   0   0   0   0   0
25    0   0   0   0   0   0   0   0   0   0   0   0   1   0   0
26    0   0   0   0   0   0   0   0   0   0   0   0   0   0   1
27    0   0   0   0   0   0   0   0   0   0   0   0   0   0   0
28    0   0   0   0   0   0   0   0   0   0   0   0   0   0   0
29    0   0   0   0   0   0   0   0   0   0   0   0   1   0   0
30    0   0   0   0   0   0   0   0   0   0   0   0   0   0   0
31    0   0   0   0   0   0   0   0   0   0   0   0   0   0   0
32    0   0   0   0   0   0   0   0   0   0   0   0   0   0   0
33    0   0   0   0   0   0   0   0   0   0   0   0   0   0   0
34    0   0   0   0   0   0   0   0   0   0   0   0   0   0   0
35    0   0   0   0   0   0   0   0   0   0   0   0   0   0   0
36    0   0   0   0   0   0   0   0   0   0   0   0   0   0   0
37    0   0   0   0   0   0   0   0   0   0   0   0   0   1   0
38    0   0   0   0   0   0   0   0   0   0   0   0   0   1   0
39    0   0   0   0   0   0   0   0   0   0   0   0   0   0   0
40    0   0   0   0   0   0   0   0   0   0   0   0   0   0   0
41    0   0   0   0   0   0   0   0   0   0   0   0   0   0   0
42    0   0   0   0   0   0   0   0   0   0   0   0   0   1   0
43    0   0   0   0   0   0   0   0   0   0   0   0   0   0   0
44    0   0   0   0   0   0   0   0   0   0   0   0   0   0   0
45    0   0   0   0   0   0   0   0   0   0   0   0   0   0   0
46    0   0   0   0   0   0   0   0   0   0   0   0   0   0   0
47    0   0   0   0   0   0   0   0   0   0   0   0   0   0   0
48    0   0   0   0   0   0   0   0   0   0   0   0   0   0   0
49    0   0   0   0   0   0   0   0   0   0   0   0   0   0   0
50    0   0   0   0   0   0   0   0   0   0   0   0   0   0   0
51    0   0   0   0   0   0   0   0   0   0   0   0   0   0   0
52    0   0   0   0   0   0   0   0   0   0   0   0   0   0   1
53    0   0   0   0   0   0   0   0   0   0   0   0   0   0   0
54    0   0   0   0   0   0   0   0   0   0   0   0   0   0   1
55    0   0   0   0   0   0   0   0   0   0   0   0   0   0   0
56    0   0   0   0   0   0   0   0   0   0   0   0   0   0   0
57    0   0   0   0   0   0   0   0   0   0   0   0   0   0   0
58    0   0   0   0   0   0   0   0   0   0   0   0   0   0   0
59    0   0   0   0   0   0   0   0   0   0   0   0   0   0   0
60    0   0   0   0   0   0   0   0   0   0   0   0   0   0   0
61    0   0   0   0   0   0   0   0   0   0   0   0   0   0   0
62    0   0   0   0   0   0   0   0   0   0   0   0   0   1   0
63    0   0   0   0   0   0   0   0   0   0   0   0   0   0   0
64    0   0   0   0   0   0   0   0   0   0   0   0   0   0   0
65    0   0   0   0   0   0   0   0   0   0   0   0   0   0   0
66    0   0   0   0   0   0   0   0   0   0   0   0   0   0   0
67    0   0   0   0   0   0   0   0   0   0   0   0   0   0   0
68    0   0   0   0   0   0   0   0   0   0   0   0   0   0   0
69    0   0   0   0   0   0   0   0   0   0   0   0   0   0   0
70    0   0   0   0   0   0   0   0   0   0   0   0   0   0   0
71    0   0   0   0   0   0   0   0   0   0   0   0   0   0   0
72    0   0   0   0   0   0   0   0   0   0   0   0   0   0   0
73    0   0   0   0   0   0   0   0   0   0   0   0   0   0   0
74    0   0   0   0   0   0   0   0   0   0   0   1   0   0   0
75    0   0   0   0   0   0   0   0   0   0   0   0   0   0   0
76    0   0   0   0   0   0   0   0   0   0   0   0   0   0   0
77    0   0   0   0   0   0   0   0   0   0   0   0   0   0   0
78    0   0   0   0   0   0   0   0   0   0   0   0   0   0   0
79    0   0   0   0   0   0   0   0   0   0   0   0   0   0   0
80    0   0   0   0   0   0   0   0   0   0   0   0   0   0   0
81    0   0   0   0   0   0   0   0   0   0   0   0   0   0   0
82    0   0   0   0   0   0   0   0   0   0   0   0   0   0   0
83    0   0   0   0   0   0   0   0   0   0   0   0   0   1   0
84    0   0   0   0   0   0   0   0   0   0   0   0   0   0   0
85    0   0   0   0   0   0   0   0   0   0   0   0   0   0   0
86    0   0   0   0   0   0   0   0   0   0   0   0   0   0   0
87    0   0   0   0   0   0   0   0   0   0   0   0   0   0   0
88    0   0   0   0   0   0   0   0   0   0   0   0   0   0   0
89    0   0   0   0   0   0   0   0   0   0   0   0   0   0   0
90    0   0   0   0   0   0   0   0   0   0   0   0   0   0   0
91    0   0   0   0   0   0   0   0   0   0   0   0   0   0   0
92    0   0   0   0   0   0   0   0   0   0   0   0   0   0   0
93    0   0   0   0   0   0   0   0   0   0   0   0   0   0   0
94    0   0   0   0   0   0   0   0   0   0   0   0   0   0   0
95    0   0   0   0   0   0   0   0   0   0   0   0   0   0   0
96    0   0   0   0   0   0   0   0   0   0   0   0   0   0   0
97    0   0   0   0   0   0   0   0   0   0   0   0   0   0   0
98    0   0   0   0   0   0   0   0   0   0   0   0   1   0   0
99    0   0   0   0   0   0   0   0   0   0   0   0   0   0   0
100   0   0   0   0   0   0   0   0   0   0   0   0   0   0   0
101   0   0   0   0   0   0   0   0   0   0   0   0   0   0   0
102   0   0   0   0   0   0   0   0   0   0   0   0   0   0   0
103   0   0   0   0   0   0   0   0   0   0   0   0   0   0   0
104   0   0   0   0   0   0   0   0   0   0   0   0   1   0   0
105   0   0   0   0   0   0   0   0   0   0   0   0   0   0   0
106   0   0   0   0   0   0   0   0   0   0   0   0   0   0   0
107   0   0   0   0   0   0   0   0   0   0   0   0   0   0   0
108   1   0   0   0   0   0   0   0   0   0   0   0   0   0   0
109   0   1   0   0   0   0   0   0   0   0   0   0   0   0   0
110   0   0   1   0   0   0   0   0   0   0   0   0   0   0   0
111   0   0   0   1   0   0   0   0   0   0   0   0   0   0   0
112   0   0   0   0   1   0   0   0   0   0   0   0   0   0   0
113   0   0   0   0   0   1   0   0   0   0   0   0   0   0   0
114   0   0   0   0   0   0   1   0   0   0   0   0   0   0   0
115   0   0   0   0   0   0   0   1   0   0   0   0   0   0   0
116   0   0   0   0   0   0   0   0   1   0   0   0   0   0   0
117   0   0   0   0   0   0   0   0   0   1   0   0   0   0   0
118   0   0   0   0   0   0   0   0   0   0   1   0   0   0   0
119   0   0   0   0   0   0   0   0   0   0   0   1   0   0   0
120   0   0   0   0   0   0   0   0   0   0   0   1   0   0   0
121   0   0   0   0   0   0   0   0   0   0   0   1   0   0   0
122   0   0   0   0   0   0   0   0   0   0   0   1   0   0   0
;

vi[i] [*] :=
  1  1
  3  1
  4  1
  5  1
  6  1
  7  1
  8  1
  9  1
 10  1
 13  1
 14  1
 15  1
 16  1
 17  1
 18  1
 19  1
 20  1
 21  1
 22  1
 23  1
 24  1
 27  1
 28  1
 30  1
 31  1
 32  1
 33  1
 34  1
 35  1
 36  1
 39  1
 40  1
 41  1
 43  1
 44  1
 45  1
 46  1
 47  1
 48  1
 49  1
 50  1
 51  1
 53  1
 55  1
 56  1
 57  1
 58  1
 59  1
 60  1
 61  1
 63  1
 64  1
 65  1
 66  1
 67  1
 68  1
 69  1
 70  1
 71  1
 72  1
 73  1
 75  1
 76  1
 77  1
 78  1
 79  1
 80  1
 81  1
 82  1
 84  1
 85  1
 86  1
 87  1
 88  1
 89  1
 90  1
 91  1
 92  1
 93  1
 94  1
 95  1
 96  1
 97  1
 99  1
100  1
101  1
102  1
103  1
105  1
106  1
107  1
;

:   x[i]   c[i] travel[i] delay[i]    :=
108   1       0       0         0
109   1       0       0         0
110   1       0       0         0
111   1       0       0         0
112   1       0       0         0
113   1       0       0         0
114   1       0       0         0
115   1       0       0         0
116   1       0       0         0
117   1       0       0         0
118   1       0       0         0
123   1    4070    4070         0
125   1    7050    3850      3200
127   1    3465    3465         0
129   1    4125    4125         0
;

