#Nombre	DiaAten	ModelId		T.Servicio	Penalty
191_PR_3	-4	1	60	32360
101_PR_2	-3	1	60	32360
1_PR_1	-2	1	90	34374
341_SA_5	-6	1	70	34618
102_SA_2	-3	2	120	35368
2_SA_1	-2	2	90	35406
103_SA_2	-3	3	120	35674
104_LC_2	-3	4	120	36066
271_PR_4	-5	1	60	36326
105_LC_2	2	5	200	18287
342_PR_5	5	2	60	18332
192_PR_3	-4	2	130	36792
193_LC_3	3	3	70	18524
272_LC_4	-5	2	130	37096
273_LC_4	4	3	90	18557
343_LC_5	-6	3	45	37230
274_SA_4	-5	4	60	37292
3_SA_1	-2	3	75	37304
106_NU_2	-3	6	75	37464
107_PR_2	-3	7	30	37614
344_LC_5	-6	4	120	37642
108_LC_2	-3	8	10	37642
345_SA_5	-6	5	150	37668
194_PR_3	-4	4	20	37986
4_LC_1	-2	4	120	38022
195_SA_3	-4	5	150	38110
5_SA_1	-2	5	90	38112
197_SA_3	-4	6	120	38112
346_LC_5	-6	6	70	38112
199_SA_3	-4	7	80	38112
196_PR_3	-4	8	45	38112
198_SA_3	-4	9	60	38112
6_SA_1	-2	6	30	38196
200_SA_3	-4	10	60	38196
201_LC_3	-4	11	270	38196
347_SA_5	-6	7	20	38220
7_SA_1	-2	7	290	38284
202_SA_3	-4	12	180	38284
8_SA_1	1	8	60	19142
110_SA_2	-3	9	120	38284
111_SA_2	-3	10	120	38284
112_SA_2	-3	11	60	38284
109_SA_2	-3	12	110	38284
114_SA_2	-3	13	60	38284
113_SA_2	-3	14	60	38284
203_SA_3	-4	13	45	38284
115_PR_2	-3	15	90	38366
348_SA_5	-6	8	60	38482
349_SA_5	-6	9	15	38482
9_SA_1	-2	9	360	38586
10_SA_1	-2	10	60	38586
13_SA_1	-2	11	60	38586
14_SA_1	-2	12	90	38586
350_SA_5	-6	10	180	38586
12_SA_1	-2	13	75	38586
204_SA_3	-4	14	80	38586
205_SA_3	-4	15	60	38586
352_PR_5	5	11	70	19293
11_SA_1	-2	14	120	38586
275_SA_4	-5	5	90	38586
276_SA_4	-5	6	60	38586
277_SA_4	-5	7	120	38586
120_SA_2	-3	16	55	38586
279_SA_4	-5	8	300	38586
280_NU_4	-5	9	60	38586
119_SA_2	-3	17	60	38586
124_SA_2	-3	18	30	38586
121_LC_2	-3	19	45	38586
122_SA_2	-3	20	50	38586
351_SA_5	5	12	60	19293
118_SA_2	-3	21	120	38586
278_PR_4	-5	10	150	38586
116_SA_2	-3	22	60	38586
117_SA_2	-3	23	140	38586
123_SA_2	-3	24	50	38586
15_SA_1	-2	15	240	38638
125_SA_2	-3	25	60	38796
281_PR_4	-5	11	70	38796
282_LC_4	-5	12	90	38902
127_PR_2	2	26	80	19458
206_PR_3	-4	16	35	38916
126_PR_2	2	27	180	19458
353_SA_5	-6	13	5	39028
354_PR_5	-6	14	30	39144
16_SA_1	-2	16	110	39348
207_SA_3	-4	17	50	39348
128_SA_2	-3	28	120	39366
17_NU_1	-2	17	180	39378
129_NU_2	2	29	120	19689
283_SA_4	-5	13	180	39438
355_LC_5	-6	15	150	39566
130_SA_2	-3	30	90	39566
356_SA_5	-6	16	150	39736
131_PR_2	-3	31	215	39798
18_SA_1	-2	18	90	40014
208_SA_3	3	18	90	20007
209_SA_3	-4	19	45	40014
132_SA_2	-3	32	20	40014
19_SA_1	-2	19	180	40076
210_SA_3	-4	20	180	40076
284_SA_4	-5	14	240	40076
134_SA_2	-3	33	60	40106
133_SA_2	-3	34	90	40106
357_SA_5	-6	17	60	40106
285_SA_4	-5	15	60	40152
135_SA_2	-3	35	60	40240
20_SA_1	-2	20	60	40240
136_LC_2	-3	36	30	40250
286_PR_4	-5	16	60	40324
360_LC_5	-6	18	10	40324
358_PR_5	-6	19	70	40324
137_PR_2	2	37	150	20162
359_LC_5	-6	20	10	40324
361_SA_5	-6	21	10	40324
21_NU_1	-2	21	90	40354
211_NU_3	-4	21	40	40354
362_PR_5	-6	22	240	40462
22_PR_1	-2	22	60	40472
213_LC_3	-4	22	90	40472
139_PR_2	2	38	60	20236
140_SA_2	-3	39	50	40472
288_SA_4	-5	17	60	40472
287_PR_4	-5	18	90	40472
212_SA_3	-4	23	40	40472
138_VI_2	-3	40	90	40472
363_VI_5	-6	23	10	40478
214_VI_3	-4	24	25	40478
215_PR_3	-4	25	45	40520
23_SA_1	1	23	90	20270
24_PR_1	-2	24	100	40562
289_LC_4	-5	19	110	40576
25_PR_1	-2	25	90	40598
141_NU_2	-3	41	150	40598
26_NU_1	-2	26	420	40598
27_LC_1	1	27	180	20301
216_SA_3	-4	26	80	40606
28_SA_1	-2	28	30	40636
29_SA_1	1	29	60	20363
364_PR_5	-6	24	1	40730
217_SA_3	-4	27	150	40794
365_SA_5	5	25	120	20397
290_SA_4	-5	20	60	40794
291_SA_4	-5	21	150	40812
292_PR_4	-5	22	50	40910
293_PR_4	-5	23	165	40910
294_SA_4	4	24	90	20459
142_LC_2	-3	42	50	40978
218_SA_3	-4	28	120	41068
219_SA_3	-4	29	90	41068
143_SA_2	-3	43	180	41068
144_SA_2	-3	44	90	41182
145_LC_2	-3	45	60	41202
146_SA_2	-3	46	165	41202
147_LC_2	-3	47	30	41202
220_PR_3	3	30	60	20601
30_PR_1	1	30	60	20622
295_LC_4	-5	25	60	41252
366_SA_5	5	26	20	20663
32_SA_1	-2	31	90	41380
31_SA_1	-2	32	90	41380
367_PR_5	-6	27	15	41444
33_LC_1	-2	33	150	41506
221_PR_3	-4	31	35	41530
296_SA_4	-5	26	90	41536
222_PR_3	-4	32	60	41584
223_PR_3	-4	33	40	41642
224_PR_3	-4	34	50	41752
34_LC_1	-2	34	80	41780
148_SA_2	-3	48	90	41792
368_PR_5	-6	28	5	41794
369_SA_5	5	29	120	20911
370_SA_5	-6	30	140	41822
225_SA_3	-4	35	80	41840
35_SA_1	-2	35	105	41840
297_SA_4	-5	27	100	41848
36_LC_1	-2	36	60	41886
298_PR_4	4	28	120	20950
150_SA_2	-3	49	120	41906
149_SA_2	-3	50	235	41906
151_SA_2	-3	51	120	41920
38_PR_1	1	37	80	21005
371_PR_5	-6	31	30	42010
37_PR_1	-2	38	60	42010
39_LC_1	-2	39	90	42110
226_PR_3	-4	36	65	42112
372_LC_5	-6	32	60	42120
227_LC_3	-4	37	120	42182
40_SA_1	-2	40	60	42282
228_SA_3	-4	38	100	42314
152_LC_2	-3	52	1	42432
41_LC_1	-2	41	120	42440
42_PR_1	-2	42	60	42440
299_LC_4	-5	29	60	42442
43_SA_1	-2	43	207	42488
300_SA_4	4	30	105	21248
301_SA_4	-5	31	75	42496
44_PR_1	-2	44	25	42520
153_PR_2	-3	53	230	42532
302_SA_4	-5	32	90	42580
373_SA_5	-6	33	60	42620
154_PR_2	-3	54	170	42620
374_PR_5	-6	34	105	42620
155_SA_2	-3	55	240	42718
375_PR_5	-6	35	170	42758
229_SA_3	3	39	60	21385
156_PR_2	-3	56	80	42778
45_VI_1	-2	45	75	42868
46_SA_1	-2	46	90	42884
47_SA_1	-2	47	90	42884
230_PR_3	-4	40	30	42942
303_LC_4	-5	33	60	42944
376_PR_5	-6	36	75	42954
304_VI_4	-5	34	120	42958
231_SA_3	-4	41	80	42958
49_SA_1	-2	48	60	42958
306_SA_4	-5	35	270	42958
305_PR_4	-5	36	25	42958
377_PR_5	5	37	30	21479
157_SA_2	-3	57	150	42958
48_SA_1	-2	49	60	42958
232_PR_3	-4	42	120	42958
307_SA_4	-5	37	120	42968
233_SA_3	-4	43	40	43006
378_PR_5	5	38	30	21504
234_LC_3	-4	44	60	43030
235_LC_3	3	45	120	21519
379_LC_5	-6	39	60	43050
50_LC_1	-2	50	80	43120
158_PR_2	-3	58	85	43130
236_VI_3	-4	46	90	43142
308_PR_4	-5	38	30	43176
237_PR_3	-4	47	70	43176
159_SA_2	-3	59	55	43204
51_SA_1	-2	51	90	43204
160_PR_2	-3	60	60	43210
309_PR_4	-5	39	60	43276
310_PR_4	4	40	120	21638
161_LC_2	-3	61	180	43322
238_SA_3	-4	48	60	43382
162_SA_2	-3	62	1	43460
239_SA_3	-4	49	180	43522
52_PR_1	-2	52	30	43524
240_PR_3	-4	50	60	43524
53_NU_1	-2	53	90	43660
311_PR_4	-5	41	60	43868
241_SA_3	-4	51	20	43888
55_LC_1	-2	54	60	44000
54_LC_1	-2	55	60	44000
312_PR_4	-5	42	50	44024
56_LC_1	-2	56	150	44060
313_PR_4	-5	43	50	44106
163_PR_2	-3	63	120	44106
164_NU_2	-3	64	90	44160
314_SA_4	-5	44	20	44176
380_LC_5	-6	40	234	44352
59_SA_1	-2	57	60	44370
57_SA_1	-2	58	60	44370
58_SA_1	-2	59	60	44370
165_SA_2	2	65	120	22239
60_LC_1	-2	60	90	44544
167_SA_2	-3	66	60	44648
64_SA_1	-2	61	10	44648
62_SA_1	-2	62	150	44648
61_SA_1	-2	63	30	44648
166_SA_2	-3	67	40	44648
65_SA_1	1	64	30	22324
63_SA_1	-2	65	75	44648
381_SA_5	-6	41	60	44648
242_LC_3	-4	52	40	44662
315_SA_4	-5	45	180	44700
316_NU_4	-5	46	60	44804
66_PR_1	-2	66	75	44828
168_SA_2	-3	68	60	44892
67_SA_1	-2	67	60	44908
317_LC_4	-5	47	45	44918
243_SA_3	-4	53	120	44954
318_SA_4	-5	48	240	44954
68_SA_1	-2	68	120	44972
69_VI_1	-2	69	60	45006
382_PR_5	5	42	30	22508
319_PR_4	-5	49	90	45044
71_PR_1	1	70	520	22528
70_SA_1	1	71	180	22528
170_SA_2	-3	69	120	45056
244_SA_3	-4	54	80	45056
169_LC_2	-3	70	135	45056
171_PR_2	-3	71	65	45076
172_NU_2	-3	72	60	45190
321_SA_4	-5	50	240	45220
383_SA_5	-6	43	240	45220
73_PR_1	1	72	120	22610
72_SA_1	1	73	195	22610
320_SA_4	-5	51	120	45220
322_SA_4	-5	52	90	45220
245_SA_3	-4	55	160	45304
384_SA_5	-6	44	240	45304
323_SA_4	-5	53	120	45304
246_LC_3	-4	56	100	45358
247_SA_3	-4	57	90	45388
74_SA_1	1	74	60	22730
75_SA_1	1	75	75	22755
174_SA_2	-3	73	360	45510
173_SA_2	-3	74	55	45510
175_SA_2	-3	75	90	45510
385_SA_5	-6	45	60	45510
248_SA_3	-4	58	60	45558
176_SA_2	-3	76	90	45602
177_PR_2	-3	77	50	45672
249_SA_3	-4	59	75	45682
76_SA_1	1	76	100	22846
250_SA_3	-4	60	60	45732
77_SA_1	1	77	120	22866
178_NU_2	-3	78	20	45736
324_SA_4	-5	54	130	45760
325_PR_4	-5	55	180	45844
386_SA_5	-6	46	90	45844
179_PR_2	-3	79	100	45920
251_PR_3	-4	61	60	45962
180_LC_2	2	80	60	23033
326_SA_4	4	56	1	23090
78_SA_1	1	78	60	23090
79_SA_1	1	79	100	23090
181_LC_2	-3	81	120	46180
252_SA_3	-4	62	55	46180
387_SA_5	-6	47	90	46284
80_SA_1	1	80	90	23159
81_SA_1	1	81	60	23167
388_SA_5	-6	48	60	46366
389_SA_5	-6	49	90	46392
253_SA_3	-4	63	60	46392
82_VI_1	1	82	30	23205
390_LC_5	-6	50	180	46510
255_PR_3	-4	64	150	46626
254_PR_3	-4	65	60	46626
256_PR_3	-4	66	90	46650
257_SA_3	-4	67	5	46714
258_SA_3	-4	68	120	46740
83_SA_1	1	83	240	23370
327_SA_4	4	57	120	23449
84_LC_1	1	84	15	23470
85_PR_1	1	85	70	23590
86_PR_1	1	86	90	23602
259_SA_3	-4	69	110	47316
260_SA_3	-4	70	120	47358
261_SA_3	3	71	90	23738
87_SA_1	1	87	60	23833
262_SA_3	-4	72	120	47666
88_LC_1	1	88	120	23843
328_LC_4	4	58	120	23872
329_LC_4	-5	59	90	47744
182_LC_2	-3	82	60	47874
183_NU_2	-3	83	20	47906
263_SA_3	3	73	60	24012
184_SA_2	-3	84	15	48024
185_SA_2	-3	85	35	48046
331_SA_4	-5	60	160	48046
330_SA_4	-5	61	120	48046
264_SA_3	-4	74	65	48208
186_PR_2	-3	86	120	48224
187_SA_2	-3	87	210	48344
89_PR_1	1	89	70	24258
90_SA_1	1	90	90	24264
391_LC_5	-6	51	75	48594
393_PR_5	5	52	150	24301
91_PR_1	1	91	120	24301
392_PR_5	-6	53	35	48602
188_VI_2	-3	88	100	48746
332_PR_4	-5	62	120	48746
265_PR_3	-4	75	100	49410
92_SA_1	1	92	60	24743
333_VI_4	-5	63	90	49852
394_PR_5	5	54	75	24928
93_SA_1	1	93	90	24948
94_NU_1	1	94	160	25007
95_SA_1	1	95	140	25009
334_SA_4	-5	64	30	50250
96_VI_1	1	96	50	25145
98_PR_1	1	97	10	25314
97_PR_1	1	98	20	25314
335_SA_4	-5	65	30	50628
266_SA_3	3	76	80	25336
99_SA_1	1	99	75	25557
267_NU_3	3	77	50	25574
336_VI_4	-5	66	240	51550
337_PR_4	-5	67	1	51736
395_SA_5	-6	55	90	52080
338_SA_4	-5	68	60	52080
396_SA_5	-6	56	60	52662
397_SA_5	-6	57	10	52662
268_SA_3	-4	78	90	53164
398_NU_5	-6	58	150	53226
340_SA_4	-5	69	60	53226
339_SA_4	-5	70	140	53226
189_PR_2	-3	89	80	53226
399_SA_5	-6	59	60	53684
190_SA_2	2	90	30	26842
100_PR_1	1	100	60	26932
269_SA_3	-4	79	40	54414
400_PR_5	-6	60	45	54926
270_PR_3	3	80	75	27728
