#Nombre	DiaAten	ModelId		T.Servicio	Penalty
191_PR_3	3	1	60	2107
101_PR_2	-3	1	60	4214
1_PR_1	1	1	90	1603
341_SA_5	-6	1	70	6626
102_SA_2	-3	2	120	9052
2_SA_1	-2	2	90	9214
103_SA_2	-3	3	120	9546
104_LC_2	-3	4	120	10904
271_PR_4	-5	1	60	11704
105_LC_2	-3	5	200	11976
342_PR_5	-6	2	60	12012
192_PR_3	3	2	130	6234
193_LC_3	-4	3	70	15344
272_LC_4	4	2	130	7861
273_LC_4	4	3	90	8187
343_LC_5	5	3	45	8308
274_SA_4	4	4	60	8736
3_SA_1	1	3	75	8866
106_NU_2	2	6	75	9452
107_PR_2	2	7	30	9539
344_LC_5	5	4	120	9989
108_LC_2	2	8	10	9989
345_SA_5	5	5	150	10014
194_PR_3	3	4	20	10310
4_LC_1	-2	4	120	21264
195_SA_3	3	5	150	10644
5_SA_1	-2	5	90	21632
197_SA_3	3	6	120	10816
346_LC_5	5	6	70	10816
199_SA_3	-4	7	80	21632
196_PR_3	3	8	45	10816
198_SA_3	-4	9	60	21632
6_SA_1	1	6	30	10863
200_SA_3	3	10	60	10863
201_LC_3	-4	11	270	21726
347_SA_5	5	7	20	11189
7_SA_1	-2	7	290	22428
202_SA_3	3	12	180	11214
8_SA_1	1	8	60	11214
110_SA_2	2	9	120	11214
111_SA_2	2	10	120	11214
112_SA_2	2	11	60	11214
109_SA_2	-3	12	110	22428
114_SA_2	2	13	60	11214
113_SA_2	2	14	60	11214
203_SA_3	3	13	45	11214
115_PR_2	-3	15	90	22650
348_SA_5	5	8	60	11558
349_SA_5	5	9	15	11558
9_SA_1	-2	9	360	23442
10_SA_1	1	10	60	11721
13_SA_1	1	11	60	11721
14_SA_1	1	12	90	11721
350_SA_5	5	10	180	11721
12_SA_1	1	13	75	11721
204_SA_3	3	14	80	11721
205_SA_3	3	15	60	11721
352_PR_5	5	11	70	11721
11_SA_1	1	14	120	11721
275_SA_4	-5	5	90	23442
276_SA_4	4	6	60	11721
277_SA_4	4	7	120	11721
120_SA_2	2	16	55	11721
279_SA_4	4	8	300	11721
280_NU_4	4	9	60	11721
119_SA_2	2	17	60	11721
124_SA_2	2	18	30	11721
121_LC_2	2	19	45	11721
122_SA_2	2	20	50	11721
351_SA_5	5	12	60	11721
118_SA_2	-3	21	120	23442
278_PR_4	4	10	150	11721
116_SA_2	2	22	60	11721
117_SA_2	2	23	140	11721
123_SA_2	-3	24	50	23442
15_SA_1	1	15	240	11736
125_SA_2	-3	25	60	23484
281_PR_4	-5	11	70	23484
282_LC_4	4	12	90	12519
127_PR_2	-3	26	80	25388
206_PR_3	3	16	35	12694
126_PR_2	2	27	180	12694
353_SA_5	5	13	5	12801
354_PR_5	5	14	30	13160
16_SA_1	-2	16	110	26336
207_SA_3	3	17	50	13168
128_SA_2	2	28	120	13382
17_NU_1	-2	17	180	27134
129_NU_2	2	29	120	13567
283_SA_4	4	13	180	13914
355_LC_5	5	15	150	13977
130_SA_2	-3	30	90	27954
356_SA_5	5	16	150	14180
131_PR_2	-3	31	215	28892
18_SA_1	1	18	90	14559
208_SA_3	-4	18	90	29118
209_SA_3	-4	19	45	29118
132_SA_2	2	32	20	14559
19_SA_1	1	19	180	15350
210_SA_3	3	20	180	15350
284_SA_4	-5	14	240	30700
134_SA_2	2	33	60	16407
133_SA_2	2	34	90	16407
357_SA_5	5	17	60	16407
285_SA_4	4	15	60	16633
135_SA_2	2	35	60	17093
20_SA_1	1	20	60	17093
136_LC_2	2	36	30	17234
286_PR_4	4	16	60	17325
360_LC_5	5	18	10	17325
358_PR_5	5	19	70	17325
137_PR_2	2	37	150	17325
359_LC_5	5	20	10	17325
361_SA_5	5	21	10	17325
21_NU_1	1	21	90	17447
211_NU_3	3	21	40	17447
362_PR_5	5	22	240	17860
22_PR_1	1	22	60	17994
213_LC_3	3	22	90	17994
139_PR_2	2	38	60	17994
140_SA_2	2	39	50	17994
288_SA_4	4	17	60	17994
287_PR_4	4	18	90	17994
212_SA_3	3	23	40	17994
138_VI_2	2	40	90	17994
363_VI_5	5	23	10	18169
214_VI_3	-4	24	25	36338
215_PR_3	3	25	45	18431
23_SA_1	1	23	90	18544
24_PR_1	1	24	100	18664
289_LC_4	4	19	110	18711
25_PR_1	1	25	90	18880
141_NU_2	2	41	150	19036
26_NU_1	-2	26	420	38072
27_LC_1	1	27	180	19926
216_SA_3	3	26	80	19951
28_SA_1	1	28	30	20250
29_SA_1	1	29	60	20799
364_PR_5	5	24	1	21138
217_SA_3	3	27	150	21211
365_SA_5	5	25	120	21211
290_SA_4	4	20	60	21211
291_SA_4	4	21	150	21342
292_PR_4	4	22	50	21381
293_PR_4	4	23	165	21381
294_SA_4	4	24	90	21491
142_LC_2	2	42	50	21502
218_SA_3	-4	28	120	43450
219_SA_3	3	29	90	21725
143_SA_2	2	43	180	21725
144_SA_2	2	44	90	22022
145_LC_2	2	45	60	22195
146_SA_2	2	46	165	22195
147_LC_2	2	47	30	22195
220_PR_3	3	30	60	22195
30_PR_1	1	30	60	22277
295_LC_4	4	25	60	22568
366_SA_5	5	26	20	22713
32_SA_1	-2	31	90	45542
31_SA_1	1	32	90	22771
367_PR_5	5	27	15	22882
33_LC_1	1	33	150	22962
221_PR_3	3	31	35	22999
296_SA_4	4	26	90	23030
222_PR_3	3	32	60	23076
223_PR_3	3	33	40	23096
224_PR_3	3	34	50	23230
34_LC_1	1	34	80	23230
148_SA_2	2	48	90	23314
368_PR_5	5	28	5	23566
369_SA_5	5	29	120	23689
370_SA_5	5	30	140	23689
225_SA_3	3	35	80	23707
35_SA_1	1	35	105	23707
297_SA_4	4	27	100	23971
36_LC_1	1	36	60	23973
298_PR_4	4	28	120	23995
150_SA_2	2	49	120	24060
149_SA_2	2	50	235	24060
151_SA_2	2	51	120	24329
38_PR_1	1	37	80	24507
371_PR_5	5	31	30	24507
37_PR_1	1	38	60	24507
39_LC_1	1	39	90	24508
226_PR_3	3	36	65	24711
372_LC_5	5	32	60	24747
227_LC_3	3	37	120	24964
40_SA_1	1	40	60	25021
228_SA_3	3	38	100	25264
152_LC_2	2	52	1	25277
41_LC_1	1	41	120	25305
42_PR_1	-2	42	60	50610
299_LC_4	4	29	60	25315
43_SA_1	-2	43	207	51218
300_SA_4	4	30	105	25730
301_SA_4	4	31	75	25907
44_PR_1	1	44	25	25933
153_PR_2	2	53	230	25976
302_SA_4	4	32	90	26008
373_SA_5	5	33	60	26214
154_PR_2	2	54	170	26322
374_PR_5	5	34	105	26322
155_SA_2	2	55	240	26569
375_PR_5	5	35	170	26620
229_SA_3	3	39	60	26770
156_PR_2	2	56	80	27001
45_VI_1	-2	45	75	54048
46_SA_1	1	46	90	27223
47_SA_1	1	47	90	27223
230_PR_3	3	40	30	27493
303_LC_4	4	33	60	27609
376_PR_5	5	36	75	27844
304_VI_4	4	34	120	27845
231_SA_3	3	41	80	27845
49_SA_1	1	48	60	27845
306_SA_4	4	35	270	27845
305_PR_4	4	36	25	27845
377_PR_5	5	37	30	27845
157_SA_2	2	57	150	27845
48_SA_1	1	49	60	27845
232_PR_3	3	42	120	27845
307_SA_4	4	37	120	28275
233_SA_3	3	43	40	28322
378_PR_5	5	38	30	28348
234_LC_3	3	44	60	28427
235_LC_3	3	45	120	28757
379_LC_5	5	39	60	28854
50_LC_1	1	50	80	28875
158_PR_2	2	58	85	29066
236_VI_3	3	46	90	29172
308_PR_4	4	38	30	29180
237_PR_3	3	47	70	29180
159_SA_2	2	59	55	29423
51_SA_1	1	51	90	29423
160_PR_2	2	60	60	29451
309_PR_4	4	39	60	29638
310_PR_4	4	40	120	29638
161_LC_2	2	61	180	29673
238_SA_3	3	48	60	29930
162_SA_2	2	62	1	29941
239_SA_3	3	49	180	29956
52_PR_1	1	52	30	29985
240_PR_3	3	50	60	29985
53_NU_1	1	53	90	30068
311_PR_4	4	41	60	30114
241_SA_3	3	51	20	30136
55_LC_1	1	54	60	30230
54_LC_1	1	55	60	30230
312_PR_4	4	42	50	30280
56_LC_1	1	56	150	30604
313_PR_4	4	43	50	30630
163_PR_2	2	63	120	30630
164_NU_2	2	64	90	30777
314_SA_4	4	44	20	31230
380_LC_5	5	40	234	32178
59_SA_1	1	57	60	32198
57_SA_1	1	58	60	32198
58_SA_1	1	59	60	32198
165_SA_2	2	65	120	32201
60_LC_1	1	60	90	32239
167_SA_2	2	66	60	32296
64_SA_1	1	61	10	32296
62_SA_1	1	62	150	32296
61_SA_1	1	63	30	32296
166_SA_2	2	67	40	32296
65_SA_1	1	64	30	32296
63_SA_1	1	65	75	32296
381_SA_5	5	41	60	32296
242_LC_3	3	52	40	32482
315_SA_4	4	45	180	32576
316_NU_4	4	46	60	32965
66_PR_1	1	66	75	33188
168_SA_2	2	68	60	33333
67_SA_1	1	67	60	33380
317_LC_4	4	47	45	33468
243_SA_3	3	53	120	33472
318_SA_4	4	48	240	33472
68_SA_1	1	68	120	33606
69_VI_1	-2	69	60	67414
382_PR_5	5	42	30	33844
319_PR_4	4	49	90	34022
71_PR_1	1	70	520	34158
70_SA_1	1	71	180	34158
170_SA_2	2	69	120	34158
244_SA_3	3	54	80	34158
169_LC_2	2	70	135	34158
171_PR_2	2	71	65	34284
172_NU_2	2	72	60	34350
321_SA_4	4	50	240	34576
383_SA_5	5	43	240	34576
73_PR_1	1	72	120	34576
72_SA_1	1	73	195	34576
320_SA_4	4	51	120	34576
322_SA_4	4	52	90	34576
245_SA_3	3	55	160	34626
384_SA_5	5	44	240	34626
323_SA_4	4	53	120	34626
246_LC_3	3	56	100	34635
247_SA_3	3	57	90	34807
74_SA_1	1	74	60	35093
75_SA_1	1	75	75	35112
174_SA_2	2	73	360	35112
173_SA_2	2	74	55	35112
175_SA_2	2	75	90	35112
385_SA_5	5	45	60	35112
248_SA_3	3	58	60	35131
176_SA_2	2	76	90	35300
177_PR_2	2	77	50	35867
249_SA_3	3	59	75	36104
76_SA_1	1	76	100	36255
250_SA_3	3	60	60	36328
77_SA_1	1	77	120	36328
178_NU_2	2	78	20	36585
324_SA_4	4	54	130	36808
325_PR_4	4	55	180	37016
386_SA_5	5	46	90	37151
179_PR_2	2	79	100	37235
251_PR_3	3	61	60	37554
180_LC_2	2	80	60	37713
326_SA_4	4	56	1	37827
78_SA_1	1	78	60	37827
79_SA_1	1	79	100	37827
181_LC_2	2	81	120	37827
252_SA_3	3	62	55	37827
387_SA_5	5	47	90	37885
80_SA_1	1	80	90	38576
81_SA_1	1	81	60	38847
388_SA_5	5	48	60	39387
389_SA_5	5	49	90	39390
253_SA_3	3	63	60	39390
82_VI_1	1	82	30	39413
390_LC_5	5	50	180	39607
255_PR_3	3	64	150	39976
254_PR_3	3	65	60	39976
256_PR_3	3	66	90	40313
257_SA_3	3	67	5	40447
258_SA_3	3	68	120	40603
83_SA_1	1	83	240	40603
327_SA_4	4	57	120	41136
84_LC_1	1	84	15	41430
85_PR_1	1	85	70	41534
86_PR_1	1	86	90	41568
259_SA_3	3	69	110	41804
260_SA_3	3	70	120	42083
261_SA_3	3	71	90	42376
87_SA_1	1	87	60	42582
262_SA_3	3	72	120	42582
88_LC_1	1	88	120	43294
328_LC_4	4	58	120	43341
329_LC_4	4	59	90	43341
182_LC_2	2	82	60	43661
183_NU_2	2	83	20	43673
263_SA_3	3	73	60	44325
184_SA_2	2	84	15	44325
185_SA_2	2	85	35	44750
331_SA_4	4	60	160	44750
330_SA_4	4	61	120	44750
264_SA_3	3	74	65	44830
186_PR_2	2	86	120	45510
187_SA_2	2	87	210	45805
89_PR_1	1	89	70	45967
90_SA_1	1	90	90	46017
391_LC_5	5	51	75	46150
393_PR_5	5	52	150	46176
91_PR_1	1	91	120	46176
392_PR_5	5	53	35	46176
188_VI_2	2	88	100	46244
332_PR_4	4	62	120	46252
265_PR_3	3	75	100	46514
92_SA_1	1	92	60	47241
333_VI_4	4	63	90	47637
394_PR_5	5	54	75	49261
93_SA_1	1	93	90	49616
94_NU_1	1	94	160	49843
95_SA_1	1	95	140	50349
334_SA_4	4	64	30	50394
96_VI_1	1	96	50	50403
98_PR_1	1	97	10	50676
97_PR_1	1	98	20	50676
335_SA_4	4	65	30	51027
266_SA_3	3	76	80	51190
99_SA_1	1	99	75	51747
267_NU_3	3	77	50	52390
336_VI_4	4	66	240	52458
337_PR_4	4	67	1	53126
395_SA_5	5	55	90	53223
338_SA_4	4	68	60	53223
396_SA_5	5	56	60	53536
397_SA_5	5	57	10	53536
268_SA_3	3	78	90	58458
398_NU_5	5	58	150	58853
340_SA_4	4	69	60	58853
339_SA_4	4	70	140	58853
189_PR_2	2	89	80	58853
399_SA_5	5	59	60	60545
190_SA_2	2	90	30	60545
100_PR_1	1	100	60	60740
269_SA_3	3	79	40	61685
400_PR_5	5	60	45	62952
270_PR_3	3	80	75	76790
