Iter 73
MasterProb = 38875.4

s [*] :=
1  72
2  71
3  73
4  74
5  75
;

SubProb = -92153.5
d = 0

distanceCost*(sum{l in 1 .. Lcap - 1} t[l]) = 1155

Iter 74
MasterProb = 38675.7

s [*] :=
1  12
2  59
3  73
4  74
5  75
;

SubProb = -393.151
d = 0

distanceCost*(sum{l in 1 .. Lcap - 1} t[l]) = 495

Iter 75
MasterProb = 38612.5

s [*] :=
1  72
2  39
3   1
4  10
5  11
;

SubProb = -1335.03
d = 0

distanceCost*(sum{l in 1 .. Lcap - 1} t[l]) = 2530

Iter 76
MasterProb = 37776.5

s [*] :=
1  19
2  34
3  73
4  74
5  75
;

SubProb = -455.626
d = 0

distanceCost*(sum{l in 1 .. Lcap - 1} t[l]) = 495

Iter 77
MasterProb = 37710.2

s [*] :=
1   2
2  34
3  73
4  74
5  75
;

SubProb = -394.207
d = 0

distanceCost*(sum{l in 1 .. Lcap - 1} t[l]) = 495

Iter 78
MasterProb = 37411

s [*] :=
1  21
2  71
3  73
4  74
5  75
;

SubProb = -300.228
d = 0

distanceCost*(sum{l in 1 .. Lcap - 1} t[l]) = 880

Iter 79
MasterProb = 37263.3

s [*] :=
1  65
2  41
3  72
4  34
5  38
;

SubProb = -155.025
d = 0

distanceCost*(sum{l in 1 .. Lcap - 1} t[l]) = 3575

Iter 80
MasterProb = 37263.3

s [*] :=
1  65
2   5
3   8
4  35
5  34
;

SubProb = -101.877
d = 0

distanceCost*(sum{l in 1 .. Lcap - 1} t[l]) = 3575

Iter 81
MasterProb = 37262.4

s [*] :=
1  20
2  31
3  73
4  74
5  75
;

SubProb = -85.7706
d = 0

distanceCost*(sum{l in 1 .. Lcap - 1} t[l]) = 880

Iter 82
MasterProb = 37234.4

s [*] :=
1  16
2   8
3  73
4  74
5  75
;

SubProb = -252.259
d = 0

distanceCost*(sum{l in 1 .. Lcap - 1} t[l]) = 660

Iter 83
MasterProb = 37172.1

s [*] :=
1   1
2  55
3  16
4  43
5  73
;

SubProb = -431.297
d = 0

distanceCost*(sum{l in 1 .. Lcap - 1} t[l]) = 1980

Iter 84
MasterProb = 37159.2

s [*] :=
1  47
2  29
3  73
4  74
5  75
;

SubProb = -333.626
d = 0

distanceCost*(sum{l in 1 .. Lcap - 1} t[l]) = 495

Iter 85
MasterProb = 37123.5

s [*] :=
1  31
2  52
3  16
4  35
5  72
;

SubProb = -515.898
d = 0

distanceCost*(sum{l in 1 .. Lcap - 1} t[l]) = 3355

Iter 86
MasterProb = 37099.8

s [*] :=
1  41
2  43
3  49
4  65
5  71
;

SubProb = -343.326
d = 0

distanceCost*(sum{l in 1 .. Lcap - 1} t[l]) = 3355

Iter 87
MasterProb = 37055.4

s [*] :=
1  34
2  66
3  73
4  74
5  75
;

SubProb = -169.775
d = 0

distanceCost*(sum{l in 1 .. Lcap - 1} t[l]) = 495

Iter 88
MasterProb = 37055.4

s [*] :=
1  16
2  72
3  39
4  23
5  73
;

SubProb = -196.568
d = 0

distanceCost*(sum{l in 1 .. Lcap - 1} t[l]) = 1980

Iter 89
MasterProb = 37024.1

s [*] :=
1  20
2  31
3  73
4  74
5  75
;

SubProb = 0
d = 0

distanceCost*(sum{l in 1 .. Lcap - 1} t[l]) = 880

Problema Entero
MasterProb = 43230

fo1 = 43230
fo2 = 0

x[j] [*] :=
 51  1
 62  1
 88  1
 91  1
 98  1
100  1
106  1
120  1
121  1
123  1
135  1
136  1
139  1
159  1
195  1
220  1
224  1
237  1
238  1
252  1
256  1
258  1
267  1
;

aa[i,j] [*,*]
:   51  62  88  91  98 100 106 120 121 123 135 136 139 159 195 220 224 237 238 :=
1    0   0   0   0   0   0   0   0   0   0   0   1   0   0   0   0   0   0   0
2    0   0   0   0   0   0   0   0   0   0   0   0   0   0   0   0   0   0   0
3    0   0   0   0   0   0   0   0   0   0   1   0   0   0   0   0   0   0   0
4    0   0   0   0   0   1   0   0   0   0   0   0   0   0   0   0   0   0   0
5    0   0   0   0   0   0   0   0   0   0   0   1   0   0   0   0   0   0   0
6    0   0   0   0   0   0   0   0   0   0   0   1   0   0   0   0   0   0   0
7    0   0   0   0   0   0   0   0   0   0   0   0   0   0   1   0   0   0   0
8    0   0   0   0   0   0   0   0   0   0   0   0   0   0   0   0   0   0   0
9    0   0   0   0   0   0   0   0   0   0   0   0   0   0   0   0   0   0   1
10   0   0   0   0   0   0   0   0   0   0   0   0   1   0   0   0   0   0   0
11   0   0   0   0   0   0   0   0   1   0   0   0   0   0   0   0   0   0   0
12   0   0   0   0   0   0   0   0   0   0   1   0   0   0   0   0   0   0   0
13   0   0   0   0   1   0   0   0   0   0   0   0   0   0   0   0   0   0   0
14   0   0   0   0   0   0   0   1   0   0   0   0   0   0   0   0   0   0   0
15   0   0   0   0   1   0   0   0   0   0   0   0   0   0   0   0   0   0   0
16   0   0   0   0   0   0   0   0   0   0   0   0   0   0   0   0   0   0   0
17   0   0   0   0   1   0   0   0   0   0   0   0   0   0   0   0   0   0   0
18   0   0   0   0   0   0   0   0   0   0   0   0   0   0   0   0   0   0   1
19   0   0   0   1   0   0   0   0   0   0   0   0   0   0   0   0   0   0   0
20   0   0   0   0   0   0   0   0   0   0   0   0   0   0   0   0   0   0   1
21   0   0   0   0   0   0   0   0   0   0   0   1   0   0   0   0   0   0   0
22   0   0   0   0   0   0   1   0   0   0   0   0   0   0   0   0   0   0   0
23   0   0   1   0   0   0   0   0   0   0   0   0   0   0   0   0   0   0   0
24   0   0   0   0   0   0   0   0   0   0   0   0   0   0   0   0   1   0   0
25   0   0   0   0   0   1   0   0   0   0   0   0   0   0   0   0   0   0   0
26   0   0   0   0   0   1   0   0   0   0   0   0   0   0   0   0   0   0   0
27   0   0   0   0   0   0   0   0   0   0   0   0   0   0   1   0   0   0   0
28   0   0   0   0   0   0   0   0   0   0   0   0   0   1   0   0   0   0   0
29   0   0   0   1   0   0   0   0   0   0   0   0   0   0   0   0   0   0   0
30   0   0   0   0   0   0   1   0   0   0   0   0   0   0   0   0   0   0   0
31   0   0   0   0   0   0   1   0   0   0   0   0   0   0   0   0   0   0   0
32   0   0   0   0   0   0   0   0   0   0   0   0   0   0   0   0   1   0   0
33   0   0   0   0   0   0   0   0   0   0   1   0   0   0   0   0   0   0   0
34   0   0   0   0   0   0   0   0   0   0   1   0   0   0   0   0   0   0   0
35   0   0   0   1   0   0   0   0   0   0   0   0   0   0   0   0   0   0   0
36   0   0   0   0   0   0   0   0   0   1   0   0   0   0   0   0   0   0   0
37   0   0   0   0   0   0   0   0   0   0   0   0   0   0   0   0   1   0   0
38   0   0   0   0   0   0   0   0   0   0   1   0   0   0   0   0   0   0   0
39   0   0   0   0   0   0   0   0   0   0   0   0   1   0   0   0   0   0   0
40   0   0   0   0   0   1   0   0   0   0   0   0   0   0   0   0   0   0   0
41   0   0   0   0   0   0   0   0   0   0   0   0   0   0   0   0   0   1   0
42   0   0   0   0   0   0   0   0   0   0   0   1   0   0   0   0   0   0   0
43   0   0   1   0   0   0   0   0   0   0   0   0   0   0   0   0   0   0   0
44   0   0   0   0   0   0   0   0   0   0   0   0   0   0   0   1   0   0   0
45   0   0   0   0   0   0   0   0   0   0   0   0   0   0   0   1   0   0   0
46   0   0   0   0   0   0   0   0   0   0   0   0   0   0   0   0   0   1   0
47   0   0   1   0   0   0   0   0   0   0   0   0   0   0   0   0   0   0   0
48   0   0   0   0   0   0   0   0   1   0   0   0   0   0   0   0   0   0   0
49   0   0   1   0   0   0   0   0   0   0   0   0   0   0   0   0   0   0   0
50   0   0   0   0   0   0   0   0   0   0   0   0   0   0   0   1   0   0   0
51   1   0   0   0   0   0   0   0   0   0   0   0   0   0   0   0   0   0   0
52   0   0   0   1   0   0   0   0   0   0   0   0   0   0   0   0   0   0   0
53   0   0   0   0   0   0   0   0   0   0   0   0   0   0   0   0   1   0   0
54   0   0   0   0   0   0   1   0   0   0   0   0   0   0   0   0   0   0   0
55   0   0   0   0   0   0   0   0   0   0   0   0   0   1   0   0   0   0   0
56   0   0   0   0   0   0   0   0   0   0   0   0   0   0   0   1   0   0   0
57   0   0   0   1   0   0   0   0   0   0   0   0   0   0   0   0   0   0   0
58   0   0   0   0   0   0   0   0   0   0   0   0   0   0   0   0   0   0   0
59   0   0   0   0   0   1   0   0   0   0   0   0   0   0   0   0   0   0   0
60   0   0   0   0   0   0   0   0   1   0   0   0   0   0   0   0   0   0   0
61   0   0   0   0   0   0   0   0   0   1   0   0   0   0   0   0   0   0   0
62   0   1   0   0   0   0   0   0   0   0   0   0   0   0   0   0   0   0   0
63   0   0   0   0   0   0   0   0   0   0   0   0   0   0   0   0   0   0   0
64   0   0   0   0   1   0   0   0   0   0   0   0   0   0   0   0   0   0   0
65   0   0   0   0   0   0   1   0   0   0   0   0   0   0   0   0   0   0   0
66   0   0   0   0   0   0   0   0   0   0   0   0   0   0   0   0   0   0   0
67   0   0   1   0   0   0   0   0   0   0   0   0   0   0   0   0   0   0   0
68   0   0   0   0   1   0   0   0   0   0   0   0   0   0   0   0   0   0   0
69   0   0   0   0   0   0   0   1   0   0   0   0   0   0   0   0   0   0   0
70   0   0   0   0   0   0   0   0   0   0   0   0   0   0   0   1   0   0   0
71   0   0   0   0   0   0   0   0   0   0   0   0   0   0   0   0   0   0   0
72   0   0   0   0   0   0   0   0   0   0   0   0   0   0   0   0   0   0   0

:  252 256 258 267    :=
1    0   0   0   0
2    1   0   0   0
3    0   0   0   0
4    0   0   0   0
5    0   0   0   0
6    0   0   0   0
7    0   0   0   0
8    0   0   0   1
9    0   0   0   0
10   0   0   0   0
11   0   0   0   0
12   0   0   0   0
13   0   0   0   0
14   0   0   0   0
15   0   0   0   0
16   0   0   0   1
17   0   0   0   0
18   0   0   0   0
19   0   0   0   0
20   0   0   0   0
21   0   0   0   0
22   0   0   0   0
23   0   0   0   0
24   0   0   0   0
25   0   0   0   0
26   0   0   0   0
27   0   0   0   0
28   0   0   0   0
29   0   0   0   0
30   0   0   0   0
31   0   0   0   0
32   0   0   0   0
33   0   0   0   0
34   0   0   0   0
35   0   0   0   0
36   0   0   0   0
37   0   0   0   0
38   0   0   0   0
39   0   0   0   0
40   0   0   0   0
41   0   0   0   0
42   0   0   0   0
43   0   0   0   0
44   0   0   0   0
45   0   0   0   0
46   0   0   0   0
47   0   0   0   0
48   0   0   0   0
49   0   0   0   0
50   0   0   0   0
51   0   0   0   0
52   0   0   0   0
53   0   0   0   0
54   0   0   0   0
55   0   0   0   0
56   0   0   0   0
57   0   0   0   0
58   1   0   0   0
59   0   0   0   0
60   0   0   0   0
61   0   0   0   0
62   0   0   0   0
63   0   1   0   0
64   0   0   0   0
65   0   0   0   0
66   0   1   0   0
67   0   0   0   0
68   0   0   0   0
69   0   0   0   0
70   0   0   0   0
71   0   0   1   0
72   0   0   1   0
;

vi[i] [*] :=
;

:   x[i]   c[i] travel[i] delay[i]    :=
51    1       0       0         0
62    1       0       0         0
88    1    2860    2860         0
91    1    3410    3410         0
98    1    5190    4070      1120
100   1    4380    3740       640
106   1    3795    3795         0
120   1     880     880         0
121   1    2035    2035         0
123   1     880     880         0
135   1    2750    2750         0
136   1    3575    3575         0
139   1     605     605         0
159   1     660     660         0
195   1     880     880         0
220   1    3520    3520         0
224   1    2640    2640         0
237   1     605     605         0
238   1    1760    1760         0
252   1     495     495         0
256   1     495     495         0
258   1    1155    1155         0
267   1     660     660         0
;

