#Nombre	DiaAten	ModelId		T.Servicio	Penalty
1_PR_1	1	1	90	24191
2_SA_1	1	2	90	37119
3_SA_1	1	3	75	20470
4_LC_1	1	4	120	39095
5_SA_1	1	5	90	37610
6_SA_1	1	6	30	37244
7_SA_1	1	7	290	33615
8_SA_1	1	8	60	33615
9_SA_1	1	9	360	28900
10_SA_1	1	10	60	28900
11_SA_1	1	11	120	28900
12_SA_1	1	12	75	28900
13_SA_1	-2	13	60	57800
14_SA_1	1	14	90	28900
15_SA_1	1	15	240	25507
16_SA_1	-2	16	110	74974
17_NU_1	1	17	180	39986
18_SA_1	1	18	90	27162
19_SA_1	1	19	180	28383
20_SA_1	1	20	60	26946
21_NU_1	1	21	90	28055
22_PR_1	1	22	60	21170
23_SA_1	1	23	90	31644
24_PR_1	1	24	100	37713
25_PR_1	1	25	90	18901
26_NU_1	1	26	420	19509
27_LC_1	1	27	180	29194
28_SA_1	1	28	30	24367
29_SA_1	1	29	60	19265
30_PR_1	1	30	60	23763
31_SA_1	1	31	90	30265
32_SA_1	1	32	90	30265
33_LC_1	1	33	150	22761
34_LC_1	1	34	80	16401
35_SA_1	1	35	105	23373
36_LC_1	1	36	60	27730
37_PR_1	-2	37	60	36872
38_PR_1	1	38	80	18436
39_LC_1	-2	39	90	56372
40_SA_1	1	40	60	38849
41_LC_1	1	41	120	24415
42_PR_1	1	42	60	24415
43_SA_1	1	43	207	30653
44_PR_1	1	44	25	32156
45_VI_1	-2	45	75	54130
46_SA_1	1	46	90	30129
47_SA_1	1	47	90	30129
48_SA_1	1	48	60	37203
49_SA_1	1	49	60	37203
50_LC_1	1	50	80	16433
51_SA_1	1	51	90	31060
52_PR_1	1	52	30	44068
53_NU_1	1	53	90	27298
54_LC_1	1	54	60	17150
55_LC_1	-2	55	60	34300
56_LC_1	1	56	150	24357
57_SA_1	1	57	60	24916
58_SA_1	1	58	60	24916
59_SA_1	1	59	60	24916
60_LC_1	1	60	90	43303
61_SA_1	1	61	30	33214
62_SA_1	1	62	150	33214
63_SA_1	1	63	75	33214
64_SA_1	1	64	10	33214
65_SA_1	1	65	30	33214
66_PR_1	1	66	75	26776
67_SA_1	1	67	60	38463
68_SA_1	1	68	120	28186
69_VI_1	1	69	60	32685
70_SA_1	1	70	180	25288
71_PR_1	-2	71	520	50576
72_SA_1	1	72	195	34650
73_PR_1	1	73	120	34650
74_SA_1	1	74	60	26768
75_SA_1	1	75	75	26716
76_SA_1	1	76	100	26031
77_SA_1	1	77	120	35508
78_SA_1	1	78	60	26168
79_SA_1	1	79	100	26168
80_SA_1	1	80	90	27909
81_SA_1	1	81	60	24497
82_VI_1	1	82	30	26130
83_SA_1	1	83	240	32611
84_LC_1	1	84	15	19093
85_PR_1	1	85	70	37862
86_PR_1	1	86	90	29543
87_SA_1	1	87	60	24693
88_LC_1	1	88	120	25148
89_PR_1	1	89	70	29742
90_SA_1	1	90	90	43211
91_PR_1	1	91	120	33053
92_SA_1	1	92	60	32384
93_SA_1	1	93	90	36963
94_NU_1	1	94	160	25993
95_SA_1	1	95	140	29210
96_VI_1	1	96	50	36251
97_PR_1	1	97	20	26141
98_PR_1	1	98	10	26141
99_SA_1	1	99	75	36349
100_PR_1	1	100	60	21240
101_PR_2	2	1	60	29165
102_SA_2	2	2	120	31581
103_SA_2	2	3	120	20250
104_LC_2	2	4	120	33687
105_LC_2	2	5	200	22785
106_NU_2	2	6	75	22017
107_PR_2	2	7	30	30204
108_LC_2	2	8	10	24690
109_SA_2	2	9	110	33615
110_SA_2	2	10	120	33615
111_SA_2	2	11	120	33615
112_SA_2	2	12	60	33615
113_SA_2	2	13	60	33615
114_SA_2	2	14	60	33615
115_PR_2	2	15	90	34482
116_SA_2	2	16	60	28900
117_SA_2	-3	17	140	57800
118_SA_2	2	18	120	28900
119_SA_2	2	19	60	28900
120_SA_2	2	20	55	28900
121_LC_2	2	21	45	28900
122_SA_2	2	22	50	28900
123_SA_2	2	23	50	28900
124_SA_2	2	24	30	28900
125_SA_2	2	25	60	32611
126_PR_2	2	26	180	27086
127_PR_2	2	27	80	27086
128_SA_2	2	28	120	25504
129_NU_2	2	29	120	39986
130_SA_2	-3	30	90	66432
131_PR_2	2	31	215	23598
132_SA_2	2	32	20	27162
133_SA_2	2	33	90	23936
134_SA_2	2	34	60	23936
135_SA_2	2	35	60	26946
136_LC_2	2	36	30	26806
137_PR_2	2	37	150	30349
138_VI_2	2	38	90	21170
139_PR_2	2	39	60	21170
140_SA_2	2	40	50	21170
141_NU_2	2	41	150	19509
142_LC_2	2	42	50	33661
143_SA_2	2	43	180	30814
144_SA_2	2	44	90	22799
145_LC_2	2	45	60	33515
146_SA_2	2	46	165	33515
147_LC_2	2	47	30	33515
148_SA_2	2	48	90	38216
149_SA_2	2	49	235	16567
150_SA_2	2	50	120	16567
151_SA_2	2	51	120	35967
152_LC_2	2	52	1	31593
153_PR_2	-3	53	230	64160
154_PR_2	2	54	170	27833
155_SA_2	-3	55	240	35412
156_PR_2	2	56	80	27419
157_SA_2	2	57	150	37203
158_PR_2	2	58	85	17223
159_SA_2	2	59	55	31060
160_PR_2	2	60	60	32976
161_LC_2	2	61	180	29481
162_SA_2	2	62	1	27627
163_PR_2	2	63	120	25778
164_NU_2	2	64	90	29534
165_SA_2	2	65	120	20735
166_SA_2	2	66	40	33214
167_SA_2	2	67	60	33214
168_SA_2	2	68	60	33021
169_LC_2	2	69	135	25288
170_SA_2	2	70	120	25288
171_PR_2	2	71	65	23472
172_NU_2	2	72	60	20116
173_SA_2	2	73	55	26716
174_SA_2	2	74	360	26716
175_SA_2	2	75	90	26716
176_SA_2	2	76	90	28978
177_PR_2	2	77	50	31182
178_NU_2	2	78	20	39902
179_PR_2	2	79	100	35038
180_LC_2	2	80	60	27002
181_LC_2	2	81	120	26168
182_LC_2	2	82	60	47705
183_NU_2	2	83	20	23837
184_SA_2	2	84	15	29431
185_SA_2	2	85	35	35660
186_PR_2	2	86	120	34576
187_SA_2	2	87	210	31291
188_VI_2	2	88	100	31394
189_PR_2	2	89	80	27693
190_SA_2	2	90	30	34104
191_PR_3	3	1	60	29165
192_PR_3	3	2	130	18392
193_LC_3	3	3	70	24784
194_PR_3	3	4	20	24440
195_SA_3	-4	5	150	46338
196_PR_3	3	6	45	37610
197_SA_3	3	7	120	37610
198_SA_3	3	8	60	37610
199_SA_3	3	9	80	37610
200_SA_3	3	10	60	37244
201_LC_3	3	11	270	37244
202_SA_3	3	12	180	33615
203_SA_3	3	13	45	33615
204_SA_3	3	14	80	28900
205_SA_3	3	15	60	28900
206_PR_3	3	16	35	27086
207_SA_3	3	17	50	37487
208_SA_3	3	18	90	27162
209_SA_3	3	19	45	27162
210_SA_3	3	20	180	28383
211_NU_3	3	21	40	28055
212_SA_3	3	22	40	21170
213_LC_3	3	23	90	21170
214_VI_3	3	24	25	29900
215_PR_3	3	25	45	25968
216_SA_3	3	26	80	16158
217_SA_3	3	27	150	30860
218_SA_3	3	28	120	30814
219_SA_3	3	29	90	30814
220_PR_3	3	30	60	33515
221_PR_3	3	31	35	27207
222_PR_3	3	32	60	39011
223_PR_3	3	33	40	29890
224_PR_3	3	34	50	27331
225_SA_3	3	35	80	23373
226_PR_3	3	36	65	38773
227_LC_3	3	37	120	32262
228_SA_3	3	38	100	33279
229_SA_3	3	39	60	26288
230_PR_3	3	40	30	34946
231_SA_3	3	41	80	37203
232_PR_3	3	42	120	37203
233_SA_3	3	43	40	31145
234_LC_3	3	44	60	38555
235_LC_3	3	45	120	20428
236_VI_3	3	46	90	34532
237_PR_3	-4	47	70	48434
238_SA_3	3	48	60	19778
239_SA_3	3	49	180	23988
240_PR_3	3	50	60	44068
241_SA_3	3	51	20	30812
242_LC_3	3	52	40	21382
243_SA_3	3	53	120	28320
244_SA_3	3	54	80	25288
245_SA_3	3	55	160	16882
246_LC_3	3	56	100	33230
247_SA_3	3	57	90	23575
248_SA_3	3	58	60	26963
249_SA_3	3	59	75	24001
250_SA_3	3	60	60	35508
251_PR_3	3	61	60	36440
252_SA_3	3	62	55	26168
253_SA_3	3	63	60	35965
254_PR_3	3	64	60	27844
255_PR_3	3	65	150	27844
256_PR_3	3	66	90	19180
257_SA_3	3	67	5	34241
258_SA_3	3	68	120	32611
259_SA_3	3	69	110	34608
260_SA_3	3	70	120	35736
261_SA_3	3	71	90	25907
262_SA_3	3	72	120	24693
263_SA_3	3	73	60	29431
264_SA_3	3	74	65	30369
265_PR_3	3	75	100	24179
266_SA_3	3	76	80	21657
267_NU_3	3	77	50	31872
268_SA_3	3	78	90	17609
269_SA_3	3	79	40	34226
270_PR_3	3	80	75	31393
271_PR_4	4	1	60	22420
272_LC_4	4	2	130	18207
273_LC_4	4	3	90	33154
274_SA_4	4	4	60	31990
275_SA_4	4	5	90	28900
276_SA_4	4	6	60	28900
277_SA_4	4	7	120	28900
278_PR_4	4	8	150	28900
279_SA_4	4	9	300	28900
280_NU_4	4	10	60	28900
281_PR_4	4	11	70	32611
282_LC_4	4	12	90	38473
283_SA_4	4	13	180	36700
284_SA_4	4	14	240	28383
285_SA_4	4	15	60	27936
286_PR_4	4	16	60	30349
287_PR_4	4	17	90	21170
288_SA_4	4	18	60	21170
289_LC_4	4	19	110	29529
290_SA_4	4	20	60	30860
291_SA_4	4	21	150	34792
292_PR_4	4	22	50	34567
293_PR_4	4	23	165	34567
294_SA_4	4	24	90	29197
295_LC_4	4	25	60	30028
296_SA_4	4	26	90	19149
297_SA_4	4	27	100	29149
298_PR_4	4	28	120	26732
299_LC_4	4	29	60	27096
300_SA_4	4	30	105	33853
301_SA_4	4	31	75	21218
302_SA_4	4	32	90	33577
303_LC_4	4	33	60	25631
304_VI_4	4	34	120	37203
305_PR_4	4	35	25	37203
306_SA_4	4	36	270	37203
307_SA_4	4	37	120	18104
308_PR_4	4	38	30	24217
309_PR_4	4	39	60	23726
310_PR_4	4	40	120	23726
311_PR_4	4	41	60	38927
312_PR_4	4	42	50	29396
313_PR_4	4	43	50	25778
314_SA_4	4	44	20	32431
315_SA_4	4	45	180	25920
316_NU_4	4	46	60	24252
317_LC_4	4	47	45	30837
318_SA_4	4	48	240	28320
319_PR_4	4	49	90	31545
320_SA_4	4	50	120	34650
321_SA_4	4	51	240	34650
322_SA_4	4	52	90	34650
323_SA_4	4	53	120	16882
324_SA_4	4	54	130	40019
325_PR_4	4	55	180	27645
326_SA_4	4	56	1	26168
327_SA_4	4	57	120	26949
328_LC_4	4	58	120	41475
329_LC_4	4	59	90	41475
330_SA_4	4	60	120	35660
331_SA_4	4	61	160	35660
332_PR_4	4	62	120	20836
333_VI_4	4	63	90	34590
334_SA_4	4	64	30	25476
335_SA_4	4	65	30	37190
336_VI_4	4	66	240	26446
337_PR_4	4	67	1	20706
338_SA_4	4	68	60	34413
339_SA_4	4	69	140	27693
340_SA_4	4	70	60	27693
341_SA_5	5	1	70	22427
342_PR_5	5	2	60	44998
343_LC_5	5	3	45	22356
344_LC_5	5	4	120	24690
345_SA_5	5	5	150	29579
346_LC_5	5	6	70	37610
347_SA_5	5	7	20	23284
348_SA_5	5	8	60	27316
349_SA_5	5	9	15	27316
350_SA_5	5	10	180	28900
351_SA_5	5	11	60	28900
352_PR_5	5	12	70	28900
353_SA_5	5	13	5	32571
354_PR_5	5	14	30	29554
355_LC_5	5	15	150	33216
356_SA_5	5	16	150	28930
357_SA_5	5	17	60	23936
358_PR_5	5	18	70	30349
359_LC_5	5	19	10	30349
360_LC_5	5	20	10	30349
361_SA_5	5	21	10	30349
362_PR_5	5	22	240	26795
363_VI_5	5	23	10	29900
364_PR_5	5	24	1	19174
365_SA_5	5	25	120	30860
366_SA_5	5	26	20	28901
367_PR_5	5	27	15	31560
368_PR_5	5	28	5	25677
369_SA_5	5	29	120	23940
370_SA_5	5	30	140	23940
371_PR_5	5	31	30	18436
372_LC_5	5	32	60	43094
373_SA_5	5	33	60	31073
374_PR_5	5	34	105	27833
375_PR_5	5	35	170	31405
376_PR_5	5	36	75	20269
377_PR_5	5	37	30	37203
378_PR_5	5	38	30	30828
379_LC_5	5	39	60	30045
380_LC_5	5	40	234	35452
381_SA_5	5	41	60	33214
382_PR_5	5	42	30	33620
383_SA_5	5	43	240	34650
384_SA_5	5	44	240	16882
385_SA_5	5	45	60	26716
386_SA_5	5	46	90	31328
387_SA_5	5	47	90	32566
388_SA_5	5	48	60	35385
389_SA_5	5	49	90	35965
390_LC_5	5	50	180	25053
391_LC_5	5	51	75	36715
392_PR_5	5	52	35	33053
393_PR_5	5	53	150	33053
394_PR_5	5	54	75	35388
395_SA_5	5	55	90	34413
396_SA_5	5	56	60	26366
397_SA_5	5	57	10	26366
398_NU_5	5	58	150	27693
399_SA_5	5	59	60	34104
400_PR_5	5	60	45	28510
