#Nombre	DiaAten	ModelId		T.Servicio	Penalty
191_PR_3	-4	1	60	15442
101_PR_2	2	1	60	7721
1_PR_1	1	1	90	14115
341_SA_5	5	1	70	15394
102_SA_2	-3	2	120	34358
2_SA_1	-2	2	90	34732
103_SA_2	2	3	120	17733
104_LC_2	-3	4	120	36132
271_PR_4	4	1	60	18204
105_LC_2	-3	5	200	36456
342_PR_5	5	2	60	18282
192_PR_3	3	2	130	18346
193_LC_3	3	3	70	18769
272_LC_4	4	2	130	18831
273_LC_4	4	3	90	19262
343_LC_5	5	3	45	19294
274_SA_4	4	4	60	19605
3_SA_1	-2	3	75	39846
106_NU_2	2	6	75	20531
107_PR_2	2	7	30	20611
344_LC_5	5	4	120	20626
108_LC_2	-3	8	10	41252
345_SA_5	5	5	150	20627
194_PR_3	3	4	20	20876
4_LC_1	1	4	120	20896
195_SA_3	3	5	150	20949
5_SA_1	1	5	90	21253
197_SA_3	-4	6	120	42506
346_LC_5	5	6	70	21253
199_SA_3	3	7	80	21253
196_PR_3	3	8	45	21253
198_SA_3	3	9	60	21253
6_SA_1	1	6	30	21280
200_SA_3	3	10	60	21280
201_LC_3	-4	11	270	42560
347_SA_5	5	7	20	21431
7_SA_1	1	7	290	21643
202_SA_3	3	12	180	21643
8_SA_1	1	8	60	21643
110_SA_2	2	9	120	21643
111_SA_2	2	10	120	21643
112_SA_2	2	11	60	21643
109_SA_2	-3	12	110	43286
114_SA_2	2	13	60	21643
113_SA_2	2	14	60	21643
203_SA_3	-4	13	45	43286
115_PR_2	-3	15	90	43412
348_SA_5	5	8	60	21743
349_SA_5	5	9	15	21743
9_SA_1	1	9	360	21754
10_SA_1	1	10	60	21754
13_SA_1	1	11	60	21754
14_SA_1	1	12	90	21754
350_SA_5	5	10	180	21754
12_SA_1	1	13	75	21754
204_SA_3	3	14	80	21754
205_SA_3	-4	15	60	43508
352_PR_5	5	11	70	21754
11_SA_1	1	14	120	21754
275_SA_4	4	5	90	21754
276_SA_4	4	6	60	21754
277_SA_4	4	7	120	21754
120_SA_2	2	16	55	21754
279_SA_4	4	8	300	21754
280_NU_4	-5	9	60	43508
119_SA_2	2	17	60	21754
124_SA_2	2	18	30	21754
121_LC_2	2	19	45	21754
122_SA_2	2	20	50	21754
351_SA_5	5	12	60	21754
118_SA_2	2	21	120	21754
278_PR_4	4	10	150	21754
116_SA_2	2	22	60	21754
117_SA_2	2	23	140	21754
123_SA_2	2	24	50	21754
15_SA_1	1	15	240	22035
125_SA_2	2	25	60	22045
281_PR_4	4	11	70	22045
282_LC_4	4	12	90	22114
127_PR_2	2	26	80	22123
206_PR_3	3	16	35	22123
126_PR_2	2	27	180	22123
353_SA_5	5	13	5	22172
354_PR_5	5	14	30	22178
16_SA_1	1	16	110	22515
207_SA_3	3	17	50	22515
128_SA_2	2	28	120	22600
17_NU_1	1	17	180	22855
129_NU_2	2	29	120	22855
283_SA_4	4	13	180	23138
355_LC_5	5	15	150	23298
130_SA_2	2	30	90	23298
356_SA_5	5	16	150	23528
131_PR_2	2	31	215	23576
18_SA_1	1	18	90	23589
208_SA_3	3	18	90	23589
209_SA_3	-4	19	45	47178
132_SA_2	2	32	20	23589
19_SA_1	1	19	180	23620
210_SA_3	3	20	180	23620
284_SA_4	4	14	240	23620
134_SA_2	2	33	60	23672
133_SA_2	2	34	90	23672
357_SA_5	5	17	60	23672
285_SA_4	4	15	60	23789
135_SA_2	2	35	60	23808
20_SA_1	-2	20	60	47616
136_LC_2	2	36	30	23840
286_PR_4	4	16	60	23907
360_LC_5	5	18	10	23907
358_PR_5	5	19	70	23907
137_PR_2	2	37	150	23907
359_LC_5	5	20	10	23907
361_SA_5	5	21	10	23907
21_NU_1	-2	21	90	47976
211_NU_3	3	21	40	23988
362_PR_5	5	22	240	24010
22_PR_1	1	22	60	24040
213_LC_3	3	22	90	24040
139_PR_2	2	38	60	24040
140_SA_2	2	39	50	24040
288_SA_4	4	17	60	24040
287_PR_4	4	18	90	24040
212_SA_3	3	23	40	24040
138_VI_2	2	40	90	24040
363_VI_5	5	23	10	24173
214_VI_3	3	24	25	24173
215_PR_3	3	25	45	24420
23_SA_1	1	23	90	24432
24_PR_1	1	24	100	24589
289_LC_4	4	19	110	24642
25_PR_1	1	25	90	24722
141_NU_2	2	41	150	24800
26_NU_1	-2	26	420	49600
27_LC_1	1	27	180	24808
216_SA_3	3	26	80	24820
28_SA_1	1	28	30	24950
29_SA_1	1	29	60	25193
364_PR_5	5	24	1	25250
217_SA_3	3	27	150	25481
365_SA_5	5	25	120	25481
290_SA_4	4	20	60	25481
291_SA_4	4	21	150	25486
292_PR_4	4	22	50	25507
293_PR_4	4	23	165	25507
294_SA_4	4	24	90	25554
142_LC_2	2	42	50	25556
218_SA_3	-4	28	120	51378
219_SA_3	3	29	90	25689
143_SA_2	2	43	180	25689
144_SA_2	2	44	90	25874
145_LC_2	2	45	60	25927
146_SA_2	2	46	165	25927
147_LC_2	2	47	30	25927
220_PR_3	3	30	60	25927
30_PR_1	1	30	60	26052
295_LC_4	4	25	60	26119
366_SA_5	5	26	20	26168
32_SA_1	1	31	90	26193
31_SA_1	1	32	90	26193
367_PR_5	5	27	15	26285
33_LC_1	-2	33	150	52706
221_PR_3	3	31	35	26430
296_SA_4	4	26	90	26461
222_PR_3	3	32	60	26480
223_PR_3	3	33	40	26499
224_PR_3	3	34	50	26518
34_LC_1	1	34	80	26519
148_SA_2	2	48	90	26641
368_PR_5	5	28	5	26644
369_SA_5	5	29	120	26662
370_SA_5	5	30	140	26662
225_SA_3	3	35	80	26722
35_SA_1	1	35	105	26722
297_SA_4	4	27	100	26915
36_LC_1	1	36	60	27013
298_PR_4	4	28	120	27026
150_SA_2	2	49	120	27091
149_SA_2	2	50	235	27091
151_SA_2	2	51	120	27164
38_PR_1	1	37	80	27165
371_PR_5	5	31	30	27165
37_PR_1	1	38	60	27165
39_LC_1	1	39	90	27179
226_PR_3	3	36	65	27325
372_LC_5	5	32	60	27331
227_LC_3	3	37	120	27445
40_SA_1	1	40	60	27457
228_SA_3	3	38	100	27478
152_LC_2	2	52	1	27522
41_LC_1	1	41	120	27628
42_PR_1	1	42	60	27628
299_LC_4	4	29	60	27756
43_SA_1	1	43	207	27776
300_SA_4	4	30	105	27858
301_SA_4	4	31	75	27893
44_PR_1	1	44	25	27910
153_PR_2	2	53	230	28029
302_SA_4	4	32	90	28030
373_SA_5	5	33	60	28034
154_PR_2	2	54	170	28062
374_PR_5	5	34	105	28062
155_SA_2	-3	55	240	56188
375_PR_5	5	35	170	28100
229_SA_3	3	39	60	28109
156_PR_2	2	56	80	28137
45_VI_1	1	45	75	28151
46_SA_1	1	46	90	28168
47_SA_1	1	47	90	28168
230_PR_3	3	40	30	28237
303_LC_4	4	33	60	28279
376_PR_5	5	36	75	28365
304_VI_4	4	34	120	28461
231_SA_3	3	41	80	28461
49_SA_1	1	48	60	28461
306_SA_4	4	35	270	28461
305_PR_4	4	36	25	28461
377_PR_5	5	37	30	28461
157_SA_2	-3	57	150	56922
48_SA_1	1	49	60	28461
232_PR_3	3	42	120	28461
307_SA_4	4	37	120	28465
233_SA_3	3	43	40	28502
378_PR_5	5	38	30	28545
234_LC_3	3	44	60	28583
235_LC_3	3	45	120	28585
379_LC_5	5	39	60	28661
50_LC_1	1	50	80	28744
158_PR_2	2	58	85	28795
236_VI_3	3	46	90	28830
308_PR_4	4	38	30	28896
237_PR_3	3	47	70	28896
159_SA_2	2	59	55	28913
51_SA_1	1	51	90	28913
160_PR_2	2	60	60	28959
309_PR_4	4	39	60	29082
310_PR_4	4	40	120	29082
161_LC_2	2	61	180	29086
238_SA_3	3	48	60	29174
162_SA_2	2	62	1	29176
239_SA_3	3	49	180	29255
52_PR_1	1	52	30	29309
240_PR_3	3	50	60	29309
53_NU_1	1	53	90	29347
311_PR_4	4	41	60	29402
241_SA_3	3	51	20	29511
55_LC_1	1	54	60	29554
54_LC_1	1	55	60	29554
312_PR_4	4	42	50	29606
56_LC_1	1	56	150	29738
313_PR_4	4	43	50	29757
163_PR_2	2	63	120	29757
164_NU_2	2	64	90	29761
314_SA_4	4	44	20	29787
380_LC_5	5	40	234	29880
59_SA_1	1	57	60	29947
57_SA_1	1	58	60	29947
58_SA_1	1	59	60	29947
165_SA_2	2	65	120	29958
60_LC_1	1	60	90	30014
167_SA_2	-3	66	60	60034
64_SA_1	1	61	10	30017
62_SA_1	1	62	150	30017
61_SA_1	1	63	30	30017
166_SA_2	2	67	40	30017
65_SA_1	1	64	30	30017
63_SA_1	1	65	75	30017
381_SA_5	5	41	60	30017
242_LC_3	3	52	40	30213
315_SA_4	-5	45	180	60618
316_NU_4	4	46	60	30326
66_PR_1	1	66	75	30338
168_SA_2	2	68	60	30339
67_SA_1	1	67	60	30388
317_LC_4	4	47	45	30391
243_SA_3	3	53	120	30422
318_SA_4	4	48	240	30422
68_SA_1	1	68	120	30431
69_VI_1	1	69	60	30489
382_PR_5	5	42	30	30491
319_PR_4	4	49	90	30539
71_PR_1	-2	70	520	61274
70_SA_1	1	71	180	30637
170_SA_2	2	69	120	30637
244_SA_3	3	54	80	30637
169_LC_2	2	70	135	30637
171_PR_2	2	71	65	30705
172_NU_2	2	72	60	30777
321_SA_4	4	50	240	30925
383_SA_5	5	43	240	30925
73_PR_1	1	72	120	30925
72_SA_1	1	73	195	30925
320_SA_4	4	51	120	30925
322_SA_4	4	52	90	30925
245_SA_3	3	55	160	31000
384_SA_5	5	44	240	31000
323_SA_4	4	53	120	31000
246_LC_3	3	56	100	31038
247_SA_3	-4	57	90	62254
74_SA_1	-2	74	60	62544
75_SA_1	1	75	75	31484
174_SA_2	2	73	360	31484
173_SA_2	2	74	55	31484
175_SA_2	2	75	90	31484
385_SA_5	5	45	60	31484
248_SA_3	3	58	60	31553
176_SA_2	2	76	90	31590
177_PR_2	-3	77	50	63424
249_SA_3	3	59	75	31718
76_SA_1	1	76	100	31908
250_SA_3	3	60	60	31944
77_SA_1	1	77	120	31944
178_NU_2	2	78	20	31949
324_SA_4	4	54	130	32011
325_PR_4	4	55	180	32021
386_SA_5	5	46	90	32090
179_PR_2	2	79	100	32102
251_PR_3	3	61	60	32252
180_LC_2	2	80	60	32296
326_SA_4	4	56	1	32344
78_SA_1	1	78	60	32344
79_SA_1	1	79	100	32344
181_LC_2	2	81	120	32344
252_SA_3	3	62	55	32344
387_SA_5	5	47	90	32351
80_SA_1	1	80	90	32398
81_SA_1	1	81	60	32415
388_SA_5	5	48	60	32439
389_SA_5	5	49	90	32464
253_SA_3	3	63	60	32464
82_VI_1	1	82	30	32508
390_LC_5	5	50	180	32580
255_PR_3	3	64	150	32580
254_PR_3	-4	65	60	65160
256_PR_3	3	66	90	32590
257_SA_3	3	67	5	32684
258_SA_3	3	68	120	32885
83_SA_1	1	83	240	32885
327_SA_4	4	57	120	33082
84_LC_1	1	84	15	33100
85_PR_1	1	85	70	33306
86_PR_1	1	86	90	33348
259_SA_3	3	69	110	33557
260_SA_3	3	70	120	33611
261_SA_3	3	71	90	33672
87_SA_1	1	87	60	33680
262_SA_3	3	72	120	33680
88_LC_1	-2	88	120	67660
328_LC_4	4	58	120	33901
329_LC_4	4	59	90	33901
182_LC_2	2	82	60	33903
183_NU_2	2	83	20	33983
263_SA_3	3	73	60	34054
184_SA_2	2	84	15	34054
185_SA_2	2	85	35	34159
331_SA_4	4	60	160	34159
330_SA_4	4	61	120	34159
264_SA_3	3	74	65	34165
186_PR_2	2	86	120	34662
187_SA_2	2	87	210	34902
89_PR_1	1	89	70	35165
90_SA_1	1	90	90	35184
391_LC_5	5	51	75	35247
393_PR_5	5	52	150	35303
91_PR_1	1	91	120	35303
392_PR_5	5	53	35	35303
188_VI_2	2	88	100	35395
332_PR_4	4	62	120	35483
265_PR_3	3	75	100	35837
92_SA_1	-2	92	60	71832
333_VI_4	4	63	90	35941
394_PR_5	5	54	75	36124
93_SA_1	1	93	90	36328
94_NU_1	1	94	160	36686
95_SA_1	1	95	140	36775
334_SA_4	4	64	30	36963
96_VI_1	1	96	50	36965
98_PR_1	1	97	10	36983
97_PR_1	1	98	20	36983
335_SA_4	4	65	30	37242
266_SA_3	3	76	80	37507
99_SA_1	-2	99	75	75664
267_NU_3	3	77	50	38027
336_VI_4	4	66	240	38190
337_PR_4	4	67	1	38434
395_SA_5	5	55	90	38899
338_SA_4	4	68	60	38899
396_SA_5	5	56	60	39205
397_SA_5	5	57	10	39205
268_SA_3	3	78	90	39474
398_NU_5	5	58	150	39609
340_SA_4	4	69	60	39609
339_SA_4	4	70	140	39609
189_PR_2	2	89	80	39609
399_SA_5	5	59	60	39767
190_SA_2	2	90	30	39767
100_PR_1	1	100	60	40598
269_SA_3	3	79	40	42130
400_PR_5	5	60	45	42790
270_PR_3	3	80	75	43834
