#Nombre	DiaAten	ModelId		T.Servicio	Penalty
191_PR_3	3	1	60	10752
101_PR_2	2	1	60	10752
1_PR_1	1	1	90	14257
341_SA_5	5	1	70	15167
102_SA_2	2	2	120	15289
2_SA_1	1	2	90	15367
103_SA_2	-3	3	120	31390
104_LC_2	2	4	120	15877
271_PR_4	4	1	60	15927
105_LC_2	2	5	200	15948
342_PR_5	5	2	60	16197
192_PR_3	3	2	130	16483
193_LC_3	3	3	70	16743
272_LC_4	4	2	130	16755
273_LC_4	4	3	90	16809
343_LC_5	5	3	45	16864
274_SA_4	4	4	60	16866
3_SA_1	1	3	75	16950
106_NU_2	2	6	75	17031
107_PR_2	2	7	30	17078
344_LC_5	5	4	120	17106
108_LC_2	2	8	10	17106
345_SA_5	5	5	150	17109
194_PR_3	3	4	20	17155
4_LC_1	1	4	120	17188
195_SA_3	3	5	150	17288
5_SA_1	1	5	90	17476
197_SA_3	3	6	120	17476
346_LC_5	5	6	70	17476
199_SA_3	3	7	80	17476
196_PR_3	3	8	45	17476
198_SA_3	3	9	60	17476
6_SA_1	1	6	30	17555
200_SA_3	3	10	60	17555
201_LC_3	3	11	270	17555
347_SA_5	5	7	20	17624
7_SA_1	-2	7	290	35250
202_SA_3	3	12	180	17625
8_SA_1	1	8	60	17625
110_SA_2	2	9	120	17625
111_SA_2	-3	10	120	35250
112_SA_2	2	11	60	17625
109_SA_2	2	12	110	17625
114_SA_2	2	13	60	17625
113_SA_2	2	14	60	17625
203_SA_3	3	13	45	17625
115_PR_2	2	15	90	17681
348_SA_5	5	8	60	17732
349_SA_5	5	9	15	17732
9_SA_1	1	9	360	17769
10_SA_1	-2	10	60	35538
13_SA_1	-2	11	60	35538
14_SA_1	1	12	90	17769
350_SA_5	5	10	180	17769
12_SA_1	1	13	75	17769
204_SA_3	3	14	80	17769
205_SA_3	3	15	60	17769
352_PR_5	5	11	70	17769
11_SA_1	1	14	120	17769
275_SA_4	4	5	90	17769
276_SA_4	4	6	60	17769
277_SA_4	4	7	120	17769
120_SA_2	2	16	55	17769
279_SA_4	4	8	300	17769
280_NU_4	4	9	60	17769
119_SA_2	2	17	60	17769
124_SA_2	2	18	30	17769
121_LC_2	2	19	45	17769
122_SA_2	2	20	50	17769
351_SA_5	5	12	60	17769
118_SA_2	2	21	120	17769
278_PR_4	4	10	150	17769
116_SA_2	2	22	60	17769
117_SA_2	2	23	140	17769
123_SA_2	2	24	50	17769
15_SA_1	-2	15	240	36050
125_SA_2	2	25	60	18278
281_PR_4	4	11	70	18278
282_LC_4	-5	12	90	36954
127_PR_2	-3	26	80	36960
206_PR_3	3	16	35	18480
126_PR_2	2	27	180	18480
353_SA_5	5	13	5	18646
354_PR_5	5	14	30	18871
16_SA_1	1	16	110	18909
207_SA_3	3	17	50	18909
128_SA_2	2	28	120	18965
17_NU_1	-2	17	180	37952
129_NU_2	2	29	120	18976
283_SA_4	4	13	180	18979
355_LC_5	5	15	150	19038
130_SA_2	2	30	90	19038
356_SA_5	5	16	150	19149
131_PR_2	2	31	215	19188
18_SA_1	1	18	90	19194
208_SA_3	3	18	90	19194
209_SA_3	3	19	45	19194
132_SA_2	2	32	20	19194
19_SA_1	1	19	180	19220
210_SA_3	3	20	180	19220
284_SA_4	4	14	240	19220
134_SA_2	2	33	60	19229
133_SA_2	2	34	90	19229
357_SA_5	5	17	60	19229
285_SA_4	4	15	60	19229
135_SA_2	2	35	60	19238
20_SA_1	1	20	60	19238
136_LC_2	2	36	30	19267
286_PR_4	4	16	60	19270
360_LC_5	5	18	10	19270
358_PR_5	5	19	70	19270
137_PR_2	-3	37	150	38540
359_LC_5	5	20	10	19270
361_SA_5	5	21	10	19270
21_NU_1	1	21	90	19298
211_NU_3	3	21	40	19298
362_PR_5	5	22	240	19308
22_PR_1	-2	22	60	38676
213_LC_3	3	22	90	19338
139_PR_2	2	38	60	19338
140_SA_2	2	39	50	19338
288_SA_4	4	17	60	19338
287_PR_4	4	18	90	19338
212_SA_3	3	23	40	19338
138_VI_2	2	40	90	19338
363_VI_5	5	23	10	19377
214_VI_3	3	24	25	19377
215_PR_3	3	25	45	19426
23_SA_1	1	23	90	19489
24_PR_1	1	24	100	19536
289_LC_4	4	19	110	19567
25_PR_1	1	25	90	19578
141_NU_2	-3	41	150	39232
26_NU_1	-2	26	420	39232
27_LC_1	1	27	180	19635
216_SA_3	3	26	80	19661
28_SA_1	1	28	30	19770
29_SA_1	1	29	60	19776
364_PR_5	5	24	1	19777
217_SA_3	3	27	150	19785
365_SA_5	5	25	120	19785
290_SA_4	4	20	60	19785
291_SA_4	4	21	150	19839
292_PR_4	4	22	50	19881
293_PR_4	4	23	165	19881
294_SA_4	4	24	90	19889
142_LC_2	2	42	50	19915
218_SA_3	3	28	120	19960
219_SA_3	3	29	90	19960
143_SA_2	2	43	180	19960
144_SA_2	2	44	90	19985
145_LC_2	2	45	60	19989
146_SA_2	2	46	165	19989
147_LC_2	2	47	30	19989
220_PR_3	3	30	60	19989
30_PR_1	-2	30	60	40012
295_LC_4	4	25	60	20043
366_SA_5	5	26	20	20069
32_SA_1	1	31	90	20077
31_SA_1	1	32	90	20077
367_PR_5	5	27	15	20110
33_LC_1	1	33	150	20176
221_PR_3	3	31	35	20195
296_SA_4	4	26	90	20270
222_PR_3	3	32	60	20328
223_PR_3	-4	33	40	40762
224_PR_3	3	34	50	20388
34_LC_1	1	34	80	20409
148_SA_2	-3	48	90	40892
368_PR_5	5	28	5	20516
369_SA_5	5	29	120	20527
370_SA_5	5	30	140	20527
225_SA_3	3	35	80	20539
35_SA_1	1	35	105	20539
297_SA_4	4	27	100	20557
36_LC_1	1	36	60	20688
298_PR_4	4	28	120	20761
150_SA_2	2	49	120	20778
149_SA_2	2	50	235	20778
151_SA_2	2	51	120	20794
38_PR_1	-2	37	80	41592
371_PR_5	5	31	30	20796
37_PR_1	1	38	60	20796
39_LC_1	1	39	90	20835
226_PR_3	3	36	65	20837
372_LC_5	5	32	60	20927
227_LC_3	3	37	120	20967
40_SA_1	1	40	60	20991
228_SA_3	3	38	100	21010
152_LC_2	2	52	1	21068
41_LC_1	1	41	120	21077
42_PR_1	1	42	60	21077
299_LC_4	4	29	60	21159
43_SA_1	1	43	207	21160
300_SA_4	4	30	105	21170
301_SA_4	4	31	75	21188
44_PR_1	1	44	25	21213
153_PR_2	-3	53	230	42444
302_SA_4	4	32	90	21237
373_SA_5	5	33	60	21245
154_PR_2	2	54	170	21309
374_PR_5	5	34	105	21309
155_SA_2	-3	55	240	42656
375_PR_5	5	35	170	21374
229_SA_3	3	39	60	21399
156_PR_2	2	56	80	21405
45_VI_1	1	45	75	21413
46_SA_1	1	46	90	21419
47_SA_1	1	47	90	21419
230_PR_3	3	40	30	21448
303_LC_4	4	33	60	21466
376_PR_5	5	36	75	21480
304_VI_4	4	34	120	21517
231_SA_3	3	41	80	21517
49_SA_1	1	48	60	21517
306_SA_4	4	35	270	21517
305_PR_4	4	36	25	21517
377_PR_5	5	37	30	21517
157_SA_2	2	57	150	21517
48_SA_1	1	49	60	21517
232_PR_3	3	42	120	21517
307_SA_4	4	37	120	21585
233_SA_3	3	43	40	21587
378_PR_5	5	38	30	21622
234_LC_3	3	44	60	21647
235_LC_3	-4	45	120	43376
379_LC_5	5	39	60	21712
50_LC_1	1	50	80	21756
158_PR_2	2	58	85	21761
236_VI_3	-4	46	90	43540
308_PR_4	4	38	30	21803
237_PR_3	3	47	70	21803
159_SA_2	2	59	55	21810
51_SA_1	1	51	90	21810
160_PR_2	2	60	60	21836
309_PR_4	4	39	60	21899
310_PR_4	4	40	120	21899
161_LC_2	-3	61	180	43810
238_SA_3	3	48	60	21907
162_SA_2	-3	62	1	44056
239_SA_3	3	49	180	22047
52_PR_1	1	52	30	22099
240_PR_3	3	50	60	22099
53_NU_1	1	53	90	22140
311_PR_4	4	41	60	22197
241_SA_3	3	51	20	22202
55_LC_1	1	54	60	22234
54_LC_1	1	55	60	22234
312_PR_4	4	42	50	22268
56_LC_1	1	56	150	22326
313_PR_4	4	43	50	22338
163_PR_2	2	63	120	22338
164_NU_2	2	64	90	22361
314_SA_4	4	44	20	22381
380_LC_5	5	40	234	22396
59_SA_1	1	57	60	22401
57_SA_1	1	58	60	22401
58_SA_1	1	59	60	22401
165_SA_2	2	65	120	22410
60_LC_1	1	60	90	22419
167_SA_2	2	66	60	22478
64_SA_1	1	61	10	22478
62_SA_1	-2	62	150	44956
61_SA_1	1	63	30	22478
166_SA_2	2	67	40	22478
65_SA_1	1	64	30	22478
63_SA_1	1	65	75	22478
381_SA_5	5	41	60	22478
242_LC_3	3	52	40	22487
315_SA_4	4	45	180	22514
316_NU_4	4	46	60	22620
66_PR_1	1	66	75	22643
168_SA_2	2	68	60	22644
67_SA_1	1	67	60	22698
317_LC_4	4	47	45	22703
243_SA_3	3	53	120	22708
318_SA_4	4	48	240	22708
68_SA_1	1	68	120	22744
69_VI_1	1	69	60	22859
382_PR_5	5	42	30	22861
319_PR_4	4	49	90	22894
71_PR_1	-2	70	520	45838
70_SA_1	1	71	180	22919
170_SA_2	2	69	120	22919
244_SA_3	3	54	80	22919
169_LC_2	2	70	135	22919
171_PR_2	2	71	65	22948
172_NU_2	2	72	60	22978
321_SA_4	4	50	240	23013
383_SA_5	5	43	240	23013
73_PR_1	1	72	120	23013
72_SA_1	1	73	195	23013
320_SA_4	4	51	120	23013
322_SA_4	4	52	90	23013
245_SA_3	3	55	160	23050
384_SA_5	5	44	240	23050
323_SA_4	4	53	120	23050
246_LC_3	3	56	100	23128
247_SA_3	-4	57	90	46266
74_SA_1	1	74	60	23205
75_SA_1	1	75	75	23279
174_SA_2	-3	73	360	46558
173_SA_2	2	74	55	23279
175_SA_2	2	75	90	23279
385_SA_5	5	45	60	23279
248_SA_3	3	58	60	23284
176_SA_2	2	76	90	23315
177_PR_2	2	77	50	23317
249_SA_3	3	59	75	23386
76_SA_1	1	76	100	23430
250_SA_3	3	60	60	23471
77_SA_1	1	77	120	23471
178_NU_2	2	78	20	23491
324_SA_4	4	54	130	23503
325_PR_4	4	55	180	23520
386_SA_5	5	46	90	23555
179_PR_2	2	79	100	23562
251_PR_3	3	61	60	23642
180_LC_2	2	80	60	23667
326_SA_4	4	56	1	23698
78_SA_1	1	78	60	23698
79_SA_1	1	79	100	23698
181_LC_2	2	81	120	23698
252_SA_3	-4	62	55	47396
387_SA_5	5	47	90	23793
80_SA_1	1	80	90	23847
81_SA_1	1	81	60	23852
388_SA_5	5	48	60	23883
389_SA_5	5	49	90	23937
253_SA_3	3	63	60	23937
82_VI_1	1	82	30	23974
390_LC_5	5	50	180	23985
255_PR_3	3	64	150	24030
254_PR_3	3	65	60	24030
256_PR_3	3	66	90	24057
257_SA_3	3	67	5	24113
258_SA_3	3	68	120	24172
83_SA_1	1	83	240	24172
327_SA_4	4	57	120	24180
84_LC_1	1	84	15	24182
85_PR_1	1	85	70	24327
86_PR_1	1	86	90	24330
259_SA_3	3	69	110	24334
260_SA_3	3	70	120	24406
261_SA_3	3	71	90	24446
87_SA_1	1	87	60	24451
262_SA_3	3	72	120	24451
88_LC_1	1	88	120	24456
328_LC_4	4	58	120	24474
329_LC_4	4	59	90	24474
182_LC_2	2	82	60	24478
183_NU_2	2	83	20	24580
263_SA_3	3	73	60	24639
184_SA_2	2	84	15	24639
185_SA_2	2	85	35	24862
331_SA_4	4	60	160	24862
330_SA_4	4	61	120	24862
264_SA_3	3	74	65	24995
186_PR_2	2	86	120	25028
187_SA_2	2	87	210	25054
89_PR_1	1	89	70	25097
90_SA_1	1	90	90	25103
391_LC_5	5	51	75	25135
393_PR_5	5	52	150	25175
91_PR_1	1	91	120	25175
392_PR_5	5	53	35	25175
188_VI_2	2	88	100	25210
332_PR_4	4	62	120	25245
265_PR_3	3	75	100	25297
92_SA_1	1	92	60	25317
333_VI_4	4	63	90	25455
394_PR_5	5	54	75	25545
93_SA_1	1	93	90	25596
94_NU_1	1	94	160	25684
95_SA_1	1	95	140	26011
334_SA_4	4	64	30	26163
96_VI_1	1	96	50	26170
98_PR_1	1	97	10	26190
97_PR_1	1	98	20	26190
335_SA_4	4	65	30	26388
266_SA_3	3	76	80	26390
99_SA_1	1	99	75	26572
267_NU_3	3	77	50	26693
336_VI_4	4	66	240	26741
337_PR_4	4	67	1	26969
395_SA_5	5	55	90	26975
338_SA_4	4	68	60	26975
396_SA_5	5	56	60	27104
397_SA_5	5	57	10	27104
268_SA_3	3	78	90	27164
398_NU_5	5	58	150	27269
340_SA_4	4	69	60	27269
339_SA_4	4	70	140	27269
189_PR_2	2	89	80	27269
399_SA_5	5	59	60	27402
190_SA_2	2	90	30	27402
100_PR_1	1	100	60	27650
269_SA_3	3	79	40	29129
400_PR_5	5	60	45	29174
270_PR_3	3	80	75	29542
