#cliente	day	place	penalty	service
191_PR_3	3	2	1171	60
101_PR_2	2	2	8515	60
1_PR_1	1	2	7926	90
341_SA_5	5	1	7999	70
102_SA_2	2	1	1747	120
2_SA_1	1	1	53485	90
103_SA_2	2	1	52467	120
104_LC_2	2	3	6415	120
271_PR_4	4	2	10256	60
105_LC_2	2	3	42591	200
342_PR_5	5	2	4774	60
192_PR_3	3	2	6192	130
193_LC_3	3	3	542	70
272_LC_4	4	3	59944	130
273_LC_4	4	3	7062	90
343_LC_5	5	3	56534	45
274_SA_4	4	1	51039	60
3_SA_1	1	1	67122	75
106_NU_2	2	5	61927	75
107_PR_2	2	2	54893	30
344_LC_5	5	3	39878	120
108_LC_2	2	3	57327	10
345_SA_5	5	1	4519	150
194_PR_3	3	2	53681	20
4_LC_1	1	3	4902	120
195_SA_3	3	1	10565	150
5_SA_1	1	1	39219	90
197_SA_3	3	1	52908	120
346_LC_5	5	3	68757	70
199_SA_3	3	1	36876	80
196_PR_3	3	2	53548	45
198_SA_3	3	1	50940	60
6_SA_1	1	1	10810	30
200_SA_3	3	1	2615	60
201_LC_3	3	3	10515	270
347_SA_5	5	1	42988	20
7_SA_1	1	1	48461	290
202_SA_3	3	1	62418	180
8_SA_1	1	1	53070	60
110_SA_2	2	1	43746	120
111_SA_2	2	1	49992	120
112_SA_2	2	1	53116	60
109_SA_2	2	1	52404	110
114_SA_2	2	1	42078	60
113_SA_2	2	1	43163	60
203_SA_3	3	1	43727	45
115_PR_2	2	2	53348	90
348_SA_5	5	1	13455	60
349_SA_5	5	1	9825	15
9_SA_1	1	1	6497	360
10_SA_1	1	1	9631	60
13_SA_1	1	1	11767	60
14_SA_1	1	1	765	90
350_SA_5	5	1	13276	180
12_SA_1	1	1	3404	75
204_SA_3	3	1	2903	80
205_SA_3	3	1	4285	60
352_PR_5	5	2	8516	70
11_SA_1	1	1	14006	120
275_SA_4	4	1	4887	90
276_SA_4	4	1	13566	60
277_SA_4	4	1	1668	120
120_SA_2	2	1	7143	55
279_SA_4	4	1	4406	300
280_NU_4	4	5	13103	60
119_SA_2	2	1	1211	60
124_SA_2	2	1	7323	30
121_LC_2	2	3	7265	45
122_SA_2	2	1	2201	50
351_SA_5	5	1	1749	60
118_SA_2	2	1	4206	120
278_PR_4	4	2	3132	150
116_SA_2	2	1	9593	60
117_SA_2	2	1	7656	140
123_SA_2	2	1	2086	50
15_SA_1	1	1	70993	240
125_SA_2	2	1	46816	60
281_PR_4	4	2	62917	70
282_LC_4	4	3	22147	90
127_PR_2	2	2	125238	80
206_PR_3	3	2	112643	35
126_PR_2	2	2	109244	180
353_SA_5	5	1	18054	5
354_PR_5	5	2	56843	30
16_SA_1	1	1	8710	110
207_SA_3	3	1	11973	50
128_SA_2	2	1	795	120
17_NU_1	1	5	6112	180
129_NU_2	2	5	7348	120
283_SA_4	4	1	6414	180
355_LC_5	5	3	385	150
130_SA_2	2	1	13216	90
356_SA_5	5	1	3245	150
131_PR_2	2	2	52092	215
18_SA_1	1	1	2250	90
208_SA_3	3	1	5344	90
209_SA_3	3	1	13920	45
132_SA_2	2	1	9202	20
19_SA_1	1	1	91935	180
210_SA_3	3	1	89965	180
284_SA_4	4	1	99569	240
134_SA_2	2	1	60311	60
133_SA_2	2	1	40565	90
357_SA_5	5	1	51892	60
285_SA_4	4	1	49144	60
135_SA_2	2	1	58680	60
20_SA_1	1	1	64348	60
136_LC_2	2	3	2039	30
286_PR_4	4	2	44488	60
360_LC_5	5	3	39380	10
358_PR_5	5	2	49666	70
137_PR_2	2	2	54335	150
359_LC_5	5	3	52631	10
361_SA_5	5	1	47828	10
21_NU_1	1	5	16993	90
211_NU_3	3	5	19311	40
362_PR_5	5	2	47905	240
22_PR_1	1	2	57748	60
213_LC_3	3	3	42197	90
139_PR_2	2	2	51993	60
140_SA_2	2	1	56482	50
288_SA_4	4	1	50253	60
287_PR_4	4	2	61482	90
212_SA_3	3	1	51974	40
138_VI_2	2	4	67770	90
363_VI_5	5	4	5510	10
214_VI_3	3	4	11590	25
215_PR_3	3	2	57804	45
23_SA_1	1	1	38446	90
24_PR_1	1	2	4032	100
289_LC_4	4	3	28218	110
25_PR_1	1	2	14616	90
141_NU_2	2	5	3182	150
26_NU_1	1	5	6944	420
27_LC_1	1	3	1990	180
216_SA_3	3	1	17118	80
28_SA_1	1	1	3512	30
29_SA_1	1	1	63366	60
364_PR_5	5	2	16014	1
217_SA_3	3	1	1261	150
365_SA_5	5	1	7166	120
290_SA_4	4	1	3919	60
291_SA_4	4	1	3143	150
292_PR_4	4	2	4395	50
293_PR_4	4	2	7960	165
294_SA_4	4	1	31992	90
142_LC_2	2	3	16658	50
218_SA_3	3	1	2996	120
219_SA_3	3	1	8275	90
143_SA_2	2	1	7019	180
144_SA_2	2	1	909	90
145_LC_2	2	3	3070	60
146_SA_2	2	1	955	165
147_LC_2	2	3	10073	30
220_PR_3	3	2	2798	60
30_PR_1	1	2	8493	60
295_LC_4	4	3	6779	60
366_SA_5	5	1	20373	20
32_SA_1	1	1	17667	90
31_SA_1	1	1	25458	90
367_PR_5	5	2	43773	15
33_LC_1	1	3	3059	150
221_PR_3	3	2	37704	35
296_SA_4	4	1	40412	90
222_PR_3	3	2	44824	60
223_PR_3	3	2	55176	40
224_PR_3	3	2	13261	50
34_LC_1	1	3	35593	80
148_SA_2	2	1	2679	90
368_PR_5	5	2	17694	5
369_SA_5	5	1	62089	120
370_SA_5	5	1	34058	140
225_SA_3	3	1	831	80
35_SA_1	1	1	3139	105
297_SA_4	4	1	10922	100
36_LC_1	1	3	52205	60
298_PR_4	4	2	3501	120
150_SA_2	2	1	9548	120
149_SA_2	2	1	280	235
151_SA_2	2	1	59854	120
38_PR_1	1	2	69859	80
371_PR_5	5	2	60492	30
37_PR_1	1	2	44212	60
39_LC_1	1	3	1132	90
226_PR_3	3	2	58292	65
372_LC_5	5	3	54359	60
227_LC_3	3	3	8721	120
40_SA_1	1	1	2768	60
228_SA_3	3	1	57256	100
152_LC_2	2	3	3403	1
41_LC_1	1	3	8214	120
42_PR_1	1	2	9146	60
299_LC_4	4	3	3353	60
43_SA_1	1	1	21121	207
300_SA_4	4	1	61766	105
301_SA_4	4	1	4274	75
44_PR_1	1	2	1678	25
153_PR_2	2	2	44540	230
302_SA_4	4	1	56250	90
373_SA_5	5	1	8660	60
154_PR_2	2	2	57152	170
374_PR_5	5	2	49401	105
155_SA_2	2	1	36923	240
375_PR_5	5	2	51286	170
229_SA_3	3	1	14449	60
156_PR_2	2	2	47859	80
45_VI_1	1	4	20966	75
46_SA_1	1	1	16039	90
47_SA_1	1	1	3637	90
230_PR_3	3	2	21772	30
303_LC_4	4	3	52273	60
376_PR_5	5	2	51124	75
304_VI_4	4	4	2191	120
231_SA_3	3	1	10053	80
49_SA_1	1	1	25784	60
306_SA_4	4	1	3313	270
305_PR_4	4	2	1438	25
377_PR_5	5	2	7554	30
157_SA_2	2	1	10091	150
48_SA_1	1	1	1509	60
232_PR_3	3	2	3510	120
307_SA_4	4	1	44218	120
233_SA_3	3	1	51280	40
378_PR_5	5	2	45595	30
234_LC_3	3	3	19435	60
235_LC_3	3	3	83	120
379_LC_5	5	3	41929	60
50_LC_1	1	3	49657	80
158_PR_2	2	2	9701	85
236_VI_3	3	4	15114	90
308_PR_4	4	2	38722	30
237_PR_3	3	2	46322	70
159_SA_2	2	1	9758	55
51_SA_1	1	1	7294	90
160_PR_2	2	2	42230	60
309_PR_4	4	2	48069	60
310_PR_4	4	2	44187	120
161_LC_2	2	3	39792	180
238_SA_3	3	1	9498	60
162_SA_2	2	1	6723	1
239_SA_3	3	1	47375	180
52_PR_1	1	2	3555	30
240_PR_3	3	2	9384	60
53_NU_1	1	5	53789	90
311_PR_4	4	2	43530	60
241_SA_3	3	1	50527	20
55_LC_1	1	3	4038	60
54_LC_1	1	3	1636	60
312_PR_4	4	2	201406	50
56_LC_1	1	3	12210	150
313_PR_4	4	2	14842	50
163_PR_2	2	2	1735	120
164_NU_2	2	5	10124	90
314_SA_4	4	1	5101	20
380_LC_5	5	3	322	234
59_SA_1	1	1	5179	60
57_SA_1	1	1	14239	60
58_SA_1	1	1	3604	60
165_SA_2	2	1	59718	120
60_LC_1	1	3	19905	90
167_SA_2	2	1	59899	60
64_SA_1	1	1	47197	10
62_SA_1	1	1	55021	150
61_SA_1	1	1	45224	30
166_SA_2	2	1	57745	40
65_SA_1	1	1	49029	30
63_SA_1	1	1	45409	75
381_SA_5	5	1	39524	60
242_LC_3	3	3	40389	40
315_SA_4	4	1	719	180
316_NU_4	4	5	18872	60
66_PR_1	1	2	2323	75
168_SA_2	2	1	5626	60
67_SA_1	1	1	77	60
317_LC_4	4	3	51551	45
243_SA_3	3	1	4903	120
318_SA_4	4	1	485	240
68_SA_1	1	1	3764	120
69_VI_1	1	4	52416	60
382_PR_5	5	2	3981	30
319_PR_4	4	2	2018	90
71_PR_1	1	2	21317	520
70_SA_1	1	1	29682	180
170_SA_2	2	1	19818	120
244_SA_3	3	1	13968	80
169_LC_2	2	3	3086	135
171_PR_2	2	2	14345	65
172_NU_2	2	5	58081	60
321_SA_4	4	1	45784	240
383_SA_5	5	1	53466	240
73_PR_1	1	2	42724	120
72_SA_1	1	1	43549	195
320_SA_4	4	1	45745	120
322_SA_4	4	1	57765	90
245_SA_3	3	1	6919	160
384_SA_5	5	1	5393	240
323_SA_4	4	1	3121	120
246_LC_3	3	3	2974	100
247_SA_3	3	1	59530	90
74_SA_1	1	1	8066	60
75_SA_1	1	1	43379	75
174_SA_2	2	1	41665	360
173_SA_2	2	1	43276	55
175_SA_2	2	1	30871	90
385_SA_5	5	1	58333	60
248_SA_3	3	1	240	60
176_SA_2	2	1	5096	90
177_PR_2	2	2	5135	50
249_SA_3	3	1	44620	75
76_SA_1	1	1	2396	100
250_SA_3	3	1	41524	60
77_SA_1	1	1	51438	120
178_NU_2	2	5	438	20
324_SA_4	4	1	49562	130
325_PR_4	4	2	1950	180
386_SA_5	5	1	49123	90
179_PR_2	2	2	43458	100
251_PR_3	3	2	11033	60
180_LC_2	2	3	48951	60
326_SA_4	4	1	4311	1
78_SA_1	1	1	12004	60
79_SA_1	1	1	455	100
181_LC_2	2	3	2988	120
252_SA_3	3	1	12327	55
387_SA_5	5	1	52487	90
80_SA_1	1	1	52829	90
81_SA_1	1	1	19542	60
388_SA_5	5	1	1547	60
389_SA_5	5	1	53357	90
253_SA_3	3	1	45956	60
82_VI_1	1	4	364	30
390_LC_5	5	3	2915	180
255_PR_3	3	2	56134	150
254_PR_3	3	2	47666	60
256_PR_3	3	2	4538	90
257_SA_3	3	1	12190	5
258_SA_3	3	1	14456	120
83_SA_1	1	1	12547	240
327_SA_4	4	1	25033	120
84_LC_1	1	3	64954	15
85_PR_1	1	2	9097	70
86_PR_1	1	2	47533	90
259_SA_3	3	1	7407	110
260_SA_3	3	1	4682	120
261_SA_3	3	1	6028	90
87_SA_1	1	1	3134	60
262_SA_3	3	1	771	120
88_LC_1	1	3	64972	120
328_LC_4	4	3	46746	120
329_LC_4	4	3	36672	90
182_LC_2	2	3	46479	60
183_NU_2	2	5	2517	20
263_SA_3	3	1	55238	60
184_SA_2	2	1	36124	15
185_SA_2	2	1	59708	35
331_SA_4	4	1	56861	160
330_SA_4	4	1	52637	120
264_SA_3	3	1	50131	65
186_PR_2	2	2	1945	120
187_SA_2	2	1	34009	210
89_PR_1	1	2	42709	70
90_SA_1	1	1	7586	90
391_LC_5	5	3	45803	75
393_PR_5	5	2	50691	150
91_PR_1	1	2	57024	120
392_PR_5	5	2	46712	35
188_VI_2	2	4	1192	100
332_PR_4	4	2	13907	120
265_PR_3	3	2	37951	100
92_SA_1	1	1	43962	60
333_VI_4	4	4	35449	90
394_PR_5	5	2	52288	75
93_SA_1	1	1	14195	90
94_NU_1	1	5	44450	160
95_SA_1	1	1	480	140
334_SA_4	4	1	5095	30
96_VI_1	1	4	48560	50
98_PR_1	1	2	60980	10
97_PR_1	1	2	46109	20
335_SA_4	4	1	14206	30
266_SA_3	3	1	12424	80
99_SA_1	1	1	1123	75
267_NU_3	3	5	15683	50
336_VI_4	4	4	555	240
337_PR_4	4	2	4906	1
395_SA_5	5	1	2115	90
338_SA_4	4	1	511	60
396_SA_5	5	1	61701	60
397_SA_5	5	1	43202	10
268_SA_3	3	1	14281	90
398_NU_5	5	5	19304	150
340_SA_4	4	1	4570	60
339_SA_4	4	1	20959	140
189_PR_2	2	2	15108	80
399_SA_5	5	1	52057	60
190_SA_2	2	1	60105	30
100_PR_1	1	2	2190	60
269_SA_3	3	1	286977	40
400_PR_5	5	2	52995	45
270_PR_3	3	2	25472	75
