#Nombre	DiaAten	ModelId		T.Servicio	Penalty
191_PR_3	3	1	1	15558
101_PR_2	2	1	1	15558
1_PR_1	1	1	1	16764
341_SA_5	5	1	1	17010
102_SA_2	2	2	1	17123
2_SA_1	1	2	5	17306
103_SA_2	2	3	5	17508
104_LC_2	2	4	5	17948
271_PR_4	4	1	15	17998
105_LC_2	2	5	15	18233
342_PR_5	5	2	15	18267
192_PR_3	3	2	18	18269
193_LC_3	3	3	20	18374
272_LC_4	4	2	20	18424
273_LC_4	4	3	20	18454
343_LC_5	5	3	20	18502
274_SA_4	4	4	20	18516
3_SA_1	1	3	20	18555
106_NU_2	2	6	20	18607
107_PR_2	2	7	25	18643
344_LC_5	5	4	30	18687
108_LC_2	2	8	30	18687
345_SA_5	5	5	30	18878
194_PR_3	3	4	30	18901
4_LC_1	1	4	30	18935
195_SA_3	3	5	30	18955
5_SA_1	1	5	30	18957
197_SA_3	3	6	30	18957
346_LC_5	5	6	30	18957
199_SA_3	3	7	30	18957
196_PR_3	3	8	30	18957
198_SA_3	3	9	30	18957
6_SA_1	1	6	30	19051
200_SA_3	3	10	30	19051
201_LC_3	3	11	30	19051
347_SA_5	5	7	30	19111
7_SA_1	1	7	30	19114
202_SA_3	3	12	30	19114
8_SA_1	-2	8	30	38228
110_SA_2	2	9	30	19114
111_SA_2	2	10	30	19114
112_SA_2	2	11	30	19114
109_SA_2	2	12	30	19114
114_SA_2	2	13	30	19114
113_SA_2	2	14	30	19114
203_SA_3	3	13	30	19114
115_PR_2	2	15	30	19158
348_SA_5	5	8	35	19176
349_SA_5	5	9	35	19176
9_SA_1	1	9	35	19208
10_SA_1	1	10	35	19208
13_SA_1	1	11	35	19208
14_SA_1	1	12	35	19208
350_SA_5	5	10	35	19208
12_SA_1	1	13	35	19208
204_SA_3	3	14	35	19208
205_SA_3	3	15	35	19208
352_PR_5	5	11	35	19208
11_SA_1	1	14	35	19208
275_SA_4	4	5	35	19208
276_SA_4	4	6	35	19208
277_SA_4	4	7	35	19208
120_SA_2	2	16	35	19208
279_SA_4	4	8	35	19208
280_NU_4	4	9	35	19208
119_SA_2	2	17	35	19208
124_SA_2	2	18	35	19208
121_LC_2	2	19	35	19208
122_SA_2	2	20	35	19208
351_SA_5	5	12	35	19208
118_SA_2	-3	21	35	38416
278_PR_4	4	10	35	19208
116_SA_2	2	22	35	19208
117_SA_2	2	23	35	19208
123_SA_2	2	24	35	19208
15_SA_1	1	15	38	19218
125_SA_2	2	25	38	19222
281_PR_4	4	11	38	19222
282_LC_4	4	12	40	19289
127_PR_2	2	26	40	19290
206_PR_3	3	16	40	19290
126_PR_2	2	27	40	19290
353_SA_5	5	13	40	19299
354_PR_5	5	14	40	19383
16_SA_1	1	16	45	19390
207_SA_3	3	17	45	19390
128_SA_2	2	28	45	19392
17_NU_1	1	17	45	19409
129_NU_2	2	29	45	19409
283_SA_4	4	13	45	19589
355_LC_5	5	15	45	19656
130_SA_2	2	30	45	19656
356_SA_5	5	16	45	19657
131_PR_2	2	31	50	19684
18_SA_1	1	18	50	19703
208_SA_3	3	18	50	19703
209_SA_3	3	19	50	19703
132_SA_2	2	32	50	19703
19_SA_1	1	19	50	19715
210_SA_3	3	20	50	19715
284_SA_4	4	14	50	19715
134_SA_2	2	33	50	19734
133_SA_2	2	34	50	19734
357_SA_5	5	17	50	19734
285_SA_4	4	15	50	19756
135_SA_2	-3	35	50	39528
20_SA_1	1	20	50	19764
136_LC_2	2	36	50	19764
286_PR_4	4	16	52	19806
360_LC_5	5	18	52	19806
358_PR_5	5	19	52	19806
137_PR_2	2	37	52	19806
359_LC_5	5	20	52	19806
361_SA_5	5	21	52	19806
21_NU_1	1	21	57	19853
211_NU_3	3	21	57	19853
362_PR_5	5	22	57	19930
22_PR_1	1	22	60	19952
213_LC_3	3	22	60	19952
139_PR_2	2	38	60	19952
140_SA_2	2	39	60	19952
288_SA_4	4	17	60	19952
287_PR_4	4	18	60	19952
212_SA_3	3	23	60	19952
138_VI_2	2	40	60	19952
363_VI_5	5	23	60	19962
214_VI_3	3	24	60	19962
215_PR_3	3	25	60	20013
23_SA_1	1	23	60	20022
24_PR_1	1	24	60	20025
289_LC_4	4	19	60	20029
25_PR_1	1	25	60	20066
141_NU_2	2	41	60	20157
26_NU_1	1	26	60	20157
27_LC_1	1	27	60	20225
216_SA_3	3	26	60	20238
28_SA_1	1	28	60	20249
29_SA_1	1	29	60	20301
364_PR_5	5	24	60	20334
217_SA_3	3	27	60	20345
365_SA_5	5	25	60	20345
290_SA_4	4	20	60	20345
291_SA_4	4	21	60	20353
292_PR_4	4	22	60	20358
293_PR_4	4	23	60	20358
294_SA_4	4	24	60	20428
142_LC_2	2	42	60	20440
218_SA_3	3	28	60	20440
219_SA_3	3	29	60	20440
143_SA_2	2	43	60	20440
144_SA_2	2	44	60	20489
145_LC_2	2	45	60	20511
146_SA_2	2	46	60	20511
147_LC_2	2	47	60	20511
220_PR_3	3	30	60	20511
30_PR_1	1	30	60	20520
295_LC_4	4	25	60	20533
366_SA_5	5	26	60	20556
32_SA_1	1	31	60	20557
31_SA_1	1	32	60	20557
367_PR_5	5	27	60	20565
33_LC_1	1	33	60	20593
221_PR_3	3	31	60	20628
296_SA_4	4	26	60	20637
222_PR_3	3	32	60	20649
223_PR_3	3	33	60	20668
224_PR_3	-4	34	60	41376
34_LC_1	1	34	60	20689
148_SA_2	2	48	60	20717
368_PR_5	5	28	60	20738
369_SA_5	5	29	60	20738
370_SA_5	5	30	60	20738
225_SA_3	3	35	60	20742
35_SA_1	1	35	60	20742
297_SA_4	4	27	60	20784
36_LC_1	1	36	61	20787
298_PR_4	4	28	65	20790
150_SA_2	2	49	65	20802
149_SA_2	2	50	65	20802
151_SA_2	2	51	65	20830
38_PR_1	1	37	65	20843
371_PR_5	5	31	65	20843
37_PR_1	1	38	65	20843
39_LC_1	1	39	65	20851
226_PR_3	3	36	65	20864
372_LC_5	5	32	67	20874
227_LC_3	3	37	68	20878
40_SA_1	-2	40	70	41798
228_SA_3	3	38	70	20947
152_LC_2	2	52	70	20959
41_LC_1	1	41	70	20975
42_PR_1	1	42	70	20975
299_LC_4	4	29	70	20998
43_SA_1	1	43	73	21005
300_SA_4	4	30	75	21025
301_SA_4	4	31	75	21026
44_PR_1	1	44	75	21059
153_PR_2	2	53	75	21071
302_SA_4	4	32	75	21104
373_SA_5	5	33	75	21105
154_PR_2	2	54	75	21148
374_PR_5	5	34	75	21148
155_SA_2	2	55	75	21197
375_PR_5	5	35	75	21219
229_SA_3	3	39	75	21227
156_PR_2	2	56	75	21234
45_VI_1	1	45	75	21281
46_SA_1	1	46	75	21324
47_SA_1	1	47	75	21324
230_PR_3	3	40	78	21326
303_LC_4	4	33	79	21348
376_PR_5	5	36	80	21422
304_VI_4	4	34	80	21425
231_SA_3	3	41	80	21425
49_SA_1	1	48	80	21425
306_SA_4	4	35	80	21425
305_PR_4	4	36	80	21425
377_PR_5	5	37	80	21425
157_SA_2	2	57	80	21425
48_SA_1	1	49	80	21425
232_PR_3	3	42	80	21425
307_SA_4	4	37	80	21431
233_SA_3	3	43	80	21469
378_PR_5	5	38	80	21475
234_LC_3	3	44	80	21493
235_LC_3	3	45	85	21512
379_LC_5	5	39	85	21563
50_LC_1	1	50	90	21603
158_PR_2	2	58	90	21667
236_VI_3	3	46	90	21693
308_PR_4	4	38	90	21694
237_PR_3	3	47	90	21694
159_SA_2	2	59	90	21697
51_SA_1	1	51	90	21697
160_PR_2	2	60	90	21703
309_PR_4	4	39	90	21705
310_PR_4	4	40	90	21705
161_LC_2	2	61	90	21719
238_SA_3	3	48	90	21743
162_SA_2	2	62	90	21766
239_SA_3	3	49	90	21846
52_PR_1	1	52	90	21875
240_PR_3	3	50	90	21875
53_NU_1	1	53	90	21920
311_PR_4	4	41	90	21929
241_SA_3	3	51	90	21953
55_LC_1	1	54	90	21958
54_LC_1	1	55	90	21958
312_PR_4	4	42	90	21975
56_LC_1	1	56	90	21979
313_PR_4	4	43	90	21991
163_PR_2	2	63	90	21991
164_NU_2	2	64	90	22029
314_SA_4	4	44	90	22063
380_LC_5	5	40	90	22126
59_SA_1	1	57	90	22145
57_SA_1	1	58	90	22145
58_SA_1	1	59	90	22145
165_SA_2	-3	65	90	44292
60_LC_1	1	60	90	22160
167_SA_2	2	66	90	22256
64_SA_1	1	61	90	22256
62_SA_1	1	62	90	22256
61_SA_1	1	63	90	22256
166_SA_2	2	67	90	22256
65_SA_1	1	64	90	22256
63_SA_1	1	65	90	22256
381_SA_5	5	41	90	22256
242_LC_3	3	52	90	22264
315_SA_4	4	45	90	22299
316_NU_4	4	46	90	22304
66_PR_1	1	66	90	22357
168_SA_2	2	68	90	22372
67_SA_1	1	67	90	22391
317_LC_4	4	47	90	22443
243_SA_3	3	53	90	22464
318_SA_4	4	48	90	22464
68_SA_1	1	68	90	22512
69_VI_1	1	69	90	22597
382_PR_5	5	42	93	22597
319_PR_4	4	49	98	22608
71_PR_1	1	70	100	22617
70_SA_1	-2	71	100	45234
170_SA_2	2	69	100	22617
244_SA_3	3	54	100	22617
169_LC_2	2	70	100	22617
171_PR_2	2	71	100	22645
172_NU_2	2	72	100	22669
321_SA_4	4	50	100	22700
383_SA_5	5	43	100	22700
73_PR_1	1	72	100	22700
72_SA_1	1	73	100	22700
320_SA_4	4	51	100	22700
322_SA_4	4	52	100	22700
245_SA_3	3	55	100	22702
384_SA_5	5	44	100	22702
323_SA_4	4	53	100	22702
246_LC_3	3	56	100	22709
247_SA_3	3	57	100	22720
74_SA_1	1	74	100	22751
75_SA_1	1	75	100	22766
174_SA_2	2	73	100	22766
173_SA_2	2	74	100	22766
175_SA_2	2	75	100	22766
385_SA_5	5	45	100	22766
248_SA_3	3	58	102	22829
176_SA_2	2	76	102	22876
177_PR_2	2	77	105	22900
249_SA_3	3	59	105	22942
76_SA_1	1	76	105	22953
250_SA_3	3	60	105	22998
77_SA_1	1	77	105	22998
178_NU_2	2	78	108	23003
324_SA_4	4	54	108	23017
325_PR_4	4	55	110	23020
386_SA_5	5	46	110	23023
179_PR_2	2	79	110	23036
251_PR_3	3	61	111	23049
180_LC_2	2	80	120	23074
326_SA_4	4	56	120	23074
78_SA_1	1	78	120	23074
79_SA_1	1	79	120	23074
181_LC_2	2	81	120	23074
252_SA_3	3	62	120	23074
387_SA_5	5	47	120	23105
80_SA_1	1	80	120	23108
81_SA_1	1	81	120	23140
388_SA_5	5	48	120	23143
389_SA_5	5	49	120	23202
253_SA_3	3	63	120	23202
82_VI_1	1	82	120	23241
390_LC_5	5	50	120	23246
255_PR_3	3	64	120	23275
254_PR_3	3	65	120	23275
256_PR_3	3	66	120	23279
257_SA_3	3	67	120	23287
258_SA_3	3	68	120	23326
83_SA_1	1	83	120	23326
327_SA_4	4	57	120	23356
84_LC_1	1	84	120	23391
85_PR_1	1	85	120	23416
86_PR_1	1	86	120	23450
259_SA_3	3	69	120	23462
260_SA_3	3	70	120	23527
261_SA_3	3	71	128	23573
87_SA_1	1	87	130	23624
262_SA_3	3	72	130	23624
88_LC_1	-2	88	130	47342
328_LC_4	4	58	130	23687
329_LC_4	4	59	130	23687
182_LC_2	-3	82	130	47534
183_NU_2	2	83	130	23775
263_SA_3	3	73	138	23807
184_SA_2	2	84	138	23807
185_SA_2	2	85	140	23841
331_SA_4	4	60	140	23841
330_SA_4	4	61	140	23841
264_SA_3	3	74	150	23882
186_PR_2	2	86	150	23956
187_SA_2	2	87	150	24072
89_PR_1	1	89	150	24087
90_SA_1	1	90	150	24130
391_LC_5	5	51	150	24329
393_PR_5	5	52	150	24345
91_PR_1	1	91	150	24345
392_PR_5	5	53	150	24345
188_VI_2	2	88	160	24361
332_PR_4	4	62	168	24386
265_PR_3	3	75	170	24407
92_SA_1	1	92	173	24613
333_VI_4	4	63	178	24635
394_PR_5	5	54	180	24789
93_SA_1	1	93	180	24873
94_NU_1	1	94	180	24931
95_SA_1	1	95	180	25024
334_SA_4	4	64	180	25056
96_VI_1	1	96	180	25123
98_PR_1	1	97	180	25149
97_PR_1	1	98	180	25149
335_SA_4	4	65	180	25152
266_SA_3	3	76	180	25285
99_SA_1	1	99	200	25291
267_NU_3	3	77	200	25316
336_VI_4	4	66	207	25364
337_PR_4	4	67	207	25449
395_SA_5	5	55	210	25702
338_SA_4	4	68	210	25702
396_SA_5	5	56	215	25848
397_SA_5	5	57	215	25848
268_SA_3	3	78	230	26027
398_NU_5	5	58	234	26424
340_SA_4	4	69	234	26424
339_SA_4	4	70	234	26424
189_PR_2	2	89	234	26424
399_SA_5	5	59	240	26478
190_SA_2	2	90	240	26478
100_PR_1	-2	100	240	53616
269_SA_3	3	79	240	27067
400_PR_5	5	60	240	27402
270_PR_3	3	80	285	27405
