#Nombre	DiaAten	ModelId		T.Servicio	Penalty
191_PR_3	-4	1	60	2342
101_PR_2	2	1	60	8515
1_PR_1	1	1	90	7926
341_SA_5	5	1	70	7999
102_SA_2	2	2	120	1747
2_SA_1	1	2	90	53485
103_SA_2	2	3	120	52467
104_LC_2	2	4	120	6415
271_PR_4	4	1	60	10256
105_LC_2	2	5	200	42591
342_PR_5	5	2	60	4774
192_PR_3	3	2	130	6192
193_LC_3	-4	3	70	1084
272_LC_4	4	2	130	59944
273_LC_4	4	3	90	7062
343_LC_5	5	3	45	56534
274_SA_4	4	4	60	51039
3_SA_1	1	3	75	67122
106_NU_2	2	6	75	61927
107_PR_2	2	7	30	54893
344_LC_5	5	4	120	39878
108_LC_2	2	8	10	57327
345_SA_5	-6	5	150	9038
194_PR_3	3	4	20	53681
4_LC_1	1	4	120	4902
195_SA_3	3	5	150	10565
5_SA_1	1	5	90	39219
197_SA_3	3	6	120	52908
346_LC_5	5	6	70	68757
199_SA_3	3	7	80	36876
196_PR_3	3	8	45	53548
198_SA_3	3	9	60	50940
6_SA_1	1	6	30	10810
200_SA_3	3	10	60	2615
201_LC_3	-4	11	270	21030
347_SA_5	5	7	20	42988
7_SA_1	1	7	290	48461
202_SA_3	3	12	180	62418
8_SA_1	1	8	60	53070
110_SA_2	2	9	120	43746
111_SA_2	2	10	120	49992
112_SA_2	2	11	60	53116
109_SA_2	2	12	110	52404
114_SA_2	2	13	60	42078
113_SA_2	2	14	60	43163
203_SA_3	3	13	45	43727
115_PR_2	2	15	90	53348
348_SA_5	5	8	60	13455
349_SA_5	5	9	15	9825
9_SA_1	-2	9	360	12994
10_SA_1	1	10	60	9631
13_SA_1	1	11	60	11767
14_SA_1	1	12	90	765
350_SA_5	5	10	180	13276
12_SA_1	-2	13	75	6808
204_SA_3	-4	14	80	5806
205_SA_3	3	15	60	4285
352_PR_5	5	11	70	8516
11_SA_1	1	14	120	14006
275_SA_4	4	5	90	4887
276_SA_4	4	6	60	13566
277_SA_4	4	7	120	1668
120_SA_2	2	16	55	7143
279_SA_4	4	8	300	4406
280_NU_4	4	9	60	13103
119_SA_2	2	17	60	1211
124_SA_2	2	18	30	7323
121_LC_2	2	19	45	7265
122_SA_2	-3	20	50	4402
351_SA_5	5	12	60	1749
118_SA_2	-3	21	120	8412
278_PR_4	-5	10	150	6264
116_SA_2	2	22	60	9593
117_SA_2	2	23	140	7656
123_SA_2	2	24	50	2086
15_SA_1	1	15	240	70993
125_SA_2	2	25	60	46816
281_PR_4	4	11	70	62917
282_LC_4	4	12	90	22147
127_PR_2	2	26	80	125238
206_PR_3	3	16	35	112643
126_PR_2	2	27	180	109244
353_SA_5	5	13	5	18054
354_PR_5	5	14	30	56843
16_SA_1	-2	16	110	17420
207_SA_3	3	17	50	11973
128_SA_2	-3	28	120	1590
17_NU_1	1	17	180	6112
129_NU_2	2	29	120	7348
283_SA_4	4	13	180	6414
355_LC_5	-6	15	150	770
130_SA_2	2	30	90	13216
356_SA_5	-6	16	150	6490
131_PR_2	2	31	215	52092
18_SA_1	-2	18	90	4500
208_SA_3	3	18	90	5344
209_SA_3	3	19	45	13920
132_SA_2	2	32	20	9202
19_SA_1	1	19	180	91935
210_SA_3	3	20	180	89965
284_SA_4	4	14	240	99569
134_SA_2	2	33	60	60311
133_SA_2	2	34	90	40565
357_SA_5	5	17	60	51892
285_SA_4	4	15	60	49144
135_SA_2	2	35	60	58680
20_SA_1	1	20	60	64348
136_LC_2	2	36	30	2039
286_PR_4	4	16	60	44488
360_LC_5	5	18	10	39380
358_PR_5	5	19	70	49666
137_PR_2	2	37	150	54335
359_LC_5	5	20	10	52631
361_SA_5	5	21	10	47828
21_NU_1	1	21	90	16993
211_NU_3	3	21	40	19311
362_PR_5	5	22	240	47905
22_PR_1	1	22	60	57748
213_LC_3	3	22	90	42197
139_PR_2	2	38	60	51993
140_SA_2	2	39	50	56482
288_SA_4	4	17	60	50253
287_PR_4	4	18	90	61482
212_SA_3	3	23	40	51974
138_VI_2	2	40	90	67770
363_VI_5	5	23	10	5510
214_VI_3	3	24	25	11590
215_PR_3	3	25	45	57804
23_SA_1	1	23	90	38446
24_PR_1	1	24	100	4032
289_LC_4	4	19	110	28218
25_PR_1	1	25	90	14616
141_NU_2	-3	41	150	6364
26_NU_1	-2	26	420	13888
27_LC_1	-2	27	180	3980
216_SA_3	3	26	80	17118
28_SA_1	1	28	30	3512
29_SA_1	1	29	60	63366
364_PR_5	5	24	1	16014
217_SA_3	-4	27	150	2522
365_SA_5	5	25	120	7166
290_SA_4	4	20	60	3919
291_SA_4	-5	21	150	6286
292_PR_4	4	22	50	4395
293_PR_4	4	23	165	7960
294_SA_4	4	24	90	31992
142_LC_2	2	42	50	16658
218_SA_3	3	28	120	2996
219_SA_3	3	29	90	8275
143_SA_2	-3	43	180	14038
144_SA_2	-3	44	90	1818
145_LC_2	2	45	60	3070
146_SA_2	-3	46	165	1910
147_LC_2	2	47	30	10073
220_PR_3	3	30	60	2798
30_PR_1	1	30	60	8493
295_LC_4	4	25	60	6779
366_SA_5	5	26	20	20373
32_SA_1	1	31	90	17667
31_SA_1	1	32	90	25458
367_PR_5	5	27	15	43773
33_LC_1	-2	33	150	6118
221_PR_3	3	31	35	37704
296_SA_4	4	26	90	40412
222_PR_3	3	32	60	44824
223_PR_3	3	33	40	55176
224_PR_3	3	34	50	13261
34_LC_1	1	34	80	35593
148_SA_2	-3	48	90	5358
368_PR_5	5	28	5	17694
369_SA_5	5	29	120	62089
370_SA_5	5	30	140	34058
225_SA_3	-4	35	80	1662
35_SA_1	-2	35	105	6278
297_SA_4	4	27	100	10922
36_LC_1	1	36	60	52205
298_PR_4	4	28	120	3501
150_SA_2	2	49	120	9548
149_SA_2	-3	50	235	560
151_SA_2	2	51	120	59854
38_PR_1	1	37	80	69859
371_PR_5	5	31	30	60492
37_PR_1	1	38	60	44212
39_LC_1	1	39	90	1132
226_PR_3	3	36	65	58292
372_LC_5	5	32	60	54359
227_LC_3	3	37	120	8721
40_SA_1	1	40	60	2768
228_SA_3	3	38	100	57256
152_LC_2	2	52	1	3403
41_LC_1	-2	41	120	16428
42_PR_1	1	42	60	9146
299_LC_4	4	29	60	3353
43_SA_1	1	43	207	21121
300_SA_4	4	30	105	61766
301_SA_4	4	31	75	4274
44_PR_1	1	44	25	1678
153_PR_2	2	53	230	44540
302_SA_4	4	32	90	56250
373_SA_5	5	33	60	8660
154_PR_2	2	54	170	57152
374_PR_5	5	34	105	49401
155_SA_2	2	55	240	36923
375_PR_5	5	35	170	51286
229_SA_3	3	39	60	14449
156_PR_2	2	56	80	47859
45_VI_1	1	45	75	20966
46_SA_1	1	46	90	16039
47_SA_1	-2	47	90	7274
230_PR_3	3	40	30	21772
303_LC_4	4	33	60	52273
376_PR_5	5	36	75	51124
304_VI_4	-5	34	120	4382
231_SA_3	3	41	80	10053
49_SA_1	1	48	60	25784
306_SA_4	-5	35	270	6626
305_PR_4	-5	36	25	2876
377_PR_5	5	37	30	7554
157_SA_2	2	57	150	10091
48_SA_1	-2	49	60	3018
232_PR_3	-4	42	120	7020
307_SA_4	4	37	120	44218
233_SA_3	3	43	40	51280
378_PR_5	5	38	30	45595
234_LC_3	3	44	60	19435
235_LC_3	-4	45	120	166
379_LC_5	5	39	60	41929
50_LC_1	1	50	80	49657
158_PR_2	-3	58	85	19402
236_VI_3	3	46	90	15114
308_PR_4	4	38	30	38722
237_PR_3	3	47	70	46322
159_SA_2	2	59	55	9758
51_SA_1	1	51	90	7294
160_PR_2	2	60	60	42230
309_PR_4	4	39	60	48069
310_PR_4	4	40	120	44187
161_LC_2	2	61	180	39792
238_SA_3	3	48	60	9498
162_SA_2	2	62	1	6723
239_SA_3	3	49	180	47375
52_PR_1	1	52	30	3555
240_PR_3	3	50	60	9384
53_NU_1	1	53	90	53789
311_PR_4	4	41	60	43530
241_SA_3	3	51	20	50527
55_LC_1	1	54	60	4038
54_LC_1	-2	55	60	3272
312_PR_4	4	42	50	201406
56_LC_1	1	56	150	12210
313_PR_4	4	43	50	14842
163_PR_2	-3	63	120	3470
164_NU_2	2	64	90	10124
314_SA_4	4	44	20	5101
380_LC_5	-6	40	234	644
59_SA_1	-2	57	60	10358
57_SA_1	1	58	60	14239
58_SA_1	-2	59	60	7208
165_SA_2	2	65	120	59718
60_LC_1	1	60	90	19905
167_SA_2	2	66	60	59899
64_SA_1	1	61	10	47197
62_SA_1	1	62	150	55021
61_SA_1	1	63	30	45224
166_SA_2	2	67	40	57745
65_SA_1	1	64	30	49029
63_SA_1	1	65	75	45409
381_SA_5	5	41	60	39524
242_LC_3	3	52	40	40389
315_SA_4	-5	45	180	1438
316_NU_4	4	46	60	18872
66_PR_1	1	66	75	2323
168_SA_2	2	68	60	5626
67_SA_1	-2	67	60	154
317_LC_4	4	47	45	51551
243_SA_3	3	53	120	4903
318_SA_4	-5	48	240	970
68_SA_1	1	68	120	3764
69_VI_1	1	69	60	52416
382_PR_5	5	42	30	3981
319_PR_4	-5	49	90	4036
71_PR_1	1	70	520	21317
70_SA_1	1	71	180	29682
170_SA_2	2	69	120	19818
244_SA_3	3	54	80	13968
169_LC_2	-3	70	135	6172
171_PR_2	2	71	65	14345
172_NU_2	2	72	60	58081
321_SA_4	4	50	240	45784
383_SA_5	5	43	240	53466
73_PR_1	1	72	120	42724
72_SA_1	1	73	195	43549
320_SA_4	4	51	120	45745
322_SA_4	4	52	90	57765
245_SA_3	3	55	160	6919
384_SA_5	5	44	240	5393
323_SA_4	4	53	120	3121
246_LC_3	-4	56	100	5948
247_SA_3	3	57	90	59530
74_SA_1	1	74	60	8066
75_SA_1	1	75	75	43379
174_SA_2	2	73	360	41665
173_SA_2	2	74	55	43276
175_SA_2	2	75	90	30871
385_SA_5	5	45	60	58333
248_SA_3	3	58	60	240
176_SA_2	2	76	90	5096
177_PR_2	2	77	50	5135
249_SA_3	3	59	75	44620
76_SA_1	-2	76	100	4792
250_SA_3	3	60	60	41524
77_SA_1	1	77	120	51438
178_NU_2	2	78	20	438
324_SA_4	4	54	130	49562
325_PR_4	4	55	180	1950
386_SA_5	5	46	90	49123
179_PR_2	2	79	100	43458
251_PR_3	3	61	60	11033
180_LC_2	2	80	60	48951
326_SA_4	4	56	1	4311
78_SA_1	1	78	60	12004
79_SA_1	-2	79	100	910
181_LC_2	2	81	120	2988
252_SA_3	3	62	55	12327
387_SA_5	5	47	90	52487
80_SA_1	1	80	90	52829
81_SA_1	-2	81	60	39084
388_SA_5	-6	48	60	3094
389_SA_5	5	49	90	53357
253_SA_3	3	63	60	45956
82_VI_1	-2	82	30	728
390_LC_5	5	50	180	2915
255_PR_3	3	64	150	56134
254_PR_3	3	65	60	47666
256_PR_3	3	66	90	4538
257_SA_3	3	67	5	12190
258_SA_3	3	68	120	14456
83_SA_1	1	83	240	12547
327_SA_4	4	57	120	25033
84_LC_1	1	84	15	64954
85_PR_1	1	85	70	9097
86_PR_1	1	86	90	47533
259_SA_3	3	69	110	7407
260_SA_3	3	70	120	4682
261_SA_3	3	71	90	6028
87_SA_1	1	87	60	3134
262_SA_3	-4	72	120	1542
88_LC_1	1	88	120	64972
328_LC_4	4	58	120	46746
329_LC_4	4	59	90	36672
182_LC_2	2	82	60	46479
183_NU_2	2	83	20	2517
263_SA_3	3	73	60	55238
184_SA_2	2	84	15	36124
185_SA_2	2	85	35	59708
331_SA_4	4	60	160	56861
330_SA_4	4	61	120	52637
264_SA_3	3	74	65	50131
186_PR_2	2	86	120	1945
187_SA_2	2	87	210	34009
89_PR_1	1	89	70	42709
90_SA_1	1	90	90	7586
391_LC_5	5	51	75	45803
393_PR_5	5	52	150	50691
91_PR_1	1	91	120	57024
392_PR_5	5	53	35	46712
188_VI_2	2	88	100	1192
332_PR_4	4	62	120	13907
265_PR_3	3	75	100	37951
92_SA_1	1	92	60	43962
333_VI_4	4	63	90	35449
394_PR_5	5	54	75	52288
93_SA_1	1	93	90	14195
94_NU_1	1	94	160	44450
95_SA_1	-2	95	140	960
334_SA_4	4	64	30	5095
96_VI_1	1	96	50	48560
98_PR_1	1	97	10	60980
97_PR_1	1	98	20	46109
335_SA_4	4	65	30	14206
266_SA_3	3	76	80	12424
99_SA_1	-2	99	75	2246
267_NU_3	3	77	50	15683
336_VI_4	-5	66	240	1110
337_PR_4	4	67	1	4906
395_SA_5	5	55	90	2115
338_SA_4	-5	68	60	1022
396_SA_5	5	56	60	61701
397_SA_5	5	57	10	43202
268_SA_3	3	78	90	14281
398_NU_5	5	58	150	19304
340_SA_4	4	69	60	4570
339_SA_4	4	70	140	20959
189_PR_2	2	89	80	15108
399_SA_5	5	59	60	52057
190_SA_2	2	90	30	60105
100_PR_1	-2	100	60	4380
269_SA_3	3	79	40	286977
400_PR_5	5	60	45	52995
270_PR_3	3	80	75	25472
