#cliente	day	place	penalty	service
191_PR_3	3	2	2110	60
101_PR_2	2	2	2794	60
1_PR_1	1	2	553	90
341_SA_5	5	1	2114	70
102_SA_2	2	1	4122	120
2_SA_1	1	1	38629	90
103_SA_2	2	1	59619	120
104_LC_2	2	3	321	120
271_PR_4	4	2	21004	60
105_LC_2	2	3	43413	200
342_PR_5	5	2	525	60
192_PR_3	3	2	4674	130
193_LC_3	3	3	2217	70
272_LC_4	4	3	69509	130
273_LC_4	4	3	1969	90
343_LC_5	5	3	54771	45
274_SA_4	4	1	43753	60
3_SA_1	1	1	32086	75
106_NU_2	2	5	55243	75
107_PR_2	2	2	49437	30
344_LC_5	5	3	39308	120
108_LC_2	2	3	42724	10
345_SA_5	5	1	377	150
194_PR_3	3	2	56282	20
4_LC_1	1	3	2845	120
195_SA_3	3	1	2538	150
5_SA_1	1	1	50099	90
197_SA_3	3	1	49378	120
346_LC_5	5	3	60322	70
199_SA_3	3	1	41571	80
196_PR_3	3	2	49736	45
198_SA_3	3	1	39842	60
6_SA_1	1	1	7658	30
200_SA_3	3	1	8433	60
201_LC_3	3	3	7208	270
347_SA_5	5	1	57877	20
7_SA_1	1	1	52934	290
202_SA_3	3	1	43844	180
8_SA_1	1	1	58615	60
110_SA_2	2	1	23695	120
111_SA_2	2	1	50878	120
112_SA_2	2	1	52156	60
109_SA_2	2	1	50621	110
114_SA_2	2	1	45708	60
113_SA_2	2	1	42117	60
203_SA_3	3	1	39119	45
115_PR_2	2	2	57985	90
348_SA_5	5	1	6331	60
349_SA_5	5	1	5431	15
9_SA_1	1	1	637	360
10_SA_1	1	1	638	60
13_SA_1	1	1	831	60
14_SA_1	1	1	514	90
350_SA_5	5	1	438	180
12_SA_1	1	1	731	75
204_SA_3	3	1	589	80
205_SA_3	3	1	589	60
352_PR_5	5	2	799	70
11_SA_1	1	1	801	120
275_SA_4	4	1	528	90
276_SA_4	4	1	395	60
277_SA_4	4	1	539	120
120_SA_2	2	1	525	55
279_SA_4	4	1	690	300
280_NU_4	4	5	735	60
119_SA_2	2	1	634	60
124_SA_2	2	1	734	30
121_LC_2	2	3	662	45
122_SA_2	2	1	740	50
351_SA_5	5	1	513	60
118_SA_2	2	1	614	120
278_PR_4	4	2	384	150
116_SA_2	2	1	655	60
117_SA_2	2	1	704	140
123_SA_2	2	1	781	50
15_SA_1	1	1	32141	240
125_SA_2	2	1	59155	60
281_PR_4	4	2	37042	70
282_LC_4	4	3	30412	90
127_PR_2	2	2	160011	80
206_PR_3	3	2	107323	35
126_PR_2	2	2	120777	180
353_SA_5	5	1	141	5
354_PR_5	5	2	47102	30
16_SA_1	1	1	398	110
207_SA_3	3	1	419	50
128_SA_2	2	1	204	120
17_NU_1	1	5	1132	180
129_NU_2	2	5	1216	120
283_SA_4	4	1	2025	180
355_LC_5	5	3	1071	150
130_SA_2	2	1	1087	90
356_SA_5	5	1	384	150
131_PR_2	2	2	27039	215
18_SA_1	1	1	1583	90
208_SA_3	3	1	1328	90
209_SA_3	3	1	1209	45
132_SA_2	2	1	1253	20
19_SA_1	1	1	84884	180
210_SA_3	3	1	111328	180
284_SA_4	4	1	106966	240
134_SA_2	2	1	44721	60
133_SA_2	2	1	48297	90
357_SA_5	5	1	42169	60
285_SA_4	4	1	48017	60
135_SA_2	2	1	51902	60
20_SA_1	1	1	38984	60
136_LC_2	2	3	332	30
286_PR_4	4	2	39652	60
360_LC_5	5	3	50791	10
358_PR_5	5	2	49974	70
137_PR_2	2	2	65831	150
359_LC_5	5	3	62075	10
361_SA_5	5	1	28449	10
21_NU_1	1	5	18029	90
211_NU_3	3	5	16518	40
362_PR_5	5	2	57833	240
22_PR_1	1	2	57821	60
213_LC_3	3	3	50802	90
139_PR_2	2	2	46904	60
140_SA_2	2	1	42275	50
288_SA_4	4	1	52579	60
287_PR_4	4	2	62780	90
212_SA_3	3	1	42889	40
138_VI_2	2	4	55730	90
363_VI_5	5	4	2635	10
214_VI_3	3	4	3305	25
215_PR_3	3	2	36147	45
23_SA_1	1	1	50454	90
24_PR_1	1	2	8268	100
289_LC_4	4	3	47739	110
25_PR_1	1	2	6592	90
141_NU_2	2	5	337	150
26_NU_1	1	5	345	420
27_LC_1	1	3	3245	180
216_SA_3	3	1	19781	80
28_SA_1	1	1	492	30
29_SA_1	1	1	45388	60
364_PR_5	5	2	1854	1
217_SA_3	3	1	1018	150
365_SA_5	5	1	729	120
290_SA_4	4	1	893	60
291_SA_4	4	1	2322	150
292_PR_4	4	2	2697	50
293_PR_4	4	2	1504	165
294_SA_4	4	1	29860	90
142_LC_2	2	3	6540	50
218_SA_3	3	1	3515	120
219_SA_3	3	1	4817	90
143_SA_2	2	1	3448	180
144_SA_2	2	1	219	90
145_LC_2	2	3	179	60
146_SA_2	2	1	207	165
147_LC_2	2	3	169	30
220_PR_3	3	2	218	60
30_PR_1	1	2	8555	60
295_LC_4	4	3	117	60
366_SA_5	5	1	12587	20
32_SA_1	1	1	16363	90
31_SA_1	1	1	21370	90
367_PR_5	5	2	42093	15
33_LC_1	1	3	3470	150
221_PR_3	3	2	41196	35
296_SA_4	4	1	61546	90
222_PR_3	3	2	36978	60
223_PR_3	3	2	45309	40
224_PR_3	3	2	2358	50
34_LC_1	1	3	51444	80
148_SA_2	2	1	13628	90
368_PR_5	5	2	15986	5
369_SA_5	5	1	40804	120
370_SA_5	5	1	62437	140
225_SA_3	3	1	508	80
35_SA_1	1	1	490	105
297_SA_4	4	1	1799	100
36_LC_1	1	3	31739	60
298_PR_4	4	2	321	120
150_SA_2	2	1	1567	120
149_SA_2	2	1	2104	235
151_SA_2	2	1	113203	120
38_PR_1	1	2	46435	80
371_PR_5	5	2	60726	30
37_PR_1	1	2	32665	60
39_LC_1	1	3	3444	90
226_PR_3	3	2	36085	65
372_LC_5	5	3	58213	60
227_LC_3	3	3	3029	120
40_SA_1	1	1	4178	60
228_SA_3	3	1	50321	100
152_LC_2	2	3	2148	1
41_LC_1	1	3	3296	120
42_PR_1	1	2	2997	60
299_LC_4	4	3	313	60
43_SA_1	1	1	3988	207
300_SA_4	4	1	58289	105
301_SA_4	4	1	531	75
44_PR_1	1	2	1283	25
153_PR_2	2	2	42165	230
302_SA_4	4	1	41735	90
373_SA_5	5	1	1423	60
154_PR_2	2	2	44126	170
374_PR_5	5	2	71747	105
155_SA_2	2	1	40048	240
375_PR_5	5	2	65370	170
229_SA_3	3	1	353	60
156_PR_2	2	2	44701	80
45_VI_1	1	4	9893	75
46_SA_1	1	1	68	90
47_SA_1	1	1	111	90
230_PR_3	3	2	42486	30
303_LC_4	4	3	42355	60
376_PR_5	5	2	53062	75
304_VI_4	4	4	1860	120
231_SA_3	3	1	1177	80
49_SA_1	1	1	1045	60
306_SA_4	4	1	1245	270
305_PR_4	4	2	1394	25
377_PR_5	5	2	1402	30
157_SA_2	2	1	1589	150
48_SA_1	1	1	1677	60
232_PR_3	3	2	1283	120
307_SA_4	4	1	59940	120
233_SA_3	3	1	57353	40
378_PR_5	5	2	31580	30
234_LC_3	3	3	1882	60
235_LC_3	3	3	368	120
379_LC_5	5	3	28918	60
50_LC_1	1	3	39029	80
158_PR_2	2	2	3273	85
236_VI_3	3	4	129	90
308_PR_4	4	2	47088	30
237_PR_3	3	2	58495	70
159_SA_2	2	1	2661	55
51_SA_1	1	1	3567	90
160_PR_2	2	2	53548	60
309_PR_4	4	2	41675	60
310_PR_4	4	2	65559	120
161_LC_2	2	3	50882	180
238_SA_3	3	1	5145	60
162_SA_2	2	1	7512	1
239_SA_3	3	1	43927	180
52_PR_1	1	2	2731	30
240_PR_3	3	2	3713	60
53_NU_1	1	5	48734	90
311_PR_4	4	2	60089	60
241_SA_3	3	1	57264	20
55_LC_1	1	3	615	60
54_LC_1	1	3	1216	60
312_PR_4	4	2	197787	50
56_LC_1	1	3	83	150
313_PR_4	4	2	1586	50
163_PR_2	2	2	1615	120
164_NU_2	2	5	1979	90
314_SA_4	4	1	2548	20
380_LC_5	5	3	3518	234
59_SA_1	1	1	4744	60
57_SA_1	1	1	6128	60
58_SA_1	1	1	4190	60
165_SA_2	2	1	48317	120
60_LC_1	1	3	5619	90
167_SA_2	2	1	39084	60
64_SA_1	1	1	64937	10
62_SA_1	1	1	55159	150
61_SA_1	1	1	63002	30
166_SA_2	2	1	43978	40
65_SA_1	1	1	45162	30
63_SA_1	1	1	63457	75
381_SA_5	5	1	72885	60
242_LC_3	3	3	45640	40
315_SA_4	4	1	3292	180
316_NU_4	4	5	8712	60
66_PR_1	1	2	462	75
168_SA_2	2	1	525	60
67_SA_1	1	1	145	60
317_LC_4	4	3	58622	45
243_SA_3	3	1	1241	120
318_SA_4	4	1	1371	240
68_SA_1	1	1	172	120
69_VI_1	1	4	54384	60
382_PR_5	5	2	3141	30
319_PR_4	4	2	1874	90
71_PR_1	1	2	16536	520
70_SA_1	1	1	20412	180
170_SA_2	2	1	16128	120
244_SA_3	3	1	21779	80
169_LC_2	2	3	20636	135
171_PR_2	2	2	7890	65
172_NU_2	2	5	53723	60
321_SA_4	4	1	59511	240
383_SA_5	5	1	53122	240
73_PR_1	1	2	46851	120
72_SA_1	1	1	60537	195
320_SA_4	4	1	37190	120
322_SA_4	4	1	37113	90
245_SA_3	3	1	306	160
384_SA_5	5	1	418	240
323_SA_4	4	1	326	120
246_LC_3	3	3	3769	100
247_SA_3	3	1	37255	90
74_SA_1	1	1	267	60
75_SA_1	1	1	59917	75
174_SA_2	2	1	43927	360
173_SA_2	2	1	37565	55
175_SA_2	2	1	42274	90
385_SA_5	5	1	62248	60
248_SA_3	3	1	1111	60
176_SA_2	2	1	902	90
177_PR_2	2	2	163	50
249_SA_3	3	1	56360	75
76_SA_1	1	1	218	100
250_SA_3	3	1	42253	60
77_SA_1	1	1	63716	120
178_NU_2	2	5	128	20
324_SA_4	4	1	60119	130
325_PR_4	4	2	6025	180
386_SA_5	5	1	51563	90
179_PR_2	2	2	56262	100
251_PR_3	3	2	3693	60
180_LC_2	2	3	33347	60
326_SA_4	4	1	698	1
78_SA_1	1	1	906	60
79_SA_1	1	1	836	100
181_LC_2	2	3	1168	120
252_SA_3	3	1	974	55
387_SA_5	5	1	49805	90
80_SA_1	1	1	68584	90
81_SA_1	1	1	12492	60
388_SA_5	5	1	1687	60
389_SA_5	5	1	54844	90
253_SA_3	3	1	52062	60
82_VI_1	1	4	7198	30
390_LC_5	5	3	5927	180
255_PR_3	3	2	58113	150
254_PR_3	3	2	41973	60
256_PR_3	3	2	947	90
257_SA_3	3	1	1318	5
258_SA_3	3	1	2423	120
83_SA_1	1	1	1156	240
327_SA_4	4	1	15475	120
84_LC_1	1	3	49892	15
85_PR_1	1	2	160	70
86_PR_1	1	2	41023	90
259_SA_3	3	1	150	110
260_SA_3	3	1	234	120
261_SA_3	3	1	5431	90
87_SA_1	1	1	1707	60
262_SA_3	3	1	1368	120
88_LC_1	1	3	39456	120
328_LC_4	4	3	49648	120
329_LC_4	4	3	60865	90
182_LC_2	2	3	59672	60
183_NU_2	2	5	293	20
263_SA_3	3	1	56616	60
184_SA_2	2	1	46625	15
185_SA_2	2	1	52959	35
331_SA_4	4	1	59911	160
330_SA_4	4	1	52254	120
264_SA_3	3	1	42073	65
186_PR_2	2	2	193	120
187_SA_2	2	1	57505	210
89_PR_1	1	2	26346	70
90_SA_1	1	1	79	90
391_LC_5	5	3	40866	75
393_PR_5	5	2	65397	150
91_PR_1	1	2	53157	120
392_PR_5	5	2	54614	35
188_VI_2	2	4	90	100
332_PR_4	4	2	1676	120
265_PR_3	3	2	57667	100
92_SA_1	1	1	51067	60
333_VI_4	4	4	31455	90
394_PR_5	5	2	50502	75
93_SA_1	1	1	2356	90
94_NU_1	1	5	49904	160
95_SA_1	1	1	250	140
334_SA_4	4	1	1080	30
96_VI_1	1	4	46158	50
98_PR_1	1	2	78343	10
97_PR_1	1	2	49752	20
335_SA_4	4	1	14021	30
266_SA_3	3	1	5657	80
99_SA_1	1	1	73	75
267_NU_3	3	5	10242	50
336_VI_4	4	4	430	240
337_PR_4	4	2	1883	1
395_SA_5	5	1	127	90
338_SA_4	4	1	75	60
396_SA_5	5	1	65631	60
397_SA_5	5	1	57498	10
268_SA_3	3	1	1104	90
398_NU_5	5	5	5965	150
340_SA_4	4	1	8950	60
339_SA_4	4	1	6568	140
189_PR_2	2	2	5227	80
399_SA_5	5	1	63671	60
190_SA_2	2	1	42843	30
100_PR_1	1	2	5609	60
269_SA_3	3	1	233749	40
400_PR_5	5	2	42208	45
270_PR_3	3	2	6655	75
