Iter 101
MasterProb = 194508

s [*] :=
1  72
2  13
3  40
4  21
5  92
;

SubProb = -17215.7
d = 8

distanceCost*(sum{l in 1 .. Lcap - 1} t[l]) = 4565

Iter 102
MasterProb = 192878

s [*] :=
1   83
2   71
3  101
4  102
5  103
;

SubProb = -18106.5
d = 0

distanceCost*(sum{l in 1 .. Lcap - 1} t[l]) = 880

Iter 103
MasterProb = 177866

s [*] :=
1  51
2  86
3  78
4  37
5  71
;

SubProb = -38241.2
d = 104

distanceCost*(sum{l in 1 .. Lcap - 1} t[l]) = 4620

Iter 104
MasterProb = 172346

s [*] :=
1   42
2   80
3   43
4   49
5  101
;

SubProb = -16907.2
d = 0

distanceCost*(sum{l in 1 .. Lcap - 1} t[l]) = 2915

Iter 105
MasterProb = 169656

s [*] :=
1  68
2   6
3  77
4  64
5  90
;

SubProb = -15885.8
d = 0

distanceCost*(sum{l in 1 .. Lcap - 1} t[l]) = 3520

Iter 106
MasterProb = 168449

s [*] :=
1   10
2   87
3  100
4   72
5   24
;

SubProb = -9596.6
d = 0

distanceCost*(sum{l in 1 .. Lcap - 1} t[l]) = 3355

Iter 107
MasterProb = 166358

s [*] :=
1   95
2   83
3   82
4  101
5  102
;

SubProb = 665.213
d = 0

distanceCost*(sum{l in 1 .. Lcap - 1} t[l]) = 2365

Problema Entero
MasterProb = 345904

fo1 = 74365
fo2 = 271539

x[j] [*] :=
 97  1
141  1
145  1
160  1
177  1
185  1
191  1
205  1
210  1
230  1
231  1
236  1
238  1
248  1
251  1
255  1
257  1
259  1
272  1
298  1
;

aa[i,j] [*,*]
:    97 141 145 160 177 185 191 205 210 230 231 236 238 248 251 255 257 259 272 :=
1     0   0   0   0   0   0   1   0   0   0   0   0   0   0   0   0   0   0   0
2     0   0   0   0   0   0   0   0   0   0   0   0   0   0   0   0   0   0   0
3     0   0   0   0   0   0   0   0   1   0   0   0   0   0   0   0   0   0   0
4     0   0   0   0   0   0   0   0   0   0   0   0   0   0   0   0   0   0   0
5     0   0   0   0   0   0   0   0   0   0   0   0   0   0   0   0   0   0   0
6     0   0   0   0   0   0   0   0   0   0   0   0   0   0   0   0   0   0   0
7     0   0   0   0   0   0   0   0   0   0   0   0   0   0   0   0   0   0   0
8     0   0   0   0   0   0   0   0   0   0   0   0   0   0   0   1   0   0   0
9     0   0   0   0   0   0   0   0   0   0   0   0   0   0   0   0   0   0   0
10    0   0   0   0   0   0   0   0   0   1   0   0   0   0   0   0   0   0   0
11    0   0   0   0   0   0   0   0   0   0   0   1   0   0   0   0   0   0   0
12    0   0   0   0   0   0   0   0   0   0   0   0   0   1   0   0   0   0   0
13    0   0   0   0   0   0   0   0   0   0   0   0   1   0   0   0   0   0   0
14    0   0   0   0   0   0   0   0   0   0   0   0   0   0   0   0   0   0   0
15    0   0   0   0   0   1   0   0   0   0   0   0   0   0   0   0   0   0   0
16    0   0   1   0   0   0   0   0   0   0   0   0   0   0   0   0   0   0   0
17    0   0   0   0   0   0   0   0   0   0   0   0   0   0   1   0   0   0   0
18    0   0   0   0   0   0   0   0   0   0   0   0   0   0   0   0   0   0   0
19    0   0   0   0   0   0   0   0   0   1   0   0   0   0   0   0   0   0   0
20    0   0   0   0   0   0   0   0   0   0   0   0   0   1   0   0   0   0   0
21    0   0   0   0   0   0   0   0   0   0   0   0   0   0   0   0   0   0   0
22    0   1   0   0   0   0   0   0   0   0   0   0   0   0   0   0   0   0   0
23    0   0   0   0   0   0   0   0   1   0   0   0   0   0   0   0   0   0   0
24    0   0   0   1   0   0   0   0   0   0   0   0   0   0   0   0   0   0   0
25    0   0   0   0   0   0   0   0   0   0   0   0   0   0   0   0   0   0   0
26    0   0   0   0   0   0   0   0   0   0   0   0   0   0   0   0   1   0   0
27    0   0   0   0   0   0   0   0   0   0   0   0   0   0   0   0   0   0   0
28    0   0   0   0   0   1   0   0   0   0   0   0   0   0   0   0   0   0   0
29    0   0   0   0   0   0   0   0   0   0   0   1   0   0   0   0   0   0   0
30    0   0   0   0   0   0   0   1   0   0   0   0   0   0   0   0   0   0   0
31    0   1   0   0   0   0   0   0   0   0   0   0   0   0   0   0   0   0   0
32    0   0   0   0   0   0   0   0   0   0   1   0   0   0   0   0   0   0   0
33    0   0   0   0   0   0   0   0   0   0   0   0   0   0   0   0   0   0   0
34    0   0   0   1   0   0   0   0   0   0   0   0   0   0   0   0   0   0   0
35    0   0   0   0   0   0   0   0   0   0   0   0   1   0   0   0   0   0   0
36    0   0   0   0   0   0   0   1   0   0   0   0   0   0   0   0   0   0   0
37    0   0   0   0   0   0   0   0   0   0   0   0   0   0   1   0   0   0   0
38    0   0   1   0   0   0   0   0   0   0   0   0   0   0   0   0   0   0   0
39    0   0   0   0   0   0   0   0   0   0   0   0   0   0   0   0   0   0   0
40    0   1   0   0   0   0   0   0   0   0   0   0   0   0   0   0   0   0   0
41    0   0   0   0   0   0   0   0   0   0   0   0   0   1   0   0   0   0   0
42    0   0   0   0   0   0   0   0   0   0   1   0   0   0   0   0   0   0   0
43    0   0   0   0   0   0   0   0   0   0   0   0   0   0   0   0   0   1   0
44    0   0   0   0   0   0   0   0   0   0   0   0   0   0   0   0   0   0   1
45    0   0   0   0   0   0   0   0   0   0   0   0   0   0   0   0   0   0   0
46    0   0   0   0   1   0   0   0   0   0   0   0   0   0   0   0   0   0   0
47    0   0   0   0   0   0   0   0   0   0   0   0   0   0   0   1   0   0   0
48    0   0   0   0   1   0   0   0   0   0   0   0   0   0   0   0   0   0   0
49    0   1   0   0   0   0   0   0   0   0   0   0   0   0   0   0   0   0   0
50    0   1   0   0   0   0   0   0   0   0   0   0   0   0   0   0   0   0   0
51    0   0   1   0   0   0   0   0   0   0   0   0   0   0   0   0   0   0   0
52    0   0   0   0   0   0   0   0   0   0   0   1   0   0   0   0   0   0   0
53    0   0   0   0   0   0   0   0   0   0   0   0   1   0   0   0   0   0   0
54    0   0   0   1   0   0   0   0   0   0   0   0   0   0   0   0   0   0   0
55    0   0   0   0   0   0   0   0   0   0   0   0   0   0   1   0   0   0   0
56    0   0   0   0   1   0   0   0   0   0   0   0   0   0   0   0   0   0   0
57    0   0   0   0   0   0   0   0   0   0   0   0   0   0   0   0   0   1   0
58    0   0   0   0   0   0   1   0   0   0   0   0   0   0   0   0   0   0   0
59    0   0   0   0   0   0   1   0   0   0   0   0   0   0   0   0   0   0   0
60    0   0   0   0   0   0   0   0   0   0   0   0   0   0   0   1   0   0   0
61    0   0   0   0   0   0   0   0   1   0   0   0   0   0   0   0   0   0   0
62    0   0   0   0   0   0   0   0   0   0   0   0   0   0   0   0   0   1   0
63    0   0   0   0   0   0   0   0   0   0   0   1   0   0   0   0   0   0   0
64    0   0   0   0   0   0   0   0   0   0   0   0   0   0   0   0   0   1   0
65    0   0   0   0   0   0   0   0   0   0   1   0   0   0   0   0   0   0   0
66    0   0   0   0   0   0   0   0   0   0   0   0   1   0   0   0   0   0   0
67    0   0   0   0   0   0   0   0   0   0   0   0   0   0   0   0   0   0   1
68    0   0   0   0   0   0   0   0   0   0   0   0   0   0   0   0   0   0   1
69    0   0   0   0   0   0   0   0   0   0   0   0   0   0   1   0   0   0   0
70    0   0   0   0   0   0   0   0   0   0   0   0   0   0   0   0   0   0   0
71    0   0   0   0   0   0   0   0   0   0   0   0   0   0   0   0   0   0   0
72    0   0   0   0   0   0   0   0   0   1   0   0   0   0   0   0   0   0   0
73    0   0   0   0   0   0   1   0   0   0   0   0   0   0   0   0   0   0   0
74    0   0   1   0   0   0   0   0   0   0   0   0   0   0   0   0   0   0   0
75    0   0   1   0   0   0   0   0   0   0   0   0   0   0   0   0   0   0   0
76    0   0   0   0   0   0   0   0   1   0   0   0   0   0   0   0   0   0   0
77    0   0   0   0   0   0   0   0   0   0   0   1   0   0   0   0   0   0   0
78    0   0   0   0   0   1   0   0   0   0   0   0   0   0   0   0   0   0   0
79    0   0   0   0   0   0   0   0   1   0   0   0   0   0   0   0   0   0   0
80    0   0   0   0   0   0   0   0   0   0   0   0   0   0   0   0   0   0   0
81    0   0   0   0   0   0   0   0   0   0   0   0   0   0   0   1   0   0   0
82    0   0   0   0   0   0   0   0   0   0   0   0   0   0   0   0   1   0   0
83    0   0   0   0   0   0   0   0   0   0   0   0   0   0   0   0   0   0   0
84    0   0   0   0   0   0   0   0   0   0   0   0   0   1   0   0   0   0   0
85    0   0   0   0   0   0   0   0   0   0   0   0   0   0   0   0   0   0   1
86    0   0   0   0   0   0   0   0   0   0   1   0   0   0   0   0   0   0   0
87    0   0   0   0   0   0   1   0   0   0   0   0   0   0   0   0   0   0   0
88    0   0   0   1   0   0   0   0   0   0   0   0   0   0   0   0   0   0   0
89    0   0   0   0   0   0   0   0   0   0   0   0   1   0   0   0   0   0   0
90    0   0   0   0   0   0   0   0   0   0   0   0   0   1   0   0   0   0   0
91    0   0   0   0   0   0   0   0   0   0   1   0   0   0   0   0   0   0   0
92    0   0   0   0   0   0   0   1   0   0   0   0   0   0   0   0   0   0   0
93    0   0   0   0   0   0   0   0   0   0   0   0   0   0   0   1   0   0   0
94    0   0   0   0   0   0   0   1   0   0   0   0   0   0   0   0   0   0   0
95    0   0   0   0   1   0   0   0   0   0   0   0   0   0   0   0   0   0   0
96    0   0   0   0   0   0   0   1   0   0   0   0   0   0   0   0   0   0   0
97    1   0   0   0   0   0   0   0   0   0   0   0   0   0   0   0   0   0   0
98    0   0   0   0   1   0   0   0   0   0   0   0   0   0   0   0   0   0   0
99    0   0   0   0   0   0   0   0   0   0   0   0   0   0   0   0   0   0   1
100   0   0   0   0   0   0   0   0   0   0   0   0   0   0   1   0   0   0   0

:   298    :=
1     0
2     0
3     0
4     0
5     0
6     0
7     0
8     0
9     0
10    0
11    0
12    0
13    0
14    0
15    0
16    0
17    0
18    0
19    0
20    0
21    0
22    0
23    0
24    0
25    0
26    0
27    0
28    0
29    0
30    0
31    0
32    0
33    0
34    0
35    0
36    0
37    0
38    0
39    0
40    0
41    0
42    0
43    0
44    0
45    0
46    0
47    0
48    0
49    0
50    0
51    0
52    0
53    0
54    0
55    0
56    0
57    0
58    0
59    0
60    0
61    0
62    0
63    0
64    0
65    0
66    0
67    0
68    0
69    0
70    0
71    1
72    0
73    0
74    0
75    0
76    0
77    0
78    0
79    0
80    0
81    0
82    0
83    1
84    0
85    0
86    0
87    0
88    0
89    0
90    0
91    0
92    0
93    0
94    0
95    0
96    0
97    0
98    0
99    0
100   0
;

vi[i] [*] :=
 2  1
 4  1
 5  1
 6  1
 7  1
 9  1
14  1
18  1
21  1
25  1
27  1
33  1
39  1
45  1
70  1
80  1
;

:   x[i]   c[i] travel[i] delay[i]    :=
97    1       0       0         0
141   1    3795    3795         0
145   1    4070    4070         0
160   1    1870    1870         0
177   1    9875    4675      5200
185   1    1760    1760         0
191   1    8790    4070      4720
205   1    4290    4290         0
210   1    3520    3520         0
230   1    2310    2310         0
231   1    4635    3355      1280
236   1    3795    3795         0
238   1    3410    3410         0
248   1    4730    4730         0
251   1    3280    2640       640
255   1    4125    4125         0
257   1    1320    1320         0
259   1    3840    2640      1200
272   1    4070    4070         0
298   1     880     880         0
;

