#Nombre	DiaAten	ModelId		T.Servicio	Penalty
191_PR_3	-4	1	60	796
101_PR_2	2	1	60	398
1_PR_1	1	1	90	429
341_SA_5	-6	1	70	1150
102_SA_2	-3	2	120	3816
2_SA_1	-2	2	90	4188
103_SA_2	-3	3	120	4488
104_LC_2	2	4	120	3959
271_PR_4	4	1	60	4428
105_LC_2	-3	5	200	9336
342_PR_5	5	2	60	4773
192_PR_3	-4	2	130	10014
193_LC_3	3	3	70	5196
272_LC_4	4	2	130	5225
273_LC_4	4	3	90	5315
343_LC_5	5	3	45	5622
274_SA_4	4	4	60	5942
3_SA_1	1	3	75	6563
106_NU_2	-3	6	75	13180
107_PR_2	2	7	30	6762
344_LC_5	5	4	120	6768
108_LC_2	2	8	10	6768
345_SA_5	5	5	150	7091
194_PR_3	3	4	20	7551
4_LC_1	-2	4	120	15208
195_SA_3	-4	5	150	15356
5_SA_1	-2	5	90	16368
197_SA_3	3	6	120	8184
346_LC_5	5	6	70	8184
199_SA_3	3	7	80	8184
196_PR_3	3	8	45	8184
198_SA_3	3	9	60	8184
6_SA_1	-2	6	30	16534
200_SA_3	3	10	60	8267
201_LC_3	3	11	270	8267
347_SA_5	5	7	20	8721
7_SA_1	-2	7	290	19254
202_SA_3	3	12	180	9627
8_SA_1	1	8	60	9627
110_SA_2	-3	9	120	19254
111_SA_2	2	10	120	9627
112_SA_2	2	11	60	9627
109_SA_2	-3	12	110	19254
114_SA_2	-3	13	60	19254
113_SA_2	2	14	60	9627
203_SA_3	-4	13	45	19254
115_PR_2	2	15	90	10884
348_SA_5	5	8	60	11049
349_SA_5	5	9	15	11049
9_SA_1	-2	9	360	22244
10_SA_1	1	10	60	11122
13_SA_1	1	11	60	11122
14_SA_1	1	12	90	11122
350_SA_5	5	10	180	11122
12_SA_1	1	13	75	11122
204_SA_3	3	14	80	11122
205_SA_3	3	15	60	11122
352_PR_5	5	11	70	11122
11_SA_1	-2	14	120	22244
275_SA_4	4	5	90	11122
276_SA_4	4	6	60	11122
277_SA_4	4	7	120	11122
120_SA_2	-3	16	55	22244
279_SA_4	-5	8	300	22244
280_NU_4	4	9	60	11122
119_SA_2	2	17	60	11122
124_SA_2	2	18	30	11122
121_LC_2	2	19	45	11122
122_SA_2	-3	20	50	22244
351_SA_5	5	12	60	11122
118_SA_2	-3	21	120	22244
278_PR_4	4	10	150	11122
116_SA_2	2	22	60	11122
117_SA_2	2	23	140	11122
123_SA_2	2	24	50	11122
15_SA_1	1	15	240	11263
125_SA_2	2	25	60	12409
281_PR_4	4	11	70	12409
282_LC_4	4	12	90	12416
127_PR_2	-3	26	80	25084
206_PR_3	-4	16	35	25084
126_PR_2	2	27	180	12542
353_SA_5	5	13	5	12656
354_PR_5	5	14	30	12848
16_SA_1	1	16	110	13530
207_SA_3	3	17	50	13530
128_SA_2	-3	28	120	27526
17_NU_1	1	17	180	13799
129_NU_2	2	29	120	13799
283_SA_4	4	13	180	14148
355_LC_5	5	15	150	14170
130_SA_2	2	30	90	14170
356_SA_5	5	16	150	14431
131_PR_2	-3	31	215	29002
18_SA_1	-2	18	90	29168
208_SA_3	3	18	90	14584
209_SA_3	-4	19	45	29168
132_SA_2	2	32	20	14584
19_SA_1	1	19	180	14759
210_SA_3	-4	20	180	29518
284_SA_4	4	14	240	14759
134_SA_2	2	33	60	14922
133_SA_2	2	34	90	14922
357_SA_5	5	17	60	14922
285_SA_4	4	15	60	15046
135_SA_2	2	35	60	15181
20_SA_1	1	20	60	15181
136_LC_2	-3	36	30	30864
286_PR_4	4	16	60	15548
360_LC_5	5	18	10	15548
358_PR_5	5	19	70	15548
137_PR_2	2	37	150	15548
359_LC_5	5	20	10	15548
361_SA_5	5	21	10	15548
21_NU_1	-2	21	90	31328
211_NU_3	3	21	40	15664
362_PR_5	5	22	240	15708
22_PR_1	1	22	60	15797
213_LC_3	3	22	90	15797
139_PR_2	2	38	60	15797
140_SA_2	2	39	50	15797
288_SA_4	4	17	60	15797
287_PR_4	4	18	90	15797
212_SA_3	3	23	40	15797
138_VI_2	2	40	90	15797
363_VI_5	5	23	10	16271
214_VI_3	3	24	25	16271
215_PR_3	3	25	45	16886
23_SA_1	1	23	90	16918
24_PR_1	1	24	100	16975
289_LC_4	4	19	110	17404
25_PR_1	-2	25	90	34944
141_NU_2	2	41	150	17708
26_NU_1	1	26	420	17708
27_LC_1	-2	27	180	35668
216_SA_3	3	26	80	17900
28_SA_1	1	28	30	18144
29_SA_1	1	29	60	18372
364_PR_5	5	24	1	18376
217_SA_3	3	27	150	18555
365_SA_5	5	25	120	18555
290_SA_4	4	20	60	18555
291_SA_4	4	21	150	18555
292_PR_4	4	22	50	19018
293_PR_4	4	23	165	19018
294_SA_4	4	24	90	19038
142_LC_2	2	42	50	19118
218_SA_3	3	28	120	19705
219_SA_3	3	29	90	19705
143_SA_2	2	43	180	19705
144_SA_2	2	44	90	20140
145_LC_2	-3	45	60	41980
146_SA_2	2	46	165	20990
147_LC_2	2	47	30	20990
220_PR_3	3	30	60	20990
30_PR_1	1	30	60	21137
295_LC_4	4	25	60	21331
366_SA_5	5	26	20	21331
32_SA_1	1	31	90	21421
31_SA_1	1	32	90	21421
367_PR_5	5	27	15	21466
33_LC_1	-2	33	150	43228
221_PR_3	3	31	35	21653
296_SA_4	4	26	90	21723
222_PR_3	3	32	60	21804
223_PR_3	3	33	40	21873
224_PR_3	3	34	50	21958
34_LC_1	1	34	80	22287
148_SA_2	2	48	90	22406
368_PR_5	5	28	5	22513
369_SA_5	5	29	120	22623
370_SA_5	5	30	140	22623
225_SA_3	3	35	80	22676
35_SA_1	1	35	105	22676
297_SA_4	4	27	100	22880
36_LC_1	1	36	60	22901
298_PR_4	4	28	120	23050
150_SA_2	2	49	120	23058
149_SA_2	2	50	235	23058
151_SA_2	2	51	120	23764
38_PR_1	1	37	80	23820
371_PR_5	5	31	30	23820
37_PR_1	1	38	60	23820
39_LC_1	-2	39	90	48906
226_PR_3	-4	36	65	49094
372_LC_5	5	32	60	25180
227_LC_3	3	37	120	25283
40_SA_1	1	40	60	25721
228_SA_3	-4	38	100	51570
152_LC_2	2	52	1	25997
41_LC_1	1	41	120	26260
42_PR_1	1	42	60	26260
299_LC_4	4	29	60	26282
43_SA_1	1	43	207	26353
300_SA_4	4	30	105	26660
301_SA_4	4	31	75	26760
44_PR_1	1	44	25	26830
153_PR_2	2	53	230	26840
302_SA_4	4	32	90	27034
373_SA_5	5	33	60	27201
154_PR_2	2	54	170	27379
374_PR_5	5	34	105	27379
155_SA_2	2	55	240	27859
375_PR_5	5	35	170	27898
229_SA_3	3	39	60	28056
156_PR_2	2	56	80	28136
45_VI_1	-2	45	75	56384
46_SA_1	1	46	90	28320
47_SA_1	1	47	90	28320
230_PR_3	3	40	30	28704
303_LC_4	4	33	60	28835
376_PR_5	5	36	75	28899
304_VI_4	4	34	120	28926
231_SA_3	3	41	80	28926
49_SA_1	1	48	60	28926
306_SA_4	4	35	270	28926
305_PR_4	4	36	25	28926
377_PR_5	5	37	30	28926
157_SA_2	2	57	150	28926
48_SA_1	1	49	60	28926
232_PR_3	3	42	120	28926
307_SA_4	4	37	120	29028
233_SA_3	3	43	40	29297
378_PR_5	5	38	30	29399
234_LC_3	3	44	60	29525
235_LC_3	3	45	120	29556
379_LC_5	5	39	60	30214
50_LC_1	1	50	80	30479
158_PR_2	2	58	85	30521
236_VI_3	3	46	90	30778
308_PR_4	4	38	30	30800
237_PR_3	3	47	70	30800
159_SA_2	2	59	55	30846
51_SA_1	1	51	90	30846
160_PR_2	2	60	60	31000
309_PR_4	4	39	60	31375
310_PR_4	4	40	120	31375
161_LC_2	2	61	180	31544
238_SA_3	3	48	60	31589
162_SA_2	2	62	1	31599
239_SA_3	3	49	180	31655
52_PR_1	1	52	30	31807
240_PR_3	3	50	60	31807
53_NU_1	1	53	90	31918
311_PR_4	4	41	60	31956
241_SA_3	3	51	20	32024
55_LC_1	1	54	60	32049
54_LC_1	1	55	60	32049
312_PR_4	4	42	50	32063
56_LC_1	1	56	150	32069
313_PR_4	4	43	50	32180
163_PR_2	2	63	120	32180
164_NU_2	2	64	90	32219
314_SA_4	4	44	20	32321
380_LC_5	5	40	234	32529
59_SA_1	1	57	60	32539
57_SA_1	1	58	60	32539
58_SA_1	1	59	60	32539
165_SA_2	2	65	120	32691
60_LC_1	1	60	90	32691
167_SA_2	2	66	60	32785
64_SA_1	1	61	10	32785
62_SA_1	1	62	150	32785
61_SA_1	1	63	30	32785
166_SA_2	2	67	40	32785
65_SA_1	1	64	30	32785
63_SA_1	1	65	75	32785
381_SA_5	5	41	60	32785
242_LC_3	3	52	40	33106
315_SA_4	4	45	180	33262
316_NU_4	4	46	60	33328
66_PR_1	1	66	75	33469
168_SA_2	2	68	60	33485
67_SA_1	1	67	60	33499
317_LC_4	4	47	45	33542
243_SA_3	3	53	120	33934
318_SA_4	4	48	240	33934
68_SA_1	1	68	120	34016
69_VI_1	1	69	60	34170
382_PR_5	5	42	30	34570
319_PR_4	4	49	90	34898
71_PR_1	-2	70	520	70084
70_SA_1	1	71	180	35042
170_SA_2	2	69	120	35042
244_SA_3	3	54	80	35042
169_LC_2	2	70	135	35042
171_PR_2	2	71	65	35106
172_NU_2	2	72	60	35177
321_SA_4	4	50	240	35449
383_SA_5	5	43	240	35449
73_PR_1	1	72	120	35449
72_SA_1	1	73	195	35449
320_SA_4	4	51	120	35449
322_SA_4	4	52	90	35449
245_SA_3	3	55	160	35729
384_SA_5	5	44	240	35729
323_SA_4	4	53	120	35729
246_LC_3	3	56	100	35772
247_SA_3	3	57	90	35830
74_SA_1	1	74	60	35912
75_SA_1	1	75	75	35966
174_SA_2	2	73	360	35966
173_SA_2	2	74	55	35966
175_SA_2	2	75	90	35966
385_SA_5	5	45	60	35966
248_SA_3	3	58	60	36123
176_SA_2	2	76	90	36451
177_PR_2	2	77	50	36719
249_SA_3	3	59	75	36726
76_SA_1	1	76	100	37000
250_SA_3	3	60	60	37010
77_SA_1	1	77	120	37010
178_NU_2	2	78	20	37052
324_SA_4	4	54	130	37798
325_PR_4	4	55	180	38041
386_SA_5	5	46	90	38133
179_PR_2	2	79	100	38219
251_PR_3	3	61	60	38413
180_LC_2	2	80	60	38476
326_SA_4	4	56	1	38625
78_SA_1	1	78	60	38625
79_SA_1	1	79	100	38625
181_LC_2	2	81	120	38625
252_SA_3	3	62	55	38625
387_SA_5	5	47	90	38650
80_SA_1	-2	80	90	77328
81_SA_1	1	81	60	38736
388_SA_5	5	48	60	39073
389_SA_5	5	49	90	39111
253_SA_3	3	63	60	39111
82_VI_1	1	82	30	39173
390_LC_5	5	50	180	39382
255_PR_3	3	64	150	39671
254_PR_3	3	65	60	39671
256_PR_3	3	66	90	39725
257_SA_3	3	67	5	39775
258_SA_3	3	68	120	39893
83_SA_1	1	83	240	39893
327_SA_4	4	57	120	40271
84_LC_1	1	84	15	40308
85_PR_1	1	85	70	40373
86_PR_1	1	86	90	40436
259_SA_3	3	69	110	40577
260_SA_3	3	70	120	40891
261_SA_3	3	71	90	40980
87_SA_1	1	87	60	41262
262_SA_3	3	72	120	41262
88_LC_1	1	88	120	41444
328_LC_4	4	58	120	41666
329_LC_4	4	59	90	41666
182_LC_2	2	82	60	41702
183_NU_2	2	83	20	41796
263_SA_3	3	73	60	42361
184_SA_2	2	84	15	42361
185_SA_2	2	85	35	42386
331_SA_4	4	60	160	42386
330_SA_4	4	61	120	42386
264_SA_3	3	74	65	42616
186_PR_2	2	86	120	42897
187_SA_2	2	87	210	42904
89_PR_1	1	89	70	43111
90_SA_1	1	90	90	43465
391_LC_5	5	51	75	44891
393_PR_5	5	52	150	44980
91_PR_1	1	91	120	44980
392_PR_5	5	53	35	44980
188_VI_2	2	88	100	45079
332_PR_4	4	62	120	46072
265_PR_3	3	75	100	46152
92_SA_1	1	92	60	46228
333_VI_4	4	63	90	46429
394_PR_5	5	54	75	46621
93_SA_1	1	93	90	46645
94_NU_1	1	94	160	46906
95_SA_1	1	95	140	46907
334_SA_4	4	64	30	47530
96_VI_1	1	96	50	47559
98_PR_1	1	97	10	50028
97_PR_1	1	98	20	50028
335_SA_4	4	65	30	50562
266_SA_3	3	76	80	51067
99_SA_1	1	99	75	51110
267_NU_3	3	77	50	51457
336_VI_4	4	66	240	53067
337_PR_4	4	67	1	54290
395_SA_5	5	55	90	54660
338_SA_4	4	68	60	54660
396_SA_5	5	56	60	54948
397_SA_5	5	57	10	54948
268_SA_3	3	78	90	54975
398_NU_5	5	58	150	57792
340_SA_4	4	69	60	57792
339_SA_4	4	70	140	57792
189_PR_2	2	89	80	57792
399_SA_5	5	59	60	61400
190_SA_2	2	90	30	61400
100_PR_1	1	100	60	63452
269_SA_3	3	79	40	64405
400_PR_5	5	60	45	65925
270_PR_3	3	80	75	70359
