Iter 141
MasterProb = 69752900

s [*] :=
1  140
2  137
3  139
4  128
5  138
;

SubProb = -5869560
d = 0

distanceCost*(sum{l in 1 .. Lcap - 1} t[l]) = 3025

Iter 142
MasterProb = 65749600

s [*] :=
1   42
2   28
3  132
4  134
5  140
;

SubProb = -3054230
d = 75

distanceCost*(sum{l in 1 .. Lcap - 1} t[l]) = 3850

Iter 143
MasterProb = 65749600

s [*] :=
1   42
2   71
3  132
4  134
5  138
;

SubProb = -3064630
d = 15

distanceCost*(sum{l in 1 .. Lcap - 1} t[l]) = 3575

Iter 144
MasterProb = 64889500

s [*] :=
1   59
2   90
3  135
4  137
5   71
;

SubProb = -2772940
d = 0

distanceCost*(sum{l in 1 .. Lcap - 1} t[l]) = 4015

Iter 145
MasterProb = 63581000

s [*] :=
1   23
2  127
3   36
4  126
5   99
;

SubProb = -2741010
d = 36

distanceCost*(sum{l in 1 .. Lcap - 1} t[l]) = 3630

Iter 146
MasterProb = 61037500

s [*] :=
1   23
2  127
3   36
4  126
5   99
;

SubProb = -2531950
d = 36

distanceCost*(sum{l in 1 .. Lcap - 1} t[l]) = 3630

Iter 147
MasterProb = 61037500

s [*] :=
1   27
2   42
3  133
4  131
5   47
;

SubProb = -2566810
d = 12

distanceCost*(sum{l in 1 .. Lcap - 1} t[l]) = 4785

Iter 148
MasterProb = 60919000

s [*] :=
1  129
2  124
3  132
4  136
5  130
;

SubProb = -4434460
d = 0

distanceCost*(sum{l in 1 .. Lcap - 1} t[l]) = 3575

Iter 149
MasterProb = 57289700

s [*] :=
1   10
2   69
3   51
4  115
5   98
;

SubProb = -2384290
d = 13

distanceCost*(sum{l in 1 .. Lcap - 1} t[l]) = 4565

Iter 150
MasterProb = 54948100

s [*] :=
1   10
2   69
3   51
4  115
5   98
;

SubProb = 0
d = 13

distanceCost*(sum{l in 1 .. Lcap - 1} t[l]) = 4565

Problema Entero
MasterProb = 54948100

fo1 = 24460
fo2 = 54923600

x[j] [*] :=
111  1
112  1
113  1
114  1
116  1
117  1
118  1
119  1
120  1
121  1
122  1
123  1
125  1
134  1
135  1
141  1
145  1
147  1
148  1
149  1
;

aa[i,j] [*,*]
:   111 112 113 114 116 117 118 119 120 121 122 123 125 134 135 141 145 147 148 :=
1     0   0   0   0   0   0   0   0   0   0   0   0   0   0   0   0   0   0   0
2     0   0   0   0   0   0   0   0   0   0   0   0   0   0   0   0   0   0   0
3     0   0   0   0   0   0   0   0   0   0   0   0   0   0   0   0   0   0   0
4     0   0   0   0   0   0   0   0   0   0   0   0   0   0   0   0   0   0   0
5     0   0   0   0   0   0   0   0   0   0   0   0   0   0   0   0   0   0   0
6     0   0   0   0   0   0   0   0   0   0   0   0   0   0   0   0   0   0   0
7     0   0   0   0   0   0   0   0   0   0   0   0   0   0   0   0   0   0   0
8     0   0   0   0   0   0   0   0   0   0   0   0   0   0   0   0   0   0   0
9     0   0   0   0   0   0   0   0   0   0   0   0   0   0   0   0   0   0   0
10    0   0   0   0   0   0   0   0   0   0   0   0   0   0   0   0   0   0   0
11    0   0   0   0   0   0   0   0   0   0   0   0   0   0   0   0   0   0   0
12    0   0   0   0   0   0   0   0   0   0   0   0   0   0   0   0   0   0   0
13    0   0   0   0   0   0   0   0   0   0   0   0   0   0   0   0   0   0   0
14    0   0   0   0   0   0   0   0   0   0   0   0   0   0   0   0   0   0   0
15    0   0   0   0   0   0   0   0   0   0   0   0   0   0   0   0   0   0   0
16    0   0   0   0   0   0   0   0   0   0   0   0   0   0   0   0   0   0   0
17    0   0   0   0   0   0   0   0   0   0   0   0   0   0   0   0   0   0   0
18    0   0   0   0   0   0   0   0   0   0   0   0   0   0   0   0   0   0   0
19    0   0   0   0   0   0   0   0   0   0   0   0   0   0   0   0   0   0   0
20    0   0   0   0   0   0   0   0   0   0   0   0   0   0   0   0   0   0   0
21    0   0   0   0   0   0   0   0   0   0   0   0   0   0   0   0   0   0   0
22    0   0   0   0   0   0   0   0   0   0   0   0   0   0   0   0   0   0   0
23    0   0   0   0   0   0   0   0   0   0   0   0   0   0   0   0   1   0   0
24    0   0   0   0   0   0   0   0   0   0   0   0   0   0   0   0   0   0   0
25    0   0   0   0   0   0   0   0   0   0   0   0   0   0   0   0   0   0   0
26    0   0   0   0   0   0   0   0   0   0   0   0   0   0   0   0   0   0   0
27    0   0   0   0   0   0   0   0   0   0   0   0   0   0   0   0   0   1   0
28    0   0   0   0   0   0   0   0   0   0   0   0   0   0   0   0   0   0   0
29    0   0   0   0   0   0   0   0   0   0   0   0   0   0   0   0   0   0   0
30    0   0   0   0   0   0   0   0   0   0   0   0   0   0   0   0   0   0   0
31    0   0   0   0   0   0   0   0   0   0   0   0   0   0   0   0   0   0   0
32    0   0   0   0   0   0   0   0   0   0   0   0   0   0   0   0   0   0   0
33    0   0   0   0   0   0   0   0   0   0   0   0   0   0   0   0   0   0   0
34    0   0   0   0   0   0   0   0   0   0   0   0   0   0   0   0   0   0   0
35    0   0   0   0   0   0   0   0   0   0   0   0   0   0   0   0   0   0   0
36    0   0   0   0   0   0   0   0   0   0   0   0   0   0   0   0   1   0   0
37    0   0   0   0   0   0   0   0   0   0   0   0   0   0   0   0   0   0   0
38    0   0   0   0   0   0   0   0   0   0   0   0   0   0   0   0   0   0   0
39    0   0   0   0   0   0   0   0   0   0   0   0   0   0   0   0   0   0   0
40    0   0   0   0   0   0   0   0   0   0   0   0   0   0   0   0   0   0   0
41    0   0   0   0   0   0   0   0   0   0   0   0   0   0   0   0   0   0   0
42    0   0   0   0   0   0   0   0   0   0   0   0   0   0   0   0   0   1   0
43    0   0   0   0   0   0   0   0   0   0   0   0   0   0   0   0   0   0   0
44    0   0   0   0   0   0   0   0   0   0   0   0   0   0   0   0   0   0   0
45    0   0   0   0   0   0   0   0   0   0   0   0   0   0   0   0   0   0   0
46    0   0   0   0   0   0   0   0   0   0   0   0   0   0   0   0   0   0   0
47    0   0   0   0   0   0   0   0   0   0   0   0   0   0   0   0   0   1   0
48    0   0   0   0   0   0   0   0   0   0   0   0   0   0   0   0   0   0   0
49    0   0   0   0   0   0   0   0   0   0   0   0   0   0   0   0   0   0   0
50    0   0   0   0   0   0   0   0   0   0   0   0   0   0   0   0   0   0   0
51    0   0   0   0   0   0   0   0   0   0   0   0   0   0   0   0   0   0   0
52    0   0   0   0   0   0   0   0   0   0   0   0   0   0   0   0   0   0   0
53    0   0   0   0   0   0   0   0   0   0   0   0   0   0   0   0   0   0   0
54    0   0   0   0   0   0   0   0   0   0   0   0   0   0   0   0   0   0   0
55    0   0   0   0   0   0   0   0   0   0   0   0   0   0   0   0   0   0   0
56    0   0   0   0   0   0   0   0   0   0   0   0   0   0   0   0   0   0   0
57    0   0   0   0   0   0   0   0   0   0   0   0   0   0   0   0   0   0   0
58    0   0   0   0   0   0   0   0   0   0   0   0   0   0   0   0   0   0   0
59    0   0   0   0   0   0   0   0   0   0   0   0   0   0   0   0   0   0   0
60    0   0   0   0   0   0   0   0   0   0   0   0   0   0   0   0   0   0   0
61    0   0   0   0   0   0   0   0   0   0   0   0   0   0   0   0   0   0   0
62    0   0   0   0   0   0   0   0   0   0   0   0   0   0   0   0   0   0   0
63    0   0   0   0   0   0   0   0   0   0   0   0   0   0   0   0   0   0   0
64    0   0   0   0   0   0   0   0   0   0   0   0   0   0   0   0   0   0   0
65    0   0   0   0   0   0   0   0   0   0   0   0   0   0   0   0   0   0   0
66    0   0   0   0   0   0   0   0   0   0   0   0   0   0   0   0   0   0   0
67    0   0   0   0   0   0   0   0   0   0   0   0   0   0   0   0   0   0   0
68    0   0   0   0   0   0   0   0   0   0   0   0   0   0   0   0   0   0   0
69    0   0   0   0   0   0   0   0   0   0   0   0   0   0   0   0   0   0   0
70    0   0   0   0   0   0   0   0   0   0   0   0   0   0   0   0   0   0   0
71    0   0   0   0   0   0   0   0   0   0   0   0   0   0   0   0   0   0   0
72    0   0   0   0   0   0   0   0   0   0   0   0   0   0   0   0   0   0   0
73    0   0   0   0   0   0   0   0   0   0   0   0   0   0   0   0   0   0   0
74    0   0   0   0   0   0   0   0   0   0   0   0   0   0   0   0   0   0   0
75    0   0   0   0   0   0   0   0   0   0   0   0   0   0   0   0   0   0   0
76    0   0   0   0   0   0   0   0   0   0   0   0   0   0   0   0   0   0   0
77    0   0   0   0   0   0   0   0   0   0   0   0   0   0   0   0   0   0   0
78    0   0   0   0   0   0   0   0   0   0   0   0   0   0   0   0   0   0   0
79    0   0   0   0   0   0   0   0   0   0   0   0   0   0   0   0   0   0   0
80    0   0   0   0   0   0   0   0   0   0   0   0   0   0   0   0   0   0   0
81    0   0   0   0   0   0   0   0   0   0   0   0   0   0   0   0   0   0   0
82    0   0   0   0   0   0   0   0   0   0   0   0   0   0   0   0   0   0   0
83    0   0   0   0   0   0   0   0   0   0   0   0   0   0   0   0   0   0   0
84    0   0   0   0   0   0   0   0   0   0   0   0   0   0   0   0   0   0   0
85    0   0   0   0   0   0   0   0   0   0   0   0   0   0   0   0   0   0   0
86    0   0   0   0   0   0   0   0   0   0   0   0   0   0   0   0   0   0   0
87    0   0   0   0   0   0   0   0   0   0   0   0   0   0   0   0   0   0   0
88    0   0   0   0   0   0   0   0   0   0   0   0   0   0   0   0   0   0   0
89    0   0   0   0   0   0   0   0   0   0   0   0   0   0   0   0   0   0   0
90    0   0   0   0   0   0   0   0   0   0   0   0   0   0   0   0   0   0   0
91    0   0   0   0   0   0   0   0   0   0   0   0   0   0   0   0   0   0   0
92    0   0   0   0   0   0   0   0   0   0   0   0   0   0   0   0   0   0   0
93    0   0   0   0   0   0   0   0   0   0   0   0   0   0   0   0   0   0   0
94    0   0   0   0   0   0   0   0   0   0   0   0   0   0   0   0   0   0   0
95    0   0   0   0   0   0   0   0   0   0   0   0   0   0   0   0   0   0   0
96    0   0   0   0   0   0   0   0   0   0   0   0   0   0   0   0   0   0   0
97    0   0   0   0   0   0   0   0   0   0   0   0   0   0   0   0   0   0   0
98    0   0   0   0   0   0   0   0   0   0   0   0   0   0   0   0   0   0   0
99    0   0   0   0   0   0   0   0   0   0   0   0   0   0   0   0   1   0   0
100   0   0   0   0   0   0   0   0   0   0   0   0   0   0   0   0   0   0   0
101   0   0   0   0   0   0   0   0   0   0   0   0   0   0   0   0   0   0   0
102   0   0   0   0   0   0   0   0   0   0   0   0   0   0   0   0   0   0   0
103   0   0   0   0   0   0   0   0   0   0   0   0   0   0   0   0   0   0   0
104   0   0   0   0   0   0   0   0   0   0   0   0   0   0   0   0   0   0   0
105   0   0   0   0   0   0   0   0   0   0   0   0   0   0   0   0   0   0   0
106   0   0   0   0   0   0   0   0   0   0   0   0   0   0   0   0   0   0   0
107   0   0   0   0   0   0   0   0   0   0   0   0   0   0   0   0   0   0   0
108   0   0   0   0   0   0   0   0   0   0   0   0   0   0   0   0   0   0   0
109   0   0   0   0   0   0   0   0   0   0   0   0   0   0   0   0   0   0   0
110   0   0   0   0   0   0   0   0   0   0   0   0   0   0   0   0   0   0   0
111   1   0   0   0   0   0   0   0   0   0   0   0   0   0   0   0   0   0   0
112   0   1   0   0   0   0   0   0   0   0   0   0   0   0   0   0   0   0   0
113   0   0   1   0   0   0   0   0   0   0   0   0   0   0   0   0   0   0   0
114   0   0   0   1   0   0   0   0   0   0   0   0   0   0   0   0   0   0   0
115   0   0   0   0   0   0   0   0   0   0   0   0   0   0   0   0   0   0   0
116   0   0   0   0   1   0   0   0   0   0   0   0   0   0   0   0   0   0   0
117   0   0   0   0   0   1   0   0   0   0   0   0   0   0   0   0   0   0   0
118   0   0   0   0   0   0   1   0   0   0   0   0   0   0   0   0   0   0   0
119   0   0   0   0   0   0   0   1   0   0   0   0   0   0   0   0   0   0   0
120   0   0   0   0   0   0   0   0   1   0   0   0   0   0   0   0   0   0   0
121   0   0   0   0   0   0   0   0   0   1   0   0   0   0   0   0   0   0   0
122   0   0   0   0   0   0   0   0   0   0   1   0   0   0   0   0   0   0   0
123   0   0   0   0   0   0   0   0   0   0   0   1   0   0   0   0   0   0   0
124   0   0   0   0   0   0   0   0   0   0   0   0   0   0   0   0   0   0   1
125   0   0   0   0   0   0   0   0   0   0   0   0   1   0   0   0   0   0   0
126   0   0   0   0   0   0   0   0   0   0   0   0   0   0   0   0   1   0   0
127   0   0   0   0   0   0   0   0   0   0   0   0   0   0   0   0   1   0   0
128   0   0   0   0   0   0   0   0   0   0   0   0   0   0   0   1   0   0   0
129   0   0   0   0   0   0   0   0   0   0   0   0   0   0   0   0   0   0   1
130   0   0   0   0   0   0   0   0   0   0   0   0   0   0   0   0   0   0   1
131   0   0   0   0   0   0   0   0   0   0   0   0   0   0   0   0   0   1   0
132   0   0   0   0   0   0   0   0   0   0   0   0   0   0   0   0   0   0   1
133   0   0   0   0   0   0   0   0   0   0   0   0   0   0   0   0   0   1   0
134   0   0   0   0   0   0   0   0   0   0   0   0   0   1   0   0   0   0   0
135   0   0   0   0   0   0   0   0   0   0   0   0   0   0   1   0   0   0   0
136   0   0   0   0   0   0   0   0   0   0   0   0   0   0   0   0   0   0   1
137   0   0   0   0   0   0   0   0   0   0   0   0   0   0   0   1   0   0   0
138   0   0   0   0   0   0   0   0   0   0   0   0   0   0   0   1   0   0   0
139   0   0   0   0   0   0   0   0   0   0   0   0   0   0   0   1   0   0   0
140   0   0   0   0   0   0   0   0   0   0   0   0   0   0   0   1   0   0   0

:   149    :=
1     0
2     0
3     0
4     0
5     0
6     0
7     0
8     0
9     0
10    1
11    0
12    0
13    0
14    0
15    0
16    0
17    0
18    0
19    0
20    0
21    0
22    0
23    0
24    0
25    0
26    0
27    0
28    0
29    0
30    0
31    0
32    0
33    0
34    0
35    0
36    0
37    0
38    0
39    0
40    0
41    0
42    0
43    0
44    0
45    0
46    0
47    0
48    0
49    0
50    0
51    1
52    0
53    0
54    0
55    0
56    0
57    0
58    0
59    0
60    0
61    0
62    0
63    0
64    0
65    0
66    0
67    0
68    0
69    1
70    0
71    0
72    0
73    0
74    0
75    0
76    0
77    0
78    0
79    0
80    0
81    0
82    0
83    0
84    0
85    0
86    0
87    0
88    0
89    0
90    0
91    0
92    0
93    0
94    0
95    0
96    0
97    0
98    1
99    0
100   0
101   0
102   0
103   0
104   0
105   0
106   0
107   0
108   0
109   0
110   0
111   0
112   0
113   0
114   0
115   1
116   0
117   0
118   0
119   0
120   0
121   0
122   0
123   0
124   0
125   0
126   0
127   0
128   0
129   0
130   0
131   0
132   0
133   0
134   0
135   0
136   0
137   0
138   0
139   0
140   0
;

vi[i] [*] :=
  1  1
  2  1
  3  1
  4  1
  5  1
  6  1
  7  1
  8  1
  9  1
 11  1
 12  1
 13  1
 14  1
 15  1
 16  1
 17  1
 18  1
 19  1
 20  1
 21  1
 22  1
 24  1
 25  1
 26  1
 28  1
 29  1
 30  1
 31  1
 32  1
 33  1
 34  1
 35  1
 37  1
 38  1
 39  1
 40  1
 41  1
 43  1
 44  1
 45  1
 46  1
 48  1
 49  1
 50  1
 52  1
 53  1
 54  1
 55  1
 56  1
 57  1
 58  1
 59  1
 60  1
 61  1
 62  1
 63  1
 64  1
 65  1
 66  1
 67  1
 68  1
 70  1
 71  1
 72  1
 73  1
 74  1
 75  1
 76  1
 77  1
 78  1
 79  1
 80  1
 81  1
 82  1
 83  1
 84  1
 85  1
 86  1
 87  1
 88  1
 89  1
 90  1
 91  1
 92  1
 93  1
 94  1
 95  1
 96  1
 97  1
100  1
101  1
102  1
103  1
104  1
105  1
106  1
107  1
108  1
109  1
110  1
;

:   x[i]   c[i] travel[i] delay[i]    :=
111   1       0       0         0
112   1       0       0         0
113   1       0       0         0
114   1       0       0         0
116   1       0       0         0
117   1       0       0         0
118   1       0       0         0
119   1       0       0         0
120   1       0       0         0
121   1       0       0         0
122   1       0       0         0
123   1       0       0         0
125   1       0       0         0
134   1       0       0         0
135   1       0       0         0
141   1    3025    3025         0
145   1    6510    3630      2880
147   1    5745    4785       960
148   1    3575    3575         0
149   1    5605    4565      1040
;

