Iter 85
MasterProb = 55370

s [*] :=
1  15
2  63
3  42
4  46
5  61
;

SubProb = -4302
d = 0

distanceCost*(sum{l in 1 .. Lcap - 1} t[l]) = 4235

Iter 86
MasterProb = 53911.5

s [*] :=
1  19
2  58
3  67
4  42
5  81
;

SubProb = -4335.82
d = 0

distanceCost*(sum{l in 1 .. Lcap - 1} t[l]) = 3355

Iter 87
MasterProb = 53667.1

s [*] :=
1  47
2  36
3   3
4  81
5  72
;

SubProb = -3222.09
d = 0

distanceCost*(sum{l in 1 .. Lcap - 1} t[l]) = 4345

Iter 88
MasterProb = 52524.4

s [*] :=
1  78
2  69
3  12
4  41
5  39
;

SubProb = -1658.49
d = 0

distanceCost*(sum{l in 1 .. Lcap - 1} t[l]) = 4070

Iter 89
MasterProb = 52308.9

s [*] :=
1  19
2   9
3  11
4  22
5  18
;

SubProb = -1541.52
d = 0

distanceCost*(sum{l in 1 .. Lcap - 1} t[l]) = 3080

Iter 90
MasterProb = 51860.8

s [*] :=
1  18
2  59
3   1
4  36
5  80
;

SubProb = -2784.5
d = 0

distanceCost*(sum{l in 1 .. Lcap - 1} t[l]) = 3190

Iter 91
MasterProb = 50471.2

s [*] :=
1  65
2   2
3  11
4  72
5  85
;

SubProb = -168.768
d = 0

distanceCost*(sum{l in 1 .. Lcap - 1} t[l]) = 3685

Iter 92
MasterProb = 50445.6

s [*] :=
1  78
2   3
3  80
4  65
5  46
;

SubProb = -712.823
d = 0

distanceCost*(sum{l in 1 .. Lcap - 1} t[l]) = 4950

Iter 93
MasterProb = 50445.6

s [*] :=
1   4
2  43
3  12
4   3
5  63
;

SubProb = -1888.23
d = 0

distanceCost*(sum{l in 1 .. Lcap - 1} t[l]) = 3520

Iter 94
MasterProb = 50035.3

s [*] :=
1  18
2  11
3  62
4  43
5  84
;

SubProb = -2054.25
d = 0

distanceCost*(sum{l in 1 .. Lcap - 1} t[l]) = 3135

Iter 95
MasterProb = 49374.5

s [*] :=
1  81
2  57
3  84
4  80
5  85
;

SubProb = -2113
d = 0

distanceCost*(sum{l in 1 .. Lcap - 1} t[l]) = 2915

Iter 96
MasterProb = 48723

s [*] :=
1  71
2  84
3  63
4  38
5  59
;

SubProb = -1875.53
d = 0

distanceCost*(sum{l in 1 .. Lcap - 1} t[l]) = 4180

Iter 97
MasterProb = 48504.4

s [*] :=
1  72
2  39
3  59
4  36
5  56
;

SubProb = -573
d = 0

distanceCost*(sum{l in 1 .. Lcap - 1} t[l]) = 4180

Iter 98
MasterProb = 48450.6

s [*] :=
1   1
2  67
3  45
4  72
5  17
;

SubProb = -713.714
d = 0

distanceCost*(sum{l in 1 .. Lcap - 1} t[l]) = 3575

Iter 99
MasterProb = 48422.2

s [*] :=
1  15
2  48
3  85
4  86
5  87
;

SubProb = 0
d = 0

distanceCost*(sum{l in 1 .. Lcap - 1} t[l]) = 880

Problema Entero
MasterProb = 50856

fo1 = 32725
fo2 = 18131

x[j] [*] :=
  1  1
 14  1
 32  1
 41  1
 78  1
100  1
143  1
147  1
163  1
192  1
212  1
218  1
220  1
224  1
229  1
264  1
270  1
274  1
280  1
282  1
;

aa[i,j] [*,*]
:    1  14  32  41  78 100 143 147 163 192 212 218 220 224 229 264 270 274 280 :=
1    1   0   0   0   0   0   0   0   0   0   0   0   0   0   0   0   0   0   0
2    0   0   0   0   0   0   0   0   0   0   0   0   0   0   0   1   0   0   0
3    0   0   0   0   0   0   0   1   0   0   0   0   0   0   0   0   0   0   0
4    0   0   0   0   0   0   0   0   0   0   0   0   0   1   0   0   0   0   0
5    0   0   0   0   0   0   0   0   0   0   0   0   0   0   0   0   0   0   0
6    0   0   0   0   0   0   0   0   0   0   0   0   0   0   0   0   0   0   0
7    0   0   0   0   0   0   0   0   0   0   0   0   0   0   0   0   0   0   0
8    0   0   0   0   0   0   0   0   0   0   0   0   0   0   0   0   0   0   0
9    0   0   0   0   0   0   0   0   0   0   0   0   0   0   0   0   0   1   0
10   0   0   0   0   0   0   0   0   0   0   0   0   0   0   0   0   0   0   0
11   0   0   0   0   0   0   0   0   0   0   0   0   0   0   0   0   0   1   0
12   0   0   0   0   0   0   0   1   0   0   0   0   0   0   0   0   0   0   0
13   0   0   0   0   0   0   0   0   1   0   0   0   0   0   0   0   0   0   0
14   0   1   0   0   0   0   0   0   0   0   0   0   0   0   0   0   0   0   0
15   0   0   0   0   0   0   0   0   0   0   0   0   0   0   0   0   1   0   0
16   0   0   0   0   0   0   0   0   0   0   0   1   0   0   0   0   0   0   0
17   0   0   0   0   0   0   0   0   0   0   1   0   0   0   0   0   0   0   0
18   0   0   0   0   0   0   0   0   0   0   0   0   0   0   0   0   0   1   0
19   0   0   0   0   0   0   0   0   0   0   0   0   0   0   0   0   0   1   0
20   0   0   0   0   0   0   0   0   0   0   0   0   0   0   0   0   0   0   0
21   0   0   0   0   0   0   0   0   0   0   0   0   1   0   0   0   0   0   0
22   0   0   0   0   0   0   0   0   0   0   0   0   0   0   0   0   0   1   0
23   0   0   0   0   0   1   0   0   0   0   0   0   0   0   0   0   0   0   0
24   0   0   0   0   0   0   0   0   0   1   0   0   0   0   0   0   0   0   0
25   0   0   0   0   0   0   0   0   0   0   0   0   0   0   0   0   0   0   0
26   0   0   0   0   0   0   0   0   0   0   0   0   1   0   0   0   0   0   0
27   0   0   0   0   0   0   0   0   0   0   0   0   0   0   0   0   0   0   0
28   0   0   0   0   0   0   0   0   0   0   0   0   0   0   0   0   0   0   0
29   0   0   0   0   0   0   0   0   0   0   0   0   0   0   0   0   0   0   0
30   0   0   0   0   0   0   1   0   0   0   0   0   0   0   0   0   0   0   0
31   0   0   0   0   0   0   0   0   0   0   0   0   0   0   0   0   0   0   0
32   0   0   1   0   0   0   0   0   0   0   0   0   0   0   0   0   0   0   0
33   0   0   0   0   0   0   0   1   0   0   0   0   0   0   0   0   0   0   0
34   0   0   0   0   0   0   0   1   0   0   0   0   0   0   0   0   0   0   0
35   0   0   0   0   0   0   0   0   0   0   0   0   0   0   0   0   0   0   0
36   0   0   0   0   0   0   0   0   0   0   0   0   0   0   0   0   0   0   0
37   0   0   0   0   0   0   0   0   0   0   0   0   0   1   0   0   0   0   0
38   0   0   0   0   0   0   0   1   0   0   0   0   0   0   0   0   0   0   0
39   0   0   0   0   0   0   0   0   0   0   0   0   0   0   0   0   0   0   0
40   0   0   0   0   0   0   0   0   0   0   0   1   0   0   0   0   0   0   0
41   0   0   0   1   0   0   0   0   0   0   0   0   0   0   0   0   0   0   0
42   0   0   0   0   0   0   0   0   0   0   0   0   0   0   0   0   1   0   0
43   0   0   0   0   0   1   0   0   0   0   0   0   0   0   0   0   0   0   0
44   0   0   0   0   0   0   0   0   0   1   0   0   0   0   0   0   0   0   0
45   0   0   0   0   0   0   0   0   0   0   0   0   0   0   1   0   0   0   0
46   0   0   0   0   0   0   0   0   0   0   0   0   0   0   0   0   1   0   0
47   0   0   0   0   0   1   0   0   0   0   0   0   0   0   0   0   0   0   0
48   0   0   0   0   0   0   0   0   0   0   0   0   0   0   0   0   0   0   0
49   0   0   0   0   0   1   0   0   0   0   0   0   0   0   0   0   0   0   0
50   0   0   0   0   0   0   0   0   1   0   0   0   0   0   0   0   0   0   0
51   0   0   0   0   0   0   1   0   0   0   0   0   0   0   0   0   0   0   0
52   0   0   0   0   0   0   0   0   0   1   0   0   0   0   0   0   0   0   0
53   0   0   0   0   0   0   0   0   0   0   0   0   0   0   0   0   0   0   0
54   0   0   0   0   0   0   0   0   0   0   0   0   0   0   1   0   0   0   0
55   0   0   0   0   0   0   0   0   0   0   1   0   0   0   0   0   0   0   0
56   0   0   0   0   0   0   0   0   0   0   0   0   0   0   0   0   0   0   0
57   0   0   0   0   0   0   0   0   0   0   0   0   0   0   0   0   0   0   1
58   0   0   0   0   0   0   0   0   0   0   0   0   0   0   0   1   0   0   0
59   0   0   0   0   0   0   0   0   0   0   0   0   0   0   0   0   0   0   0
60   0   0   0   0   0   0   0   0   0   1   0   0   0   0   0   0   0   0   0
61   0   0   0   0   0   0   0   0   0   0   0   0   0   0   0   0   1   0   0
62   0   0   0   0   0   0   0   0   0   0   0   0   0   0   0   0   0   0   0
63   0   0   0   0   0   0   0   0   0   0   0   0   0   0   0   0   1   0   0
64   0   0   0   0   0   0   0   0   0   0   0   0   0   0   0   0   0   0   0
65   0   0   0   0   0   0   0   0   0   1   0   0   0   0   0   0   0   0   0
66   0   0   0   0   0   0   0   0   0   0   0   0   0   0   0   0   0   0   0
67   0   0   0   0   0   1   0   0   0   0   0   0   0   0   0   0   0   0   0
68   0   0   0   0   0   0   0   0   0   0   0   0   0   0   0   0   0   0   0
69   0   0   0   0   0   0   0   0   0   0   0   0   0   1   0   0   0   0   0
70   0   0   0   0   0   0   0   0   0   0   0   0   0   1   0   0   0   0   0
71   0   0   0   0   0   0   0   0   0   0   0   0   0   0   0   0   0   0   0
72   0   0   0   0   0   0   0   0   0   0   0   0   0   0   0   0   0   0   0
73   0   0   0   0   0   0   0   0   0   0   0   0   0   0   0   0   0   0   0
74   0   0   0   0   0   0   0   0   0   0   0   0   0   0   0   0   0   0   0
75   0   0   0   0   0   0   0   0   0   0   0   0   0   0   0   0   0   0   0
76   0   0   0   0   0   0   0   0   0   0   0   0   0   0   0   0   0   0   0
77   0   0   0   0   0   0   0   0   0   0   0   0   0   0   0   0   0   0   0
78   0   0   0   0   1   0   0   0   0   0   0   0   0   0   0   0   0   0   0
79   0   0   0   0   0   0   0   0   0   0   0   0   0   0   0   0   0   0   0
80   0   0   0   0   0   0   0   0   0   0   0   0   0   0   0   0   0   0   1
81   0   0   0   0   0   0   0   0   0   0   0   0   0   0   0   0   0   0   1
82   0   0   0   0   0   0   0   0   0   0   0   0   0   0   0   0   0   0   0
83   0   0   0   0   0   0   0   0   0   0   0   0   0   0   0   0   0   0   0
84   0   0   0   0   0   0   0   0   0   0   0   0   0   0   0   0   0   0   1

:  282    :=
1    0
2    0
3    0
4    0
5    0
6    0
7    0
8    0
9    0
10   0
11   0
12   0
13   0
14   0
15   0
16   0
17   0
18   0
19   0
20   0
21   0
22   0
23   0
24   0
25   0
26   0
27   0
28   0
29   0
30   0
31   0
32   0
33   0
34   0
35   0
36   1
37   0
38   0
39   1
40   0
41   0
42   0
43   0
44   0
45   0
46   0
47   0
48   0
49   0
50   0
51   0
52   0
53   0
54   0
55   0
56   1
57   0
58   0
59   1
60   0
61   0
62   0
63   0
64   0
65   0
66   0
67   0
68   0
69   0
70   0
71   0
72   1
73   0
74   0
75   0
76   0
77   0
78   0
79   0
80   0
81   0
82   0
83   0
84   0
;

vi[i] [*] :=
 5  1
 6  1
 7  1
 8  1
10  1
20  1
25  1
27  1
28  1
29  1
31  1
35  1
48  1
53  1
62  1
64  1
66  1
68  1
71  1
73  1
74  1
75  1
76  1
77  1
79  1
82  1
83  1
;

:   x[i]   c[i] travel[i] delay[i]    :=
1     1       0       0       0
14    1       0       0       0
32    1       0       0       0
41    1       0       0       0
78    1       0       0       0
100   1    2915    2915       0
143   1     880     880       0
147   1    3300    3300       0
163   1     880     880       0
192   1    3520    3520       0
212   1    1155    1155       0
218   1     660     660       0
220   1     880     880       0
224   1    2640    2640       0
229   1     880     880       0
264   1     605     605       0
270   1    4235    4235       0
274   1    3080    3080       0
280   1    2915    2915       0
282   1    4180    4180       0
;

