#Nombre	DiaAten	ModelId		T.Servicio	Penalty
191_PR_3	3	1	60	2148
101_PR_2	2	1	60	2454
1_PR_1	-2	1	90	1004
341_SA_5	5	1	70	2153
102_SA_2	2	2	120	3726
2_SA_1	1	2	90	62275
103_SA_2	2	3	120	51082
104_LC_2	-3	4	120	860
271_PR_4	4	1	60	25338
105_LC_2	2	5	200	64184
342_PR_5	-6	2	60	1238
192_PR_3	3	2	130	2645
193_LC_3	3	3	70	2030
272_LC_4	4	2	130	36373
273_LC_4	4	3	90	3116
343_LC_5	5	3	45	60400
274_SA_4	4	4	60	64729
3_SA_1	1	3	75	61731
106_NU_2	2	6	75	49500
107_PR_2	2	7	30	50442
344_LC_5	5	4	120	41776
108_LC_2	2	8	10	44774
345_SA_5	-6	5	150	458
194_PR_3	3	4	20	48720
4_LC_1	1	4	120	2168
195_SA_3	3	5	150	2865
5_SA_1	1	5	90	46472
197_SA_3	3	6	120	51414
346_LC_5	5	6	70	52354
199_SA_3	3	7	80	38365
196_PR_3	3	8	45	41855
198_SA_3	3	9	60	65207
6_SA_1	1	6	30	3818
200_SA_3	3	10	60	5055
201_LC_3	3	11	270	6922
347_SA_5	5	7	20	46572
7_SA_1	1	7	290	65346
202_SA_3	3	12	180	73183
8_SA_1	1	8	60	50401
110_SA_2	2	9	120	63895
111_SA_2	2	10	120	47530
112_SA_2	2	11	60	66913
109_SA_2	2	12	110	42797
114_SA_2	2	13	60	62199
113_SA_2	2	14	60	58426
203_SA_3	3	13	45	67147
115_PR_2	2	15	90	30319
348_SA_5	5	8	60	8053
349_SA_5	5	9	15	6538
9_SA_1	-2	9	360	1280
10_SA_1	-2	10	60	944
13_SA_1	-2	11	60	1124
14_SA_1	-2	12	90	1230
350_SA_5	-6	10	180	1176
12_SA_1	1	13	75	709
204_SA_3	-4	14	80	1444
205_SA_3	3	15	60	833
352_PR_5	-6	11	70	942
11_SA_1	-2	14	120	1708
275_SA_4	-5	5	90	1620
276_SA_4	-5	6	60	1260
277_SA_4	-5	7	120	1414
120_SA_2	-3	16	55	1226
279_SA_4	-5	8	300	1338
280_NU_4	4	9	60	468
119_SA_2	-3	17	60	1318
124_SA_2	2	18	30	550
121_LC_2	-3	19	45	1362
122_SA_2	2	20	50	777
351_SA_5	-6	12	60	1488
118_SA_2	-3	21	120	1386
278_PR_4	-5	10	150	1258
116_SA_2	2	22	60	762
117_SA_2	-3	23	140	1356
123_SA_2	2	24	50	483
15_SA_1	1	15	240	30690
125_SA_2	2	25	60	61042
281_PR_4	4	11	70	27226
282_LC_4	4	12	90	36417
127_PR_2	2	26	80	64256
206_PR_3	3	16	35	144764
126_PR_2	2	27	180	86980
353_SA_5	-6	13	5	230
354_PR_5	5	14	30	50523
16_SA_1	-2	16	110	756
207_SA_3	3	17	50	397
128_SA_2	-3	28	120	320
17_NU_1	-2	17	180	3164
129_NU_2	-3	29	120	1806
283_SA_4	4	13	180	2311
355_LC_5	-6	15	150	3044
130_SA_2	-3	30	90	3102
356_SA_5	-6	16	150	722
131_PR_2	2	31	215	59886
18_SA_1	1	18	90	1579
208_SA_3	-4	18	90	2954
209_SA_3	3	19	45	2138
132_SA_2	-3	32	20	1408
19_SA_1	1	19	180	75821
210_SA_3	3	20	180	91778
284_SA_4	4	14	240	95040
134_SA_2	2	33	60	39210
133_SA_2	2	34	90	50293
357_SA_5	5	17	60	44017
285_SA_4	4	15	60	49746
135_SA_2	2	35	60	54214
20_SA_1	1	20	60	50973
136_LC_2	-3	36	30	792
286_PR_4	4	16	60	59485
360_LC_5	5	18	10	40487
358_PR_5	5	19	70	56996
137_PR_2	2	37	150	53827
359_LC_5	5	20	10	39648
361_SA_5	5	21	10	48042
21_NU_1	1	21	90	23664
211_NU_3	3	21	40	21682
362_PR_5	5	22	240	69745
22_PR_1	1	22	60	49362
213_LC_3	3	22	90	52830
139_PR_2	2	38	60	41177
140_SA_2	2	39	50	52753
288_SA_4	4	17	60	57868
287_PR_4	4	18	90	49317
212_SA_3	3	23	40	44907
138_VI_2	2	40	90	49643
363_VI_5	5	23	10	1589
214_VI_3	3	24	25	2338
215_PR_3	3	25	45	57060
23_SA_1	1	23	90	48527
24_PR_1	1	24	100	6834
289_LC_4	4	19	110	26380
25_PR_1	1	25	90	5223
141_NU_2	-3	41	150	530
26_NU_1	-2	26	420	646
27_LC_1	1	27	180	2933
216_SA_3	3	26	80	12507
28_SA_1	-2	28	30	708
29_SA_1	1	29	60	70192
364_PR_5	5	24	1	2253
217_SA_3	-4	27	150	1510
365_SA_5	-6	25	120	1558
290_SA_4	-5	20	60	1738
291_SA_4	4	21	150	3805
292_PR_4	4	22	50	2000
293_PR_4	4	23	165	1884
294_SA_4	4	24	90	33834
142_LC_2	2	42	50	5061
218_SA_3	3	28	120	5080
219_SA_3	3	29	90	3324
143_SA_2	2	43	180	3967
144_SA_2	-3	44	90	662
145_LC_2	-3	45	60	362
146_SA_2	-3	46	165	386
147_LC_2	-3	47	30	300
220_PR_3	-4	30	60	460
30_PR_1	1	30	60	8249
295_LC_4	-5	25	60	80
366_SA_5	5	26	20	9201
32_SA_1	1	31	90	9244
31_SA_1	1	32	90	18407
367_PR_5	5	27	15	50717
33_LC_1	1	33	150	2950
221_PR_3	3	31	35	39099
296_SA_4	4	26	90	50247
222_PR_3	3	32	60	57501
223_PR_3	3	33	40	45196
224_PR_3	3	34	50	2514
34_LC_1	1	34	80	43884
148_SA_2	2	48	90	9737
368_PR_5	5	28	5	20833
369_SA_5	5	29	120	50211
370_SA_5	5	30	140	39741
225_SA_3	-4	35	80	524
35_SA_1	1	35	105	369
297_SA_4	-5	27	100	2068
36_LC_1	1	36	60	59109
298_PR_4	-5	28	120	568
150_SA_2	2	49	120	1924
149_SA_2	-3	50	235	3560
151_SA_2	2	51	120	70203
38_PR_1	1	37	80	46758
371_PR_5	5	31	30	46129
37_PR_1	1	38	60	62815
39_LC_1	1	39	90	4089
226_PR_3	3	36	65	33511
372_LC_5	5	32	60	45964
227_LC_3	3	37	120	2785
40_SA_1	1	40	60	2545
228_SA_3	3	38	100	46694
152_LC_2	2	52	1	1932
41_LC_1	1	41	120	3732
42_PR_1	1	42	60	3061
299_LC_4	-5	29	60	502
43_SA_1	-2	43	207	5538
300_SA_4	4	30	105	44714
301_SA_4	-5	31	75	998
44_PR_1	-2	44	25	2454
153_PR_2	2	53	230	66709
302_SA_4	4	32	90	50163
373_SA_5	-6	33	60	2594
154_PR_2	2	54	170	40090
374_PR_5	5	34	105	41042
155_SA_2	2	55	240	73916
375_PR_5	5	35	170	48097
229_SA_3	3	39	60	500
156_PR_2	2	56	80	46920
45_VI_1	1	45	75	9375
46_SA_1	-2	46	90	162
47_SA_1	-2	47	90	116
230_PR_3	3	40	30	27100
303_LC_4	4	33	60	62286
376_PR_5	5	36	75	43658
304_VI_4	4	34	120	1034
231_SA_3	3	41	80	1622
49_SA_1	-2	48	60	2208
306_SA_4	-5	35	270	3212
305_PR_4	4	36	25	1181
377_PR_5	5	37	30	1655
157_SA_2	-3	57	150	1918
48_SA_1	1	49	60	1464
232_PR_3	3	42	120	1376
307_SA_4	4	37	120	55374
233_SA_3	3	43	40	46201
378_PR_5	5	38	30	52720
234_LC_3	3	44	60	3486
235_LC_3	-4	45	120	680
379_LC_5	5	39	60	49813
50_LC_1	1	50	80	29957
158_PR_2	2	58	85	2521
236_VI_3	-4	46	90	154
308_PR_4	4	38	30	26980
237_PR_3	3	47	70	50757
159_SA_2	2	59	55	2755
51_SA_1	-2	51	90	4568
160_PR_2	2	60	60	43977
309_PR_4	4	39	60	49893
310_PR_4	4	40	120	43196
161_LC_2	2	61	180	76143
238_SA_3	3	48	60	5708
162_SA_2	2	62	1	4928
239_SA_3	3	49	180	55988
52_PR_1	1	52	30	4227
240_PR_3	3	50	60	4383
53_NU_1	1	53	90	56791
311_PR_4	4	41	60	28089
241_SA_3	3	51	20	65883
55_LC_1	-2	54	60	2078
54_LC_1	-2	55	60	2516
312_PR_4	4	42	50	153772
56_LC_1	-2	56	150	154
313_PR_4	4	43	50	1458
163_PR_2	-3	63	120	2614
164_NU_2	2	64	90	2233
314_SA_4	4	44	20	2642
380_LC_5	5	40	234	3733
59_SA_1	1	57	60	4785
57_SA_1	1	58	60	6642
58_SA_1	1	59	60	5294
165_SA_2	2	65	120	48956
60_LC_1	1	60	90	5466
167_SA_2	2	66	60	64696
64_SA_1	1	61	10	43503
62_SA_1	1	62	150	45330
61_SA_1	1	63	30	46602
166_SA_2	2	67	40	48315
65_SA_1	1	64	30	61281
63_SA_1	1	65	75	50642
381_SA_5	5	41	60	61791
242_LC_3	3	52	40	45316
315_SA_4	4	45	180	3076
316_NU_4	4	46	60	9598
66_PR_1	-2	66	75	844
168_SA_2	2	68	60	563
67_SA_1	-2	67	60	284
317_LC_4	4	47	45	59294
243_SA_3	-4	53	120	2416
318_SA_4	-5	48	240	2238
68_SA_1	-2	68	120	366
69_VI_1	1	69	60	59752
382_PR_5	5	42	30	2214
319_PR_4	4	49	90	1519
71_PR_1	1	70	520	21014
70_SA_1	1	71	180	20678
170_SA_2	2	69	120	21981
244_SA_3	3	54	80	18357
169_LC_2	2	70	135	16525
171_PR_2	2	71	65	9688
172_NU_2	2	72	60	41610
321_SA_4	4	50	240	35733
383_SA_5	5	43	240	33028
73_PR_1	1	72	120	32861
72_SA_1	1	73	195	48749
320_SA_4	4	51	120	47837
322_SA_4	4	52	90	48846
245_SA_3	-4	55	160	486
384_SA_5	-6	44	240	752
323_SA_4	-5	53	120	640
246_LC_3	3	56	100	3511
247_SA_3	3	57	90	57582
74_SA_1	-2	74	60	672
75_SA_1	1	75	75	54928
174_SA_2	2	73	360	45596
173_SA_2	2	74	55	67227
175_SA_2	2	75	90	42954
385_SA_5	5	45	60	58898
248_SA_3	3	58	60	2172
176_SA_2	2	76	90	1054
177_PR_2	-3	77	50	282
249_SA_3	3	59	75	58531
76_SA_1	-2	76	100	382
250_SA_3	3	60	60	40408
77_SA_1	1	77	120	54492
178_NU_2	2	78	20	309
324_SA_4	4	54	130	54897
325_PR_4	4	55	180	5354
386_SA_5	5	46	90	55961
179_PR_2	2	79	100	48402
251_PR_3	3	61	60	5827
180_LC_2	2	80	60	68341
326_SA_4	4	56	1	1038
78_SA_1	-2	78	60	1142
79_SA_1	1	79	100	710
181_LC_2	-3	81	120	2138
252_SA_3	3	62	55	1030
387_SA_5	5	47	90	49125
80_SA_1	1	80	90	59368
81_SA_1	1	81	60	14659
388_SA_5	5	48	60	1395
389_SA_5	5	49	90	48574
253_SA_3	3	63	60	33905
82_VI_1	1	82	30	11200
390_LC_5	5	50	180	3199
255_PR_3	3	64	150	59529
254_PR_3	3	65	60	60686
256_PR_3	-4	66	90	1676
257_SA_3	3	67	5	1143
258_SA_3	-4	68	120	3786
83_SA_1	1	83	240	2054
327_SA_4	4	57	120	22189
84_LC_1	1	84	15	34047
85_PR_1	-2	85	70	308
86_PR_1	1	86	90	38466
259_SA_3	-4	69	110	340
260_SA_3	-4	70	120	434
261_SA_3	3	71	90	5557
87_SA_1	-2	87	60	3038
262_SA_3	3	72	120	2140
88_LC_1	1	88	120	41057
328_LC_4	4	58	120	45076
329_LC_4	4	59	90	44506
182_LC_2	2	82	60	57721
183_NU_2	-3	83	20	712
263_SA_3	3	73	60	35097
184_SA_2	2	84	15	60413
185_SA_2	2	85	35	48247
331_SA_4	4	60	160	47399
330_SA_4	4	61	120	63119
264_SA_3	3	74	65	67396
186_PR_2	-3	86	120	420
187_SA_2	2	87	210	47582
89_PR_1	1	89	70	46163
90_SA_1	-2	90	90	120
391_LC_5	5	51	75	47484
393_PR_5	5	52	150	60656
91_PR_1	1	91	120	55700
392_PR_5	5	53	35	46124
188_VI_2	-3	88	100	130
332_PR_4	-5	62	120	2786
265_PR_3	3	75	100	45329
92_SA_1	1	92	60	38645
333_VI_4	4	63	90	48003
394_PR_5	5	54	75	55707
93_SA_1	1	93	90	2795
94_NU_1	1	94	160	58442
95_SA_1	1	95	140	464
334_SA_4	-5	64	30	1640
96_VI_1	1	96	50	71126
98_PR_1	1	97	10	38758
97_PR_1	1	98	20	40297
335_SA_4	4	65	30	11134
266_SA_3	3	76	80	4150
99_SA_1	-2	99	75	144
267_NU_3	3	77	50	5023
336_VI_4	-5	66	240	552
337_PR_4	4	67	1	4434
395_SA_5	-6	55	90	212
338_SA_4	-5	68	60	286
396_SA_5	5	56	60	50535
397_SA_5	5	57	10	60731
268_SA_3	-4	78	90	1874
398_NU_5	5	58	150	8155
340_SA_4	4	69	60	8111
339_SA_4	4	70	140	7511
189_PR_2	2	89	80	7331
399_SA_5	5	59	60	56602
190_SA_2	2	90	30	44843
100_PR_1	1	100	60	3299
269_SA_3	3	79	40	297474
400_PR_5	5	60	45	49535
270_PR_3	3	80	75	9660
