#cliente	day	place	penalty	service
191_PR_3	3	2	2926	60
101_PR_2	2	2	2055	60
1_PR_1	1	2	419	90
341_SA_5	5	1	2234	70
102_SA_2	2	1	3954	120
2_SA_1	1	1	38035	90
103_SA_2	2	1	23942	120
104_LC_2	2	3	338	120
271_PR_4	4	2	17100	60
105_LC_2	2	3	54714	200
342_PR_5	5	2	500	60
192_PR_3	3	2	5514	130
193_LC_3	3	3	1990	70
272_LC_4	4	3	51636	130
273_LC_4	4	3	2788	90
343_LC_5	5	3	23547	45
274_SA_4	4	1	61826	60
3_SA_1	1	1	59183	75
106_NU_2	2	5	43505	75
107_PR_2	2	2	69326	30
344_LC_5	5	3	63049	120
108_LC_2	2	3	47317	10
345_SA_5	5	1	223	150
194_PR_3	3	2	40449	20
4_LC_1	1	3	3006	120
195_SA_3	3	1	2349	150
5_SA_1	1	1	28034	90
197_SA_3	3	1	64742	120
346_LC_5	5	3	74091	70
199_SA_3	3	1	85353	80
196_PR_3	3	2	64436	45
198_SA_3	3	1	44368	60
6_SA_1	1	1	5641	30
200_SA_3	3	1	4355	60
201_LC_3	3	3	5917	270
347_SA_5	5	1	73559	20
7_SA_1	1	1	64018	290
202_SA_3	3	1	39682	180
8_SA_1	1	1	28852	60
110_SA_2	2	1	39204	120
111_SA_2	2	1	76207	120
112_SA_2	2	1	45963	60
109_SA_2	2	1	32112	110
114_SA_2	2	1	60004	60
113_SA_2	2	1	37983	60
203_SA_3	3	1	62333	45
115_PR_2	2	2	63575	90
348_SA_5	5	1	5187	60
349_SA_5	5	1	8256	15
9_SA_1	1	1	469	360
10_SA_1	1	1	895	60
13_SA_1	1	1	805	60
14_SA_1	1	1	671	90
350_SA_5	5	1	783	180
12_SA_1	1	1	744	75
204_SA_3	3	1	643	80
205_SA_3	3	1	928	60
352_PR_5	5	2	527	70
11_SA_1	1	1	897	120
275_SA_4	4	1	645	90
276_SA_4	4	1	745	60
277_SA_4	4	1	742	120
120_SA_2	2	1	373	55
279_SA_4	4	1	587	300
280_NU_4	4	5	745	60
119_SA_2	2	1	735	60
124_SA_2	2	1	901	30
121_LC_2	2	3	686	45
122_SA_2	2	1	470	50
351_SA_5	5	1	576	60
118_SA_2	2	1	603	120
278_PR_4	4	2	516	150
116_SA_2	2	1	868	60
117_SA_2	2	1	876	140
123_SA_2	2	1	754	50
15_SA_1	1	1	54354	240
125_SA_2	2	1	67591	60
281_PR_4	4	2	55132	70
282_LC_4	4	3	34916	90
127_PR_2	2	2	128364	80
206_PR_3	3	2	122894	35
126_PR_2	2	2	117316	180
353_SA_5	5	1	190	5
354_PR_5	5	2	38745	30
16_SA_1	1	1	141	110
207_SA_3	3	1	106	50
128_SA_2	2	1	219	120
17_NU_1	1	5	553	180
129_NU_2	2	5	103	120
283_SA_4	4	1	1659	180
355_LC_5	5	3	1748	150
130_SA_2	2	1	1465	90
356_SA_5	5	1	338	150
131_PR_2	2	2	47672	215
18_SA_1	1	1	1223	90
208_SA_3	3	1	1047	90
209_SA_3	3	1	1231	45
132_SA_2	2	1	1791	20
19_SA_1	1	1	90840	180
210_SA_3	3	1	118402	180
284_SA_4	4	1	98113	240
134_SA_2	2	1	49446	60
133_SA_2	2	1	22862	90
357_SA_5	5	1	76350	60
285_SA_4	4	1	47212	60
135_SA_2	2	1	52138	60
20_SA_1	1	1	47617	60
136_LC_2	2	3	430	30
286_PR_4	4	2	43456	60
360_LC_5	5	3	39181	10
358_PR_5	5	2	42307	70
137_PR_2	2	2	54471	150
359_LC_5	5	3	66771	10
361_SA_5	5	1	55274	10
21_NU_1	1	5	28289	90
211_NU_3	3	5	16368	40
362_PR_5	5	2	35638	240
22_PR_1	1	2	64452	60
213_LC_3	3	3	63460	90
139_PR_2	2	2	54193	60
140_SA_2	2	1	74521	50
288_SA_4	4	1	37387	60
287_PR_4	4	2	69184	90
212_SA_3	3	1	35898	40
138_VI_2	2	4	66309	90
363_VI_5	5	4	2212	10
214_VI_3	3	4	3688	25
215_PR_3	3	2	39682	45
23_SA_1	1	1	12548	90
24_PR_1	1	2	3131	100
289_LC_4	4	3	31863	110
25_PR_1	1	2	4656	90
141_NU_2	2	5	381	150
26_NU_1	1	5	89	420
27_LC_1	1	3	1461	180
216_SA_3	3	1	17156	80
28_SA_1	1	1	367	30
29_SA_1	1	1	40631	60
364_PR_5	5	2	2222	1
217_SA_3	3	1	1086	150
365_SA_5	5	1	886	120
290_SA_4	4	1	210	60
291_SA_4	4	1	2577	150
292_PR_4	4	2	2136	50
293_PR_4	4	2	2093	165
294_SA_4	4	1	35324	90
142_LC_2	2	3	3016	50
218_SA_3	3	1	2794	120
219_SA_3	3	1	5192	90
143_SA_2	2	1	3409	180
144_SA_2	2	1	231	90
145_LC_2	2	3	213	60
146_SA_2	2	1	249	165
147_LC_2	2	3	156	30
220_PR_3	3	2	194	60
30_PR_1	1	2	13234	60
295_LC_4	4	3	84	60
366_SA_5	5	1	6918	20
32_SA_1	1	1	14964	90
31_SA_1	1	1	25935	90
367_PR_5	5	2	95991	15
33_LC_1	1	3	3834	150
221_PR_3	3	2	39530	35
296_SA_4	4	1	69608	90
222_PR_3	3	2	39714	60
223_PR_3	3	2	50930	40
224_PR_3	3	2	2123	50
34_LC_1	1	3	43228	80
148_SA_2	2	1	9414	90
368_PR_5	5	2	21735	5
369_SA_5	5	1	56422	120
370_SA_5	5	1	56149	140
225_SA_3	3	1	218	80
35_SA_1	1	1	355	105
297_SA_4	4	1	2139	100
36_LC_1	1	3	55683	60
298_PR_4	4	2	254	120
150_SA_2	2	1	2125	120
149_SA_2	2	1	1510	235
151_SA_2	2	1	88472	120
38_PR_1	1	2	29145	80
371_PR_5	5	2	42997	30
37_PR_1	1	2	42197	60
39_LC_1	1	3	2327	90
226_PR_3	3	2	50412	65
372_LC_5	5	3	31127	60
227_LC_3	3	3	2957	120
40_SA_1	1	1	466	60
228_SA_3	3	1	12877	100
152_LC_2	2	3	817	1
41_LC_1	1	3	2183	120
42_PR_1	1	2	3590	60
299_LC_4	4	3	177	60
43_SA_1	1	1	2223	207
300_SA_4	4	1	63724	105
301_SA_4	4	1	288	75
44_PR_1	1	2	911	25
153_PR_2	2	2	58771	230
302_SA_4	4	1	49331	90
373_SA_5	5	1	1820	60
154_PR_2	2	2	83002	170
374_PR_5	5	2	40578	105
155_SA_2	2	1	54038	240
375_PR_5	5	2	45303	170
229_SA_3	3	1	299	60
156_PR_2	2	2	64591	80
45_VI_1	1	4	9782	75
46_SA_1	1	1	97	90
47_SA_1	1	1	101	90
230_PR_3	3	2	44119	30
303_LC_4	4	3	22522	60
376_PR_5	5	2	54157	75
304_VI_4	4	4	1764	120
231_SA_3	3	1	1004	80
49_SA_1	1	1	1308	60
306_SA_4	4	1	1371	270
305_PR_4	4	2	1908	25
377_PR_5	5	2	1380	30
157_SA_2	2	1	1867	150
48_SA_1	1	1	1640	60
232_PR_3	3	2	1764	120
307_SA_4	4	1	52337	120
233_SA_3	3	1	54476	40
378_PR_5	5	2	62244	30
234_LC_3	3	3	2819	60
235_LC_3	3	3	432	120
379_LC_5	5	3	49766	60
50_LC_1	1	3	41210	80
158_PR_2	2	2	3116	85
236_VI_3	3	4	125	90
308_PR_4	4	2	49139	30
237_PR_3	3	2	65614	70
159_SA_2	2	1	2276	55
51_SA_1	1	1	3178	90
160_PR_2	2	2	57056	60
309_PR_4	4	2	43739	60
310_PR_4	4	2	45346	120
161_LC_2	2	3	53747	180
238_SA_3	3	1	5557	60
162_SA_2	2	1	5808	1
239_SA_3	3	1	39260	180
52_PR_1	1	2	4464	30
240_PR_3	3	2	235	60
53_NU_1	1	5	43360	90
311_PR_4	4	2	59240	60
241_SA_3	3	1	84638	20
55_LC_1	1	3	842	60
54_LC_1	1	3	1090	60
312_PR_4	4	2	184243	50
56_LC_1	1	3	52	150
313_PR_4	4	2	1737	50
163_PR_2	2	2	1373	120
164_NU_2	2	5	879	90
314_SA_4	4	1	2226	20
380_LC_5	5	3	5565	234
59_SA_1	1	1	1637	60
57_SA_1	1	1	2655	60
58_SA_1	1	1	4832	60
165_SA_2	2	1	50532	120
60_LC_1	1	3	1886	90
167_SA_2	2	1	51951	60
64_SA_1	1	1	20495	10
62_SA_1	1	1	18182	150
61_SA_1	1	1	39604	30
166_SA_2	2	1	25367	40
65_SA_1	1	1	62002	30
63_SA_1	1	1	48439	75
381_SA_5	5	1	61464	60
242_LC_3	3	3	53093	40
315_SA_4	4	1	3647	180
316_NU_4	4	5	11909	60
66_PR_1	1	2	367	75
168_SA_2	2	1	768	60
67_SA_1	1	1	147	60
317_LC_4	4	3	24576	45
243_SA_3	3	1	1211	120
318_SA_4	4	1	952	240
68_SA_1	1	1	309	120
69_VI_1	1	4	28183	60
382_PR_5	5	2	2588	30
319_PR_4	4	2	2236	90
71_PR_1	1	2	18218	520
70_SA_1	1	1	6493	180
170_SA_2	2	1	19171	120
244_SA_3	3	1	9059	80
169_LC_2	2	3	27302	135
171_PR_2	2	2	8059	65
172_NU_2	2	5	61336	60
321_SA_4	4	1	79198	240
383_SA_5	5	1	51454	240
73_PR_1	1	2	56769	120
72_SA_1	1	1	67802	195
320_SA_4	4	1	43079	120
322_SA_4	4	1	54431	90
245_SA_3	3	1	479	160
384_SA_5	5	1	264	240
323_SA_4	4	1	272	120
246_LC_3	3	3	5274	100
247_SA_3	3	1	66237	90
74_SA_1	1	1	259	60
75_SA_1	1	1	22435	75
174_SA_2	2	1	41122	360
173_SA_2	2	1	58199	55
175_SA_2	2	1	43237	90
385_SA_5	5	1	59789	60
248_SA_3	3	1	1568	60
176_SA_2	2	1	611	90
177_PR_2	2	2	138	50
249_SA_3	3	1	56766	75
76_SA_1	1	1	289	100
250_SA_3	3	1	67138	60
77_SA_1	1	1	51044	120
178_NU_2	2	5	151	20
324_SA_4	4	1	60945	130
325_PR_4	4	2	4523	180
386_SA_5	5	1	49487	90
179_PR_2	2	2	29907	100
251_PR_3	3	2	4523	60
180_LC_2	2	3	56326	60
326_SA_4	4	1	1462	1
78_SA_1	1	1	807	60
79_SA_1	1	1	241	100
181_LC_2	2	3	1022	120
252_SA_3	3	1	1225	55
387_SA_5	5	1	62244	90
80_SA_1	1	1	48813	90
81_SA_1	1	1	22195	60
388_SA_5	5	1	2048	60
389_SA_5	5	1	26015	90
253_SA_3	3	1	37081	60
82_VI_1	1	4	12574	30
390_LC_5	5	3	3990	180
255_PR_3	3	2	39658	150
254_PR_3	3	2	27082	60
256_PR_3	3	2	802	90
257_SA_3	3	1	657	5
258_SA_3	3	1	3730	120
83_SA_1	1	1	1274	240
327_SA_4	4	1	12843	120
84_LC_1	1	3	23633	15
85_PR_1	1	2	119	70
86_PR_1	1	2	47381	90
259_SA_3	3	1	219	110
260_SA_3	3	1	134	120
261_SA_3	3	1	5342	90
87_SA_1	1	1	2054	60
262_SA_3	3	1	1468	120
88_LC_1	1	3	53124	120
328_LC_4	4	3	46300	120
329_LC_4	4	3	65734	90
182_LC_2	2	3	33368	60
183_NU_2	2	5	509	20
263_SA_3	3	1	62662	60
184_SA_2	2	1	67275	15
185_SA_2	2	1	53069	35
331_SA_4	4	1	32264	160
330_SA_4	4	1	46718	120
264_SA_3	3	1	43059	65
186_PR_2	2	2	229	120
187_SA_2	2	1	77155	210
89_PR_1	1	2	43372	70
90_SA_1	1	1	60	90
391_LC_5	5	3	55101	75
393_PR_5	5	2	58045	150
91_PR_1	1	2	47175	120
392_PR_5	5	2	49535	35
188_VI_2	2	4	50	100
332_PR_4	4	2	1724	120
265_PR_3	3	2	55797	100
92_SA_1	1	1	56017	60
333_VI_4	4	4	47038	90
394_PR_5	5	2	77398	75
93_SA_1	1	1	2442	90
94_NU_1	1	5	61025	160
95_SA_1	1	1	450	140
334_SA_4	4	1	1014	30
96_VI_1	1	4	49417	50
98_PR_1	1	2	41656	10
97_PR_1	1	2	58162	20
335_SA_4	4	1	12539	30
266_SA_3	3	1	3539	80
99_SA_1	1	1	51	75
267_NU_3	3	5	9947	50
336_VI_4	4	4	222	240
337_PR_4	4	2	2894	1
395_SA_5	5	1	125	90
338_SA_4	4	1	119	60
396_SA_5	5	1	22568	60
397_SA_5	5	1	57131	10
268_SA_3	3	1	884	90
398_NU_5	5	5	6855	150
340_SA_4	4	1	9844	60
339_SA_4	4	1	8381	140
189_PR_2	2	2	8524	80
399_SA_5	5	1	53469	60
190_SA_2	2	1	50308	30
100_PR_1	1	2	5204	60
269_SA_3	3	1	197799	40
400_PR_5	5	2	43648	45
270_PR_3	3	2	14413	75
