#Nombre	DiaAten	ModelId		T.Servicio	Penalty
191_PR_3	3	1	60	2926
101_PR_2	2	1	60	2055
1_PR_1	-2	1	90	838
341_SA_5	5	1	70	2234
102_SA_2	2	2	120	3954
2_SA_1	1	2	90	38035
103_SA_2	2	3	120	23942
104_LC_2	-3	4	120	676
271_PR_4	4	1	60	17100
105_LC_2	2	5	200	54714
342_PR_5	5	2	60	500
192_PR_3	3	2	130	5514
193_LC_3	3	3	70	1990
272_LC_4	4	2	130	51636
273_LC_4	4	3	90	2788
343_LC_5	5	3	45	23547
274_SA_4	4	4	60	61826
3_SA_1	1	3	75	59183
106_NU_2	2	6	75	43505
107_PR_2	2	7	30	69326
344_LC_5	5	4	120	63049
108_LC_2	2	8	10	47317
345_SA_5	-6	5	150	446
194_PR_3	3	4	20	40449
4_LC_1	-2	4	120	6012
195_SA_3	-4	5	150	4698
5_SA_1	1	5	90	28034
197_SA_3	3	6	120	64742
346_LC_5	5	6	70	74091
199_SA_3	3	7	80	85353
196_PR_3	3	8	45	64436
198_SA_3	3	9	60	44368
6_SA_1	1	6	30	5641
200_SA_3	3	10	60	4355
201_LC_3	3	11	270	5917
347_SA_5	5	7	20	73559
7_SA_1	1	7	290	64018
202_SA_3	3	12	180	39682
8_SA_1	1	8	60	28852
110_SA_2	2	9	120	39204
111_SA_2	2	10	120	76207
112_SA_2	2	11	60	45963
109_SA_2	2	12	110	32112
114_SA_2	2	13	60	60004
113_SA_2	2	14	60	37983
203_SA_3	3	13	45	62333
115_PR_2	2	15	90	63575
348_SA_5	5	8	60	5187
349_SA_5	5	9	15	8256
9_SA_1	-2	9	360	938
10_SA_1	-2	10	60	1790
13_SA_1	-2	11	60	1610
14_SA_1	-2	12	90	1342
350_SA_5	-6	10	180	1566
12_SA_1	-2	13	75	1488
204_SA_3	-4	14	80	1286
205_SA_3	-4	15	60	1856
352_PR_5	-6	11	70	1054
11_SA_1	-2	14	120	1794
275_SA_4	-5	5	90	1290
276_SA_4	-5	6	60	1490
277_SA_4	-5	7	120	1484
120_SA_2	2	16	55	373
279_SA_4	-5	8	300	1174
280_NU_4	-5	9	60	1490
119_SA_2	-3	17	60	1470
124_SA_2	2	18	30	901
121_LC_2	-3	19	45	1372
122_SA_2	-3	20	50	940
351_SA_5	-6	12	60	1152
118_SA_2	2	21	120	603
278_PR_4	-5	10	150	1032
116_SA_2	-3	22	60	1736
117_SA_2	-3	23	140	1752
123_SA_2	2	24	50	754
15_SA_1	1	15	240	54354
125_SA_2	2	25	60	67591
281_PR_4	4	11	70	55132
282_LC_4	4	12	90	34916
127_PR_2	2	26	80	128364
206_PR_3	3	16	35	122894
126_PR_2	2	27	180	117316
353_SA_5	-6	13	5	380
354_PR_5	5	14	30	38745
16_SA_1	-2	16	110	282
207_SA_3	-4	17	50	212
128_SA_2	-3	28	120	438
17_NU_1	-2	17	180	1106
129_NU_2	-3	29	120	206
283_SA_4	4	13	180	1659
355_LC_5	5	15	150	1748
130_SA_2	-3	30	90	2930
356_SA_5	-6	16	150	676
131_PR_2	2	31	215	47672
18_SA_1	-2	18	90	2446
208_SA_3	-4	18	90	2094
209_SA_3	-4	19	45	2462
132_SA_2	2	32	20	1791
19_SA_1	1	19	180	90840
210_SA_3	3	20	180	118402
284_SA_4	4	14	240	98113
134_SA_2	2	33	60	49446
133_SA_2	2	34	90	22862
357_SA_5	5	17	60	76350
285_SA_4	4	15	60	47212
135_SA_2	2	35	60	52138
20_SA_1	1	20	60	47617
136_LC_2	-3	36	30	860
286_PR_4	4	16	60	43456
360_LC_5	5	18	10	39181
358_PR_5	5	19	70	42307
137_PR_2	2	37	150	54471
359_LC_5	5	20	10	66771
361_SA_5	5	21	10	55274
21_NU_1	1	21	90	28289
211_NU_3	3	21	40	16368
362_PR_5	5	22	240	35638
22_PR_1	1	22	60	64452
213_LC_3	3	22	90	63460
139_PR_2	2	38	60	54193
140_SA_2	2	39	50	74521
288_SA_4	4	17	60	37387
287_PR_4	4	18	90	69184
212_SA_3	3	23	40	35898
138_VI_2	2	40	90	66309
363_VI_5	5	23	10	2212
214_VI_3	3	24	25	3688
215_PR_3	3	25	45	39682
23_SA_1	1	23	90	12548
24_PR_1	1	24	100	3131
289_LC_4	4	19	110	31863
25_PR_1	1	25	90	4656
141_NU_2	-3	41	150	762
26_NU_1	-2	26	420	178
27_LC_1	1	27	180	1461
216_SA_3	3	26	80	17156
28_SA_1	-2	28	30	734
29_SA_1	1	29	60	40631
364_PR_5	5	24	1	2222
217_SA_3	-4	27	150	2172
365_SA_5	-6	25	120	1772
290_SA_4	-5	20	60	420
291_SA_4	4	21	150	2577
292_PR_4	4	22	50	2136
293_PR_4	-5	23	165	4186
294_SA_4	4	24	90	35324
142_LC_2	2	42	50	3016
218_SA_3	3	28	120	2794
219_SA_3	3	29	90	5192
143_SA_2	2	43	180	3409
144_SA_2	-3	44	90	462
145_LC_2	-3	45	60	426
146_SA_2	-3	46	165	498
147_LC_2	2	47	30	156
220_PR_3	3	30	60	194
30_PR_1	1	30	60	13234
295_LC_4	-5	25	60	168
366_SA_5	5	26	20	6918
32_SA_1	1	31	90	14964
31_SA_1	1	32	90	25935
367_PR_5	5	27	15	95991
33_LC_1	1	33	150	3834
221_PR_3	3	31	35	39530
296_SA_4	4	26	90	69608
222_PR_3	3	32	60	39714
223_PR_3	3	33	40	50930
224_PR_3	3	34	50	2123
34_LC_1	1	34	80	43228
148_SA_2	2	48	90	9414
368_PR_5	5	28	5	21735
369_SA_5	5	29	120	56422
370_SA_5	5	30	140	56149
225_SA_3	-4	35	80	436
35_SA_1	-2	35	105	710
297_SA_4	4	27	100	2139
36_LC_1	1	36	60	55683
298_PR_4	-5	28	120	508
150_SA_2	-3	49	120	4250
149_SA_2	-3	50	235	3020
151_SA_2	2	51	120	88472
38_PR_1	1	37	80	29145
371_PR_5	5	31	30	42997
37_PR_1	1	38	60	42197
39_LC_1	1	39	90	2327
226_PR_3	3	36	65	50412
372_LC_5	5	32	60	31127
227_LC_3	3	37	120	2957
40_SA_1	1	40	60	466
228_SA_3	3	38	100	12877
152_LC_2	2	52	1	817
41_LC_1	1	41	120	2183
42_PR_1	1	42	60	3590
299_LC_4	-5	29	60	354
43_SA_1	1	43	207	2223
300_SA_4	4	30	105	63724
301_SA_4	4	31	75	288
44_PR_1	-2	44	25	1822
153_PR_2	2	53	230	58771
302_SA_4	4	32	90	49331
373_SA_5	5	33	60	1820
154_PR_2	2	54	170	83002
374_PR_5	5	34	105	40578
155_SA_2	2	55	240	54038
375_PR_5	5	35	170	45303
229_SA_3	-4	39	60	598
156_PR_2	2	56	80	64591
45_VI_1	1	45	75	9782
46_SA_1	-2	46	90	194
47_SA_1	-2	47	90	202
230_PR_3	3	40	30	44119
303_LC_4	4	33	60	22522
376_PR_5	5	36	75	54157
304_VI_4	4	34	120	1764
231_SA_3	3	41	80	1004
49_SA_1	-2	48	60	2616
306_SA_4	4	35	270	1371
305_PR_4	4	36	25	1908
377_PR_5	-6	37	30	2760
157_SA_2	-3	57	150	3734
48_SA_1	1	49	60	1640
232_PR_3	3	42	120	1764
307_SA_4	4	37	120	52337
233_SA_3	3	43	40	54476
378_PR_5	5	38	30	62244
234_LC_3	3	44	60	2819
235_LC_3	-4	45	120	864
379_LC_5	5	39	60	49766
50_LC_1	1	50	80	41210
158_PR_2	2	58	85	3116
236_VI_3	-4	46	90	250
308_PR_4	4	38	30	49139
237_PR_3	3	47	70	65614
159_SA_2	-3	59	55	4552
51_SA_1	1	51	90	3178
160_PR_2	2	60	60	57056
309_PR_4	4	39	60	43739
310_PR_4	4	40	120	45346
161_LC_2	2	61	180	53747
238_SA_3	3	48	60	5557
162_SA_2	2	62	1	5808
239_SA_3	3	49	180	39260
52_PR_1	1	52	30	4464
240_PR_3	-4	50	60	470
53_NU_1	1	53	90	43360
311_PR_4	4	41	60	59240
241_SA_3	3	51	20	84638
55_LC_1	1	54	60	842
54_LC_1	1	55	60	1090
312_PR_4	4	42	50	184243
56_LC_1	-2	56	150	104
313_PR_4	-5	43	50	3474
163_PR_2	2	63	120	1373
164_NU_2	2	64	90	879
314_SA_4	4	44	20	2226
380_LC_5	5	40	234	5565
59_SA_1	1	57	60	1637
57_SA_1	-2	58	60	5310
58_SA_1	1	59	60	4832
165_SA_2	2	65	120	50532
60_LC_1	-2	60	90	3772
167_SA_2	2	66	60	51951
64_SA_1	1	61	10	20495
62_SA_1	1	62	150	18182
61_SA_1	1	63	30	39604
166_SA_2	2	67	40	25367
65_SA_1	1	64	30	62002
63_SA_1	1	65	75	48439
381_SA_5	5	41	60	61464
242_LC_3	3	52	40	53093
315_SA_4	4	45	180	3647
316_NU_4	4	46	60	11909
66_PR_1	-2	66	75	734
168_SA_2	2	68	60	768
67_SA_1	-2	67	60	294
317_LC_4	4	47	45	24576
243_SA_3	-4	53	120	2422
318_SA_4	-5	48	240	1904
68_SA_1	-2	68	120	618
69_VI_1	1	69	60	28183
382_PR_5	5	42	30	2588
319_PR_4	4	49	90	2236
71_PR_1	1	70	520	18218
70_SA_1	1	71	180	6493
170_SA_2	2	69	120	19171
244_SA_3	3	54	80	9059
169_LC_2	2	70	135	27302
171_PR_2	2	71	65	8059
172_NU_2	2	72	60	61336
321_SA_4	4	50	240	79198
383_SA_5	5	43	240	51454
73_PR_1	1	72	120	56769
72_SA_1	1	73	195	67802
320_SA_4	4	51	120	43079
322_SA_4	4	52	90	54431
245_SA_3	-4	55	160	958
384_SA_5	-6	44	240	528
323_SA_4	4	53	120	272
246_LC_3	3	56	100	5274
247_SA_3	3	57	90	66237
74_SA_1	-2	74	60	518
75_SA_1	1	75	75	22435
174_SA_2	2	73	360	41122
173_SA_2	2	74	55	58199
175_SA_2	2	75	90	43237
385_SA_5	5	45	60	59789
248_SA_3	-4	58	60	3136
176_SA_2	-3	76	90	1222
177_PR_2	-3	77	50	276
249_SA_3	3	59	75	56766
76_SA_1	-2	76	100	578
250_SA_3	3	60	60	67138
77_SA_1	1	77	120	51044
178_NU_2	-3	78	20	302
324_SA_4	4	54	130	60945
325_PR_4	4	55	180	4523
386_SA_5	5	46	90	49487
179_PR_2	2	79	100	29907
251_PR_3	3	61	60	4523
180_LC_2	2	80	60	56326
326_SA_4	-5	56	1	2924
78_SA_1	-2	78	60	1614
79_SA_1	-2	79	100	482
181_LC_2	2	81	120	1022
252_SA_3	3	62	55	1225
387_SA_5	5	47	90	62244
80_SA_1	1	80	90	48813
81_SA_1	1	81	60	22195
388_SA_5	5	48	60	2048
389_SA_5	5	49	90	26015
253_SA_3	3	63	60	37081
82_VI_1	1	82	30	12574
390_LC_5	5	50	180	3990
255_PR_3	3	64	150	39658
254_PR_3	3	65	60	27082
256_PR_3	-4	66	90	1604
257_SA_3	-4	67	5	1314
258_SA_3	3	68	120	3730
83_SA_1	-2	83	240	2548
327_SA_4	4	57	120	12843
84_LC_1	1	84	15	23633
85_PR_1	-2	85	70	238
86_PR_1	1	86	90	47381
259_SA_3	-4	69	110	438
260_SA_3	-4	70	120	268
261_SA_3	3	71	90	5342
87_SA_1	1	87	60	2054
262_SA_3	3	72	120	1468
88_LC_1	1	88	120	53124
328_LC_4	4	58	120	46300
329_LC_4	4	59	90	65734
182_LC_2	2	82	60	33368
183_NU_2	-3	83	20	1018
263_SA_3	3	73	60	62662
184_SA_2	2	84	15	67275
185_SA_2	2	85	35	53069
331_SA_4	4	60	160	32264
330_SA_4	4	61	120	46718
264_SA_3	3	74	65	43059
186_PR_2	-3	86	120	458
187_SA_2	2	87	210	77155
89_PR_1	1	89	70	43372
90_SA_1	-2	90	90	120
391_LC_5	5	51	75	55101
393_PR_5	5	52	150	58045
91_PR_1	1	91	120	47175
392_PR_5	5	53	35	49535
188_VI_2	-3	88	100	100
332_PR_4	4	62	120	1724
265_PR_3	3	75	100	55797
92_SA_1	1	92	60	56017
333_VI_4	4	63	90	47038
394_PR_5	5	54	75	77398
93_SA_1	1	93	90	2442
94_NU_1	1	94	160	61025
95_SA_1	1	95	140	450
334_SA_4	-5	64	30	2028
96_VI_1	1	96	50	49417
98_PR_1	1	97	10	41656
97_PR_1	1	98	20	58162
335_SA_4	4	65	30	12539
266_SA_3	3	76	80	3539
99_SA_1	-2	99	75	102
267_NU_3	3	77	50	9947
336_VI_4	-5	66	240	444
337_PR_4	4	67	1	2894
395_SA_5	-6	55	90	250
338_SA_4	-5	68	60	238
396_SA_5	5	56	60	22568
397_SA_5	5	57	10	57131
268_SA_3	-4	78	90	1768
398_NU_5	5	58	150	6855
340_SA_4	4	69	60	9844
339_SA_4	4	70	140	8381
189_PR_2	2	89	80	8524
399_SA_5	5	59	60	53469
190_SA_2	2	90	30	50308
100_PR_1	1	100	60	5204
269_SA_3	3	79	40	197799
400_PR_5	5	60	45	43648
270_PR_3	3	80	75	14413
