Iter 101
MasterProb = 196025

s [*] :=
1  89
2  74
3  77
4  67
5  31
;

SubProb = -384.855
d = 0

distanceCost*(sum{l in 1 .. Lcap - 1} t[l]) = 3795

Iter 102
MasterProb = 195975

s [*] :=
1  72
2  80
3  18
4  63
5   4
;

SubProb = -403.888
d = 52

distanceCost*(sum{l in 1 .. Lcap - 1} t[l]) = 4510

Iter 103
MasterProb = 195927

s [*] :=
1  89
2  93
3   3
4  75
5  51
;

SubProb = -1249.61
d = 0

distanceCost*(sum{l in 1 .. Lcap - 1} t[l]) = 3795

Iter 104
MasterProb = 195888

s [*] :=
1  80
2   8
3  64
4  95
5  17
;

SubProb = -643.57
d = 91

distanceCost*(sum{l in 1 .. Lcap - 1} t[l]) = 3905

Iter 105
MasterProb = 195862

s [*] :=
1  81
2   2
3  48
4  47
5   4
;

SubProb = -1861.45
d = 17

distanceCost*(sum{l in 1 .. Lcap - 1} t[l]) = 4235

Iter 106
MasterProb = 195751

s [*] :=
1  72
2  80
3  18
4  63
5  34
;

SubProb = 299.743
d = 12

distanceCost*(sum{l in 1 .. Lcap - 1} t[l]) = 4510

Problema Entero
MasterProb = 333139

fo1 = 93295
fo2 = 239844

x[j] [*] :=
112  1
117  1
138  1
148  1
150  1
157  1
169  1
199  1
215  1
263  1
329  1
365  1
432  1
451  1
497  1
534  1
541  1
542  1
559  1
581  1
;

aa[i,j] [*,*]
:   112 117 138 148 150 157 169 199 215 263 329 365 432 451 497 534 541 542 559 :=
1     0   0   0   0   0   0   0   0   0   0   0   0   1   0   0   0   0   0   0
2     0   0   0   0   0   0   0   0   0   0   0   0   0   0   0   0   0   0   0
3     0   0   0   0   0   0   0   0   1   0   0   0   0   0   0   0   0   0   0
4     0   0   0   0   0   0   0   0   0   0   0   0   0   0   0   0   0   0   0
5     0   0   0   0   0   0   0   1   0   0   0   0   0   0   0   0   0   0   0
6     0   0   0   1   0   0   0   0   0   0   0   0   0   0   0   0   0   0   0
7     0   0   0   0   0   0   0   0   0   0   0   0   0   0   1   0   0   0   0
8     0   0   0   0   0   0   0   0   0   0   0   0   0   0   0   0   0   0   0
9     0   0   0   0   0   0   0   0   0   0   0   0   0   0   0   0   0   0   0
10    0   0   0   0   0   0   0   1   0   0   0   0   0   0   0   0   0   0   0
11    0   0   0   0   0   0   1   0   0   0   0   0   0   0   0   0   0   0   0
12    0   0   0   1   0   0   0   0   0   0   0   0   0   0   0   0   0   0   0
13    0   1   0   0   0   0   0   0   0   0   0   0   0   0   0   0   0   0   0
14    0   0   0   0   0   0   0   0   0   0   0   0   0   1   0   0   0   0   0
15    0   0   0   0   0   0   0   0   0   0   0   0   1   0   0   0   0   0   0
16    1   0   0   0   0   0   0   0   0   0   0   0   0   0   0   0   0   0   0
17    0   0   0   0   0   0   0   0   0   0   0   0   0   0   0   1   0   0   0
18    0   0   0   0   0   0   0   0   0   0   0   0   0   0   0   0   0   0   0
19    0   0   0   0   0   0   0   0   0   1   0   0   0   0   0   0   0   0   0
20    0   0   0   0   0   0   0   0   0   0   0   1   0   0   0   0   0   0   0
21    0   0   0   0   0   0   0   0   1   0   0   0   0   0   0   0   0   0   0
22    1   0   0   0   0   0   0   0   0   0   0   0   0   0   0   0   0   0   0
23    0   0   0   0   0   0   0   0   1   0   0   0   0   0   0   0   0   0   0
24    0   0   0   0   0   0   0   0   0   0   0   1   0   0   0   0   0   0   0
25    0   0   0   0   0   0   0   0   0   0   0   0   0   0   0   0   1   0   0
26    0   0   0   0   0   0   0   0   0   0   0   0   0   0   0   0   0   0   0
27    0   0   0   0   0   0   0   0   0   0   0   0   0   0   0   0   0   0   1
28    0   0   0   0   0   0   0   0   0   0   0   0   1   0   0   0   0   0   0
29    0   0   0   0   1   0   0   0   0   0   0   0   0   0   0   0   0   0   0
30    0   0   0   0   0   0   0   0   0   0   0   0   0   0   0   0   0   0   1
31    0   0   0   0   1   0   0   0   0   0   0   0   0   0   0   0   0   0   0
32    0   0   0   0   0   0   0   0   0   0   0   0   0   0   0   0   0   0   0
33    0   0   0   1   0   0   0   0   0   0   0   0   0   0   0   0   0   0   0
34    0   0   0   0   0   0   1   0   0   0   0   0   0   0   0   0   0   0   0
35    0   1   0   0   0   0   0   0   0   0   0   0   0   0   0   0   0   0   0
36    0   0   0   0   0   0   0   0   0   0   0   0   0   0   0   0   0   0   0
37    0   0   0   0   0   0   0   0   0   0   0   0   0   0   0   1   0   0   0
38    0   0   0   0   0   0   0   0   0   0   0   0   0   0   0   0   1   0   0
39    0   0   0   0   0   0   0   0   0   0   1   0   0   0   0   0   0   0   0
40    0   0   1   0   0   0   0   0   0   0   0   0   0   0   0   0   0   0   0
41    0   0   0   0   0   1   0   0   0   0   0   0   0   0   0   0   0   0   0
42    1   0   0   0   0   0   0   0   0   0   0   0   0   0   0   0   0   0   0
43    0   0   0   0   0   0   0   0   0   0   0   0   0   0   0   0   0   1   0
44    0   0   0   0   0   0   1   0   0   0   0   0   0   0   0   0   0   0   0
45    0   0   0   0   0   0   1   0   0   0   0   0   0   0   0   0   0   0   0
46    0   0   0   0   0   0   0   0   0   0   0   1   0   0   0   0   0   0   0
47    0   0   0   1   0   0   0   0   0   0   0   0   0   0   0   0   0   0   0
48    0   0   0   0   0   0   0   0   1   0   0   0   0   0   0   0   0   0   0
49    0   0   0   0   0   0   0   0   0   0   0   0   0   0   1   0   0   0   0
50    0   0   0   0   0   0   0   0   0   0   0   0   0   0   0   0   0   0   1
51    0   0   0   0   0   0   0   0   0   0   0   0   0   0   0   0   1   0   0
52    0   0   0   0   1   0   0   0   0   0   0   0   0   0   0   0   0   0   0
53    0   1   0   0   0   0   0   0   0   0   0   0   0   0   0   0   0   0   0
54    0   0   0   0   0   0   0   0   0   0   0   1   0   0   0   0   0   0   0
55    0   0   0   0   0   0   0   0   0   0   0   0   0   0   0   1   0   0   0
56    0   0   0   0   0   0   0   0   0   0   1   0   0   0   0   0   0   0   0
57    0   0   0   0   0   0   0   0   0   0   0   0   0   0   0   0   0   1   0
58    0   0   0   0   0   0   0   0   0   0   0   0   0   0   0   0   1   0   0
59    1   0   0   0   0   0   0   0   0   0   0   0   0   0   0   0   0   0   0
60    0   0   0   0   0   0   0   0   0   0   0   1   0   0   0   0   0   0   0
61    0   0   0   0   0   0   0   0   0   0   0   0   1   0   0   0   0   0   0
62    0   0   0   0   0   0   0   0   0   0   0   0   0   0   0   0   0   1   0
63    0   0   0   0   0   0   0   0   0   0   0   0   0   0   0   0   0   0   0
64    0   0   0   0   0   0   0   0   0   0   0   0   0   0   0   0   0   1   0
65    0   0   0   1   0   0   0   0   0   0   0   0   0   0   0   0   0   0   0
66    0   1   0   0   0   0   0   0   0   0   0   0   0   0   0   0   0   0   0
67    0   0   0   0   0   0   0   0   0   0   0   0   0   1   0   0   0   0   0
68    1   0   0   0   0   0   0   0   0   0   0   0   0   0   0   0   0   0   0
69    0   0   0   0   0   0   0   0   0   0   0   0   0   0   0   1   0   0   0
70    0   0   0   0   0   0   0   0   0   0   0   0   0   0   0   0   0   0   0
71    0   0   0   0   0   0   1   0   0   0   0   0   0   0   0   0   0   0   0
72    0   0   0   0   0   0   0   0   0   0   0   0   0   0   0   0   0   0   0
73    0   0   0   0   0   0   0   1   0   0   0   0   0   0   0   0   0   0   0
74    0   0   1   0   0   0   0   0   0   0   0   0   0   0   0   0   0   0   0
75    0   0   0   0   0   0   0   0   0   0   0   0   0   1   0   0   0   0   0
76    0   0   0   0   0   1   0   0   0   0   0   0   0   0   0   0   0   0   0
77    0   0   0   0   0   0   0   0   1   0   0   0   0   0   0   0   0   0   0
78    0   0   0   0   0   0   0   0   0   0   1   0   0   0   0   0   0   0   0
79    0   0   1   0   0   0   0   0   0   0   0   0   0   0   0   0   0   0   0
80    0   0   0   0   0   0   0   0   0   0   0   0   0   0   0   0   0   0   0
81    0   0   0   0   0   0   0   0   0   0   0   0   0   1   0   0   0   0   0
82    0   0   0   0   0   0   0   0   0   0   1   0   0   0   0   0   0   0   0
83    0   0   0   0   0   0   0   0   0   1   0   0   0   0   0   0   0   0   0
84    0   0   0   0   0   1   0   0   0   0   0   0   0   0   0   0   0   0   0
85    0   0   0   0   0   0   0   1   0   0   0   0   0   0   0   0   0   0   0
86    0   0   0   0   1   0   0   0   0   0   0   0   0   0   0   0   0   0   0
87    0   0   0   0   0   0   0   0   0   0   0   0   1   0   0   0   0   0   0
88    0   0   0   0   0   0   0   0   0   0   0   0   0   0   0   0   0   0   1
89    0   0   0   0   0   0   0   0   0   0   1   0   0   0   0   0   0   0   0
90    0   0   0   0   0   0   0   0   0   0   0   0   0   0   0   0   1   0   0
91    0   0   0   0   0   0   0   0   0   0   0   0   0   1   0   0   0   0   0
92    0   0   0   0   0   0   0   0   0   0   0   0   0   0   0   0   0   0   0
93    0   0   0   0   0   1   0   0   0   0   0   0   0   0   0   0   0   0   0
94    0   0   0   0   1   0   0   0   0   0   0   0   0   0   0   0   0   0   0
95    0   0   1   0   0   0   0   0   0   0   0   0   0   0   0   0   0   0   0
96    0   0   1   0   0   0   0   0   0   0   0   0   0   0   0   0   0   0   0
97    0   0   0   0   0   0   0   1   0   0   0   0   0   0   0   0   0   0   0
98    0   1   0   0   0   0   0   0   0   0   0   0   0   0   0   0   0   0   0
99    0   0   0   0   0   1   0   0   0   0   0   0   0   0   0   0   0   0   0
100   0   0   0   0   0   0   0   0   0   0   0   0   0   0   0   1   0   0   0

:   581    :=
1     0
2     0
3     0
4     1
5     0
6     0
7     0
8     0
9     0
10    0
11    0
12    0
13    0
14    0
15    0
16    0
17    0
18    1
19    0
20    0
21    0
22    0
23    0
24    0
25    0
26    0
27    0
28    0
29    0
30    0
31    0
32    0
33    0
34    0
35    0
36    0
37    0
38    0
39    0
40    0
41    0
42    0
43    0
44    0
45    0
46    0
47    0
48    0
49    0
50    0
51    0
52    0
53    0
54    0
55    0
56    0
57    0
58    0
59    0
60    0
61    0
62    0
63    1
64    0
65    0
66    0
67    0
68    0
69    0
70    0
71    0
72    1
73    0
74    0
75    0
76    0
77    0
78    0
79    0
80    1
81    0
82    0
83    0
84    0
85    0
86    0
87    0
88    0
89    0
90    0
91    0
92    0
93    0
94    0
95    0
96    0
97    0
98    0
99    0
100   0
;

vi[i] [*] :=
 2  1
 8  1
 9  1
26  1
32  1
36  1
70  1
92  1
;

:   x[i]   c[i] travel[i] delay[i]    :=
112   1    5065    4345       720
117   1    3410    3410         0
138   1    4525    4125       400
148   1    6795    4235      2560
150   1    5990    4070      1920
157   1    5750    4950       800
169   1    5460    4180      1280
199   1    6265    4345      1920
215   1    5985    3905      2080
263   1     880     880         0
329   1    3740    3740         0
365   1    3575    3575         0
432   1    5990    4070      1920
451   1    6390    4070      2320
497   1     880     880         0
534   1    4090    2970      1120
541   1    3850    3850         0
542   1    3840    2640      1200
559   1    2145    2145         0
581   1    8670    4510      4160
;

