Iter 72
MasterProb = 39264.5

s [*] :=
1  71
2  51
3  48
4  72
5  73
;

SubProb = -58618.8
d = 0

distanceCost*(sum{l in 1 .. Lcap - 1} t[l]) = 1760

Iter 73
MasterProb = 37760.6

s [*] :=
1  14
2  71
3  72
4  73
5  74
;

SubProb = -900.7
d = 0

distanceCost*(sum{l in 1 .. Lcap - 1} t[l]) = 880

Iter 74
MasterProb = 37612.1

s [*] :=
1   8
2   7
3  72
4  73
5  74
;

SubProb = -475.099
d = 0

distanceCost*(sum{l in 1 .. Lcap - 1} t[l]) = 880

Iter 75
MasterProb = 37242.8

s [*] :=
1  35
2  21
3  72
4  73
5  74
;

SubProb = -400.775
d = 0

distanceCost*(sum{l in 1 .. Lcap - 1} t[l]) = 880

Iter 76
MasterProb = 37228.1

s [*] :=
1  66
2  34
3  72
4  73
5  74
;

SubProb = -1134.15
d = 0

distanceCost*(sum{l in 1 .. Lcap - 1} t[l]) = 495

Iter 77
MasterProb = 36523.4

s [*] :=
1  20
2   4
3  71
4  15
5  24
;

SubProb = -541.954
d = 0

distanceCost*(sum{l in 1 .. Lcap - 1} t[l]) = 3520

Iter 78
MasterProb = 36483

s [*] :=
1  20
2   8
3  72
4  73
5  74
;

SubProb = -420.847
d = 0

distanceCost*(sum{l in 1 .. Lcap - 1} t[l]) = 880

Iter 79
MasterProb = 36437.3

s [*] :=
1  26
2  56
3  65
4  53
5  31
;

SubProb = -681.547
d = 0

distanceCost*(sum{l in 1 .. Lcap - 1} t[l]) = 3520

Iter 80
MasterProb = 36369.6

s [*] :=
1  26
2   4
3  32
4  57
5  43
;

SubProb = -355.378
d = 0

distanceCost*(sum{l in 1 .. Lcap - 1} t[l]) = 3795

Iter 81
MasterProb = 36347.4

s [*] :=
1  48
2  31
3  72
4  73
5  74
;

SubProb = -508.186
d = 0

distanceCost*(sum{l in 1 .. Lcap - 1} t[l]) = 880

Iter 82
MasterProb = 36238.5

s [*] :=
1  14
2  32
3  72
4  73
5  74
;

SubProb = -90.7312
d = 0

distanceCost*(sum{l in 1 .. Lcap - 1} t[l]) = 880

Iter 83
MasterProb = 36226

s [*] :=
1  70
2  35
3  72
4  73
5  74
;

SubProb = -266.895
d = 0

distanceCost*(sum{l in 1 .. Lcap - 1} t[l]) = 880

Iter 84
MasterProb = 36205.7

s [*] :=
1   8
2  68
3  72
4  73
5  74
;

SubProb = -348.443
d = 0

distanceCost*(sum{l in 1 .. Lcap - 1} t[l]) = 880

Iter 85
MasterProb = 36169.7

s [*] :=
1  31
2  35
3  72
4  73
5  74
;

SubProb = -287.616
d = 0

distanceCost*(sum{l in 1 .. Lcap - 1} t[l]) = 880

Iter 86
MasterProb = 36135.4

s [*] :=
1  70
2  60
3  72
4  73
5  74
;

SubProb = -91.6721
d = 0

distanceCost*(sum{l in 1 .. Lcap - 1} t[l]) = 880

Iter 87
MasterProb = 36132.2

s [*] :=
1   5
2  50
3  72
4  73
5  74
;

SubProb = 64.5522
d = 0

distanceCost*(sum{l in 1 .. Lcap - 1} t[l]) = 880

Problema Entero
MasterProb = 44785

fo1 = 44785
fo2 = 0

x[j] [*] :=
130  1
148  1
169  1
181  1
209  1
249  1
259  1
294  1
315  1
324  1
381  1
392  1
398  1
405  1
409  1
414  1
431  1
454  1
488  1
491  1
;

aa[i,j] [*,*]
:  130 148 169 181 209 249 259 294 315 324 381 392 398 405 409 414 431 454 488 :=
1    0   0   0   0   0   1   0   0   0   0   0   0   0   0   0   0   0   0   0
2    0   0   0   1   0   0   0   0   0   0   0   0   0   0   0   0   0   0   0
3    0   0   0   1   0   0   0   0   0   0   0   0   0   0   0   0   0   0   0
4    0   0   0   0   0   1   0   0   0   0   0   0   0   0   0   0   0   0   0
5    0   0   0   0   0   0   0   0   1   0   0   0   0   0   0   0   0   0   0
6    0   0   0   0   0   0   0   0   0   1   0   0   0   0   0   0   0   0   0
7    0   0   0   0   0   0   0   0   0   0   0   0   0   1   0   0   0   0   0
8    0   0   0   0   0   0   0   0   0   0   0   0   0   0   0   0   1   0   0
9    1   0   0   0   0   0   0   0   0   0   0   0   0   0   0   0   0   0   0
10   0   0   0   0   1   0   0   0   0   0   0   0   0   0   0   0   0   0   0
11   0   0   0   0   0   0   0   1   0   0   0   0   0   0   0   0   0   0   0
12   0   0   0   1   0   0   0   0   0   0   0   0   0   0   0   0   0   0   0
13   0   0   0   0   0   0   0   0   0   0   1   0   0   0   0   0   0   0   0
14   0   0   0   0   0   0   0   0   0   0   0   0   0   0   0   0   0   0   1
15   0   0   0   0   1   0   0   0   0   0   0   0   0   0   0   0   0   0   0
16   0   0   0   0   0   0   1   0   0   0   0   0   0   0   0   0   0   0   0
17   0   0   0   0   0   0   0   0   0   0   0   0   0   0   0   1   0   0   0
18   0   0   0   0   0   0   0   0   0   0   0   1   0   0   0   0   0   0   0
19   0   0   0   0   0   0   1   0   0   0   0   0   0   0   0   0   0   0   0
20   0   0   0   0   0   0   0   0   0   0   0   1   0   0   0   0   0   0   0
21   0   0   0   0   0   0   0   0   1   0   0   0   0   0   0   0   0   0   0
22   0   0   1   0   0   0   0   0   0   0   0   0   0   0   0   0   0   0   0
23   0   0   0   0   0   0   0   1   0   0   0   0   0   0   0   0   0   0   0
24   0   0   0   0   0   0   0   0   0   0   0   0   0   0   0   0   0   1   0
25   0   0   0   0   0   0   0   0   0   0   0   0   1   0   0   0   0   0   0
26   0   0   1   0   0   0   0   0   0   0   0   0   0   0   0   0   0   0   0
27   0   0   0   0   0   0   0   0   0   1   0   0   0   0   0   0   0   0   0
28   1   0   0   0   0   0   0   0   0   0   0   0   0   0   0   0   0   0   0
29   0   0   0   0   0   0   0   0   0   0   0   0   1   0   0   0   0   0   0
30   0   0   0   0   0   0   1   0   0   0   0   0   0   0   0   0   0   0   0
31   0   1   0   0   0   0   0   0   0   0   0   0   0   0   0   0   0   0   0
32   0   0   0   0   0   0   0   0   0   0   0   0   0   0   0   0   0   1   0
33   0   0   1   0   0   0   0   0   0   0   0   0   0   0   0   0   0   0   0
34   0   0   0   0   0   0   0   0   0   0   0   0   0   0   0   0   0   0   0
35   0   0   0   0   0   0   0   0   0   0   0   0   0   0   0   1   0   0   0
36   0   0   0   0   0   0   0   1   0   0   0   0   0   0   0   0   0   0   0
37   0   0   0   0   0   0   0   0   0   0   0   0   0   0   0   0   0   1   0
38   1   0   0   0   0   0   0   0   0   0   0   0   0   0   0   0   0   0   0
39   0   0   0   0   0   0   0   0   1   0   0   0   0   0   0   0   0   0   0
40   1   0   0   0   0   0   0   0   0   0   0   0   0   0   0   0   0   0   0
41   0   0   0   0   0   0   0   0   1   0   0   0   0   0   0   0   0   0   0
42   0   0   0   0   1   0   0   0   0   0   0   0   0   0   0   0   0   0   0
43   0   0   0   0   0   0   0   0   1   0   0   0   0   0   0   0   0   0   0
44   0   0   0   0   0   0   0   0   0   0   0   1   0   0   0   0   0   0   0
45   0   0   0   0   0   0   0   0   0   1   0   0   0   0   0   0   0   0   0
46   0   0   1   0   0   0   0   0   0   0   0   0   0   0   0   0   0   0   0
47   0   0   0   1   0   0   0   0   0   0   0   0   0   0   0   0   0   0   0
48   0   0   0   0   0   0   0   0   0   0   0   0   0   0   1   0   0   0   0
49   0   0   0   0   1   0   0   0   0   0   0   0   0   0   0   0   0   0   0
50   0   0   0   0   0   0   0   0   0   0   1   0   0   0   0   0   0   0   0
51   0   1   0   0   0   0   0   0   0   0   0   0   0   0   0   0   0   0   0
52   0   0   0   0   0   0   0   0   0   0   0   1   0   0   0   0   0   0   0
53   0   0   0   0   0   0   0   0   0   0   0   0   0   0   0   0   0   1   0
54   0   0   0   0   0   0   0   0   0   0   0   1   0   0   0   0   0   0   0
55   0   0   0   0   0   1   0   0   0   0   0   0   0   0   0   0   0   0   0
56   0   0   0   0   0   0   0   0   0   1   0   0   0   0   0   0   0   0   0
57   0   1   0   0   0   0   0   0   0   0   0   0   0   0   0   0   0   0   0
58   0   0   0   0   0   0   1   0   0   0   0   0   0   0   0   0   0   0   0
59   0   0   0   0   0   1   0   0   0   0   0   0   0   0   0   0   0   0   0
60   0   0   0   0   0   0   0   0   0   0   0   0   0   1   0   0   0   0   0
61   0   0   1   0   0   0   0   0   0   0   0   0   0   0   0   0   0   0   0
62   0   0   0   0   0   0   0   0   0   0   0   0   0   0   0   0   1   0   0
63   0   0   0   0   0   0   0   1   0   0   0   0   0   0   0   0   0   0   0
64   0   0   0   1   0   0   0   0   0   0   0   0   0   0   0   0   0   0   0
65   0   1   0   0   0   0   0   0   0   0   0   0   0   0   0   0   0   0   0
66   0   0   0   0   0   0   0   0   0   0   0   0   0   0   0   0   0   0   0
67   0   0   0   0   0   1   0   0   0   0   0   0   0   0   0   0   0   0   0
68   0   0   0   0   0   0   0   0   0   1   0   0   0   0   0   0   0   0   0
69   0   1   0   0   0   0   0   0   0   0   0   0   0   0   0   0   0   0   0
70   0   0   0   0   0   0   0   0   0   0   0   0   0   0   1   0   0   0   0
71   0   0   0   0   0   0   0   0   0   0   0   0   0   0   0   0   0   0   1

:  491    :=
1    0
2    0
3    0
4    0
5    0
6    0
7    0
8    0
9    0
10   0
11   0
12   0
13   0
14   0
15   0
16   0
17   0
18   0
19   0
20   0
21   0
22   0
23   0
24   0
25   0
26   0
27   0
28   0
29   0
30   0
31   0
32   0
33   0
34   1
35   0
36   0
37   0
38   0
39   0
40   0
41   0
42   0
43   0
44   0
45   0
46   0
47   0
48   0
49   0
50   0
51   0
52   0
53   0
54   0
55   0
56   0
57   0
58   0
59   0
60   0
61   0
62   0
63   0
64   0
65   0
66   1
67   0
68   0
69   0
70   0
71   0
;

vi[i] [*] :=
;

:   x[i]   c[i] travel[i] delay[i]    :=
130   1    1870    1870        0
148   1    3520    3520        0
169   1    5170    5170        0
181   1    3410    3410        0
209   1    1815    1815        0
249   1    4345    4345        0
259   1    1760    1760        0
294   1    1760    1760        0
315   1    4525    4125      400
324   1    3520    3520        0
381   1     880     880        0
392   1    3795    3795        0
398   1     605     605        0
405   1     880     880        0
409   1     880     880        0
414   1     880     880        0
431   1    1155    1155        0
454   1    2640    2640        0
488   1     880     880        0
491   1     495     495        0
;

