#Nombre	DiaAten	ModelId		T.Servicio	Penalty
191_PR_3	3	1	60	18972
101_PR_2	2	1	60	18972
1_PR_1	1	1	90	19975
341_SA_5	5	1	70	21262
102_SA_2	2	2	120	22598
2_SA_1	-2	2	90	45886
103_SA_2	2	3	120	22950
104_LC_2	2	4	120	22971
271_PR_4	4	1	60	23163
105_LC_2	-3	5	200	46458
342_PR_5	5	2	60	23578
192_PR_3	3	2	130	24098
193_LC_3	3	3	70	24971
272_LC_4	4	2	130	24991
273_LC_4	4	3	90	25048
343_LC_5	5	3	45	25050
274_SA_4	4	4	60	25176
3_SA_1	1	3	75	25303
106_NU_2	2	6	75	25438
107_PR_2	2	7	30	25598
344_LC_5	5	4	120	25598
108_LC_2	2	8	10	25598
345_SA_5	5	5	150	25838
194_PR_3	3	4	20	26052
4_LC_1	1	4	120	26187
195_SA_3	3	5	150	26327
5_SA_1	1	5	90	26338
197_SA_3	3	6	120	26338
346_LC_5	5	6	70	26338
199_SA_3	3	7	80	26338
196_PR_3	3	8	45	26338
198_SA_3	3	9	60	26338
6_SA_1	1	6	30	26378
200_SA_3	3	10	60	26378
201_LC_3	3	11	270	26378
347_SA_5	5	7	20	26465
7_SA_1	1	7	290	26500
202_SA_3	3	12	180	26500
8_SA_1	-2	8	60	53000
110_SA_2	2	9	120	26500
111_SA_2	2	10	120	26500
112_SA_2	2	11	60	26500
109_SA_2	2	12	110	26500
114_SA_2	2	13	60	26500
113_SA_2	2	14	60	26500
203_SA_3	3	13	45	26500
115_PR_2	2	15	90	26754
348_SA_5	5	8	60	26901
349_SA_5	5	9	15	26901
9_SA_1	-2	9	360	53828
10_SA_1	1	10	60	26914
13_SA_1	1	11	60	26914
14_SA_1	1	12	90	26914
350_SA_5	5	10	180	26914
12_SA_1	1	13	75	26914
204_SA_3	3	14	80	26914
205_SA_3	3	15	60	26914
352_PR_5	5	11	70	26914
11_SA_1	1	14	120	26914
275_SA_4	4	5	90	26914
276_SA_4	4	6	60	26914
277_SA_4	4	7	120	26914
120_SA_2	2	16	55	26914
279_SA_4	4	8	300	26914
280_NU_4	4	9	60	26914
119_SA_2	-3	17	60	53828
124_SA_2	2	18	30	26914
121_LC_2	2	19	45	26914
122_SA_2	2	20	50	26914
351_SA_5	5	12	60	26914
118_SA_2	2	21	120	26914
278_PR_4	4	10	150	26914
116_SA_2	2	22	60	26914
117_SA_2	2	23	140	26914
123_SA_2	2	24	50	26914
15_SA_1	1	15	240	26919
125_SA_2	2	25	60	26944
281_PR_4	4	11	70	26944
282_LC_4	4	12	90	27058
127_PR_2	2	26	80	27075
206_PR_3	3	16	35	27075
126_PR_2	2	27	180	27075
353_SA_5	5	13	5	27186
354_PR_5	5	14	30	27187
16_SA_1	1	16	110	27215
207_SA_3	3	17	50	27215
128_SA_2	2	28	120	27216
17_NU_1	1	17	180	27239
129_NU_2	2	29	120	27239
283_SA_4	4	13	180	27352
355_LC_5	5	15	150	27359
130_SA_2	-3	30	90	54718
356_SA_5	5	16	150	27429
131_PR_2	2	31	215	27575
18_SA_1	1	18	90	27585
208_SA_3	3	18	90	27585
209_SA_3	3	19	45	27585
132_SA_2	2	32	20	27585
19_SA_1	1	19	180	27690
210_SA_3	3	20	180	27690
284_SA_4	4	14	240	27690
134_SA_2	2	33	60	27785
133_SA_2	2	34	90	27785
357_SA_5	5	17	60	27785
285_SA_4	4	15	60	27835
135_SA_2	2	35	60	27859
20_SA_1	1	20	60	27859
136_LC_2	2	36	30	27898
286_PR_4	4	16	60	28038
360_LC_5	5	18	10	28038
358_PR_5	5	19	70	28038
137_PR_2	2	37	150	28038
359_LC_5	5	20	10	28038
361_SA_5	5	21	10	28038
21_NU_1	1	21	90	28202
211_NU_3	3	21	40	28202
362_PR_5	5	22	240	28328
22_PR_1	1	22	60	28461
213_LC_3	3	22	90	28461
139_PR_2	2	38	60	28461
140_SA_2	2	39	50	28461
288_SA_4	4	17	60	28461
287_PR_4	4	18	90	28461
212_SA_3	3	23	40	28461
138_VI_2	2	40	90	28461
363_VI_5	5	23	10	28653
214_VI_3	3	24	25	28653
215_PR_3	3	25	45	28734
23_SA_1	1	23	90	28800
24_PR_1	1	24	100	28857
289_LC_4	4	19	110	28997
25_PR_1	1	25	90	29019
141_NU_2	2	41	150	29328
26_NU_1	-2	26	420	58656
27_LC_1	1	27	180	29379
216_SA_3	-4	26	80	58938
28_SA_1	1	28	30	29482
29_SA_1	1	29	60	29584
364_PR_5	5	24	1	29637
217_SA_3	3	27	150	29692
365_SA_5	5	25	120	29692
290_SA_4	4	20	60	29692
291_SA_4	4	21	150	29792
292_PR_4	4	22	50	29939
293_PR_4	4	23	165	29939
294_SA_4	4	24	90	29942
142_LC_2	2	42	50	29975
218_SA_3	3	28	120	29984
219_SA_3	3	29	90	29984
143_SA_2	2	43	180	29984
144_SA_2	2	44	90	30001
145_LC_2	2	45	60	30011
146_SA_2	2	46	165	30011
147_LC_2	2	47	30	30011
220_PR_3	3	30	60	30011
30_PR_1	1	30	60	30054
295_LC_4	4	25	60	30060
366_SA_5	5	26	20	30089
32_SA_1	1	31	90	30179
31_SA_1	-2	32	90	60358
367_PR_5	5	27	15	30357
33_LC_1	1	33	150	30371
221_PR_3	3	31	35	30384
296_SA_4	4	26	90	30388
222_PR_3	3	32	60	30439
223_PR_3	3	33	40	30569
224_PR_3	3	34	50	30609
34_LC_1	1	34	80	30645
148_SA_2	2	48	90	30672
368_PR_5	5	28	5	30788
369_SA_5	5	29	120	30893
370_SA_5	5	30	140	30893
225_SA_3	3	35	80	30896
35_SA_1	1	35	105	30896
297_SA_4	4	27	100	30944
36_LC_1	-2	36	60	61936
298_PR_4	4	28	120	31079
150_SA_2	2	49	120	31275
149_SA_2	2	50	235	31275
151_SA_2	2	51	120	31334
38_PR_1	1	37	80	31366
371_PR_5	5	31	30	31366
37_PR_1	1	38	60	31366
39_LC_1	1	39	90	31370
226_PR_3	3	36	65	31407
372_LC_5	5	32	60	31445
227_LC_3	3	37	120	31446
40_SA_1	1	40	60	31565
228_SA_3	3	38	100	31584
152_LC_2	2	52	1	31614
41_LC_1	1	41	120	31617
42_PR_1	1	42	60	31617
299_LC_4	4	29	60	31645
43_SA_1	1	43	207	31692
300_SA_4	4	30	105	31699
301_SA_4	4	31	75	31720
44_PR_1	1	44	25	31750
153_PR_2	2	53	230	31763
302_SA_4	4	32	90	31784
373_SA_5	5	33	60	31914
154_PR_2	2	54	170	31969
374_PR_5	5	34	105	31969
155_SA_2	-3	55	240	64028
375_PR_5	5	35	170	32061
229_SA_3	3	39	60	32136
156_PR_2	-3	56	80	64312
45_VI_1	1	45	75	32172
46_SA_1	1	46	90	32236
47_SA_1	1	47	90	32236
230_PR_3	3	40	30	32262
303_LC_4	4	33	60	32318
376_PR_5	5	36	75	32330
304_VI_4	4	34	120	32411
231_SA_3	3	41	80	32411
49_SA_1	1	48	60	32411
306_SA_4	4	35	270	32411
305_PR_4	4	36	25	32411
377_PR_5	5	37	30	32411
157_SA_2	2	57	150	32411
48_SA_1	1	49	60	32411
232_PR_3	3	42	120	32411
307_SA_4	4	37	120	32417
233_SA_3	3	43	40	32439
378_PR_5	5	38	30	32451
234_LC_3	3	44	60	32524
235_LC_3	3	45	120	32585
379_LC_5	5	39	60	32615
50_LC_1	1	50	80	32635
158_PR_2	2	58	85	32709
236_VI_3	3	46	90	32762
308_PR_4	4	38	30	32905
237_PR_3	3	47	70	32905
159_SA_2	2	59	55	32911
51_SA_1	1	51	90	32911
160_PR_2	2	60	60	32951
309_PR_4	4	39	60	32990
310_PR_4	4	40	120	32990
161_LC_2	-3	61	180	66180
238_SA_3	3	48	60	33129
162_SA_2	2	62	1	33159
239_SA_3	3	49	180	33198
52_PR_1	1	52	30	33307
240_PR_3	3	50	60	33307
53_NU_1	1	53	90	33375
311_PR_4	4	41	60	33417
241_SA_3	3	51	20	33426
55_LC_1	1	54	60	33452
54_LC_1	1	55	60	33452
312_PR_4	4	42	50	33497
56_LC_1	1	56	150	33562
313_PR_4	4	43	50	33721
163_PR_2	2	63	120	33721
164_NU_2	2	64	90	33722
314_SA_4	4	44	20	33729
380_LC_5	5	40	234	33739
59_SA_1	1	57	60	33894
57_SA_1	1	58	60	33894
58_SA_1	1	59	60	33894
165_SA_2	2	65	120	33919
60_LC_1	1	60	90	33929
167_SA_2	2	66	60	33977
64_SA_1	1	61	10	33977
62_SA_1	1	62	150	33977
61_SA_1	1	63	30	33977
166_SA_2	2	67	40	33977
65_SA_1	1	64	30	33977
63_SA_1	1	65	75	33977
381_SA_5	5	41	60	33977
242_LC_3	3	52	40	33992
315_SA_4	4	45	180	34001
316_NU_4	4	46	60	34036
66_PR_1	1	66	75	34111
168_SA_2	2	68	60	34121
67_SA_1	1	67	60	34128
317_LC_4	4	47	45	34142
243_SA_3	3	53	120	34310
318_SA_4	4	48	240	34310
68_SA_1	1	68	120	34382
69_VI_1	1	69	60	34483
382_PR_5	5	42	30	34501
319_PR_4	4	49	90	34537
71_PR_1	-2	70	520	69124
70_SA_1	1	71	180	34562
170_SA_2	2	69	120	34562
244_SA_3	3	54	80	34562
169_LC_2	2	70	135	34562
171_PR_2	2	71	65	34588
172_NU_2	2	72	60	34593
321_SA_4	4	50	240	34605
383_SA_5	5	43	240	34605
73_PR_1	1	72	120	34605
72_SA_1	1	73	195	34605
320_SA_4	4	51	120	34605
322_SA_4	4	52	90	34605
245_SA_3	3	55	160	34719
384_SA_5	5	44	240	34719
323_SA_4	4	53	120	34719
246_LC_3	3	56	100	34896
247_SA_3	3	57	90	35028
74_SA_1	1	74	60	35067
75_SA_1	1	75	75	35097
174_SA_2	2	73	360	35097
173_SA_2	2	74	55	35097
175_SA_2	2	75	90	35097
385_SA_5	5	45	60	35097
248_SA_3	3	58	60	35124
176_SA_2	2	76	90	35187
177_PR_2	2	77	50	35208
249_SA_3	3	59	75	35245
76_SA_1	1	76	100	35263
250_SA_3	3	60	60	35357
77_SA_1	1	77	120	35357
178_NU_2	2	78	20	35398
324_SA_4	4	54	130	35413
325_PR_4	4	55	180	35453
386_SA_5	5	46	90	35467
179_PR_2	2	79	100	35541
251_PR_3	3	61	60	35551
180_LC_2	2	80	60	35694
326_SA_4	4	56	1	35699
78_SA_1	1	78	60	35699
79_SA_1	1	79	100	35699
181_LC_2	2	81	120	35699
252_SA_3	3	62	55	35699
387_SA_5	5	47	90	35736
80_SA_1	1	80	90	35757
81_SA_1	1	81	60	35811
388_SA_5	5	48	60	36222
389_SA_5	5	49	90	36240
253_SA_3	3	63	60	36240
82_VI_1	1	82	30	36269
390_LC_5	5	50	180	36344
255_PR_3	3	64	150	36347
254_PR_3	3	65	60	36347
256_PR_3	3	66	90	36436
257_SA_3	3	67	5	36504
258_SA_3	3	68	120	36546
83_SA_1	1	83	240	36546
327_SA_4	4	57	120	36677
84_LC_1	1	84	15	36789
85_PR_1	1	85	70	36791
86_PR_1	1	86	90	37016
259_SA_3	3	69	110	37025
260_SA_3	3	70	120	37154
261_SA_3	3	71	90	37191
87_SA_1	1	87	60	37211
262_SA_3	3	72	120	37211
88_LC_1	1	88	120	37243
328_LC_4	4	58	120	37266
329_LC_4	4	59	90	37266
182_LC_2	2	82	60	37300
183_NU_2	2	83	20	37316
263_SA_3	3	73	60	37399
184_SA_2	2	84	15	37399
185_SA_2	2	85	35	37442
331_SA_4	4	60	160	37442
330_SA_4	4	61	120	37442
264_SA_3	3	74	65	37451
186_PR_2	2	86	120	37593
187_SA_2	2	87	210	37621
89_PR_1	1	89	70	37831
90_SA_1	1	90	90	37850
391_LC_5	5	51	75	37992
393_PR_5	5	52	150	38305
91_PR_1	1	91	120	38305
392_PR_5	5	53	35	38305
188_VI_2	2	88	100	38377
332_PR_4	4	62	120	38391
265_PR_3	3	75	100	38416
92_SA_1	-2	92	60	76900
333_VI_4	4	63	90	38491
394_PR_5	5	54	75	38570
93_SA_1	1	93	90	38575
94_NU_1	1	94	160	38890
95_SA_1	1	95	140	38937
334_SA_4	4	64	30	39259
96_VI_1	1	96	50	39274
98_PR_1	1	97	10	39360
97_PR_1	1	98	20	39360
335_SA_4	4	65	30	39489
266_SA_3	3	76	80	39611
99_SA_1	1	99	75	39947
267_NU_3	3	77	50	40078
336_VI_4	4	66	240	40081
337_PR_4	4	67	1	40550
395_SA_5	5	55	90	40558
338_SA_4	4	68	60	40558
396_SA_5	5	56	60	40736
397_SA_5	5	57	10	40736
268_SA_3	3	78	90	41315
398_NU_5	5	58	150	41385
340_SA_4	4	69	60	41385
339_SA_4	4	70	140	41385
189_PR_2	2	89	80	41385
399_SA_5	5	59	60	41428
190_SA_2	2	90	30	41428
100_PR_1	1	100	60	42584
269_SA_3	3	79	40	43196
400_PR_5	5	60	45	44539
270_PR_3	3	80	75	45312
