Iter 88
MasterProb = 62553.9

s [*] :=
1  84
2  72
3  62
4  67
5  75
;

SubProb = -8660.34
d = 0

distanceCost*(sum{l in 1 .. Lcap - 1} t[l]) = 3575

Iter 89
MasterProb = 59950.3

s [*] :=
1  75
2  65
3  63
4  32
5  59
;

SubProb = -8733.97
d = 0

distanceCost*(sum{l in 1 .. Lcap - 1} t[l]) = 6050

Iter 90
MasterProb = 59375.5

s [*] :=
1  71
2  85
3  59
4  32
5  88
;

SubProb = -5919.8
d = 0

distanceCost*(sum{l in 1 .. Lcap - 1} t[l]) = 4070

Iter 91
MasterProb = 56983.7

s [*] :=
1   1
2   2
3   3
4  38
5   4
;

SubProb = -2458
d = 0

distanceCost*(sum{l in 1 .. Lcap - 1} t[l]) = 3630

Iter 92
MasterProb = 56626.3

s [*] :=
1  65
2  18
3  32
4  63
5  42
;

SubProb = -4561.84
d = 0

distanceCost*(sum{l in 1 .. Lcap - 1} t[l]) = 4675

Iter 93
MasterProb = 56267.7

s [*] :=
1  17
2  18
3  84
4  36
5  22
;

SubProb = -2591.58
d = 0

distanceCost*(sum{l in 1 .. Lcap - 1} t[l]) = 4125

Iter 94
MasterProb = 56074.3

s [*] :=
1  80
2  65
3  85
4  82
5  75
;

SubProb = -4140.81
d = 0

distanceCost*(sum{l in 1 .. Lcap - 1} t[l]) = 4400

Iter 95
MasterProb = 55105

s [*] :=
1  16
2   2
3  59
4  12
5  46
;

SubProb = -1541.53
d = 10

distanceCost*(sum{l in 1 .. Lcap - 1} t[l]) = 3300

Iter 96
MasterProb = 54717.5

s [*] :=
1  63
2  12
3  40
4  22
5  88
;

SubProb = -1145.99
d = 0

distanceCost*(sum{l in 1 .. Lcap - 1} t[l]) = 2420

Iter 97
MasterProb = 54545.1

s [*] :=
1  32
2  59
3   2
4  39
5  36
;

SubProb = -1513.53
d = 0

distanceCost*(sum{l in 1 .. Lcap - 1} t[l]) = 3795

Iter 98
MasterProb = 54329

s [*] :=
1   9
2  39
3  36
4  61
5  76
;

SubProb = -1328.04
d = 0

distanceCost*(sum{l in 1 .. Lcap - 1} t[l]) = 3300

Iter 99
MasterProb = 53973.9

s [*] :=
1  22
2  41
3   3
4  12
5  61
;

SubProb = -403.22
d = 0

distanceCost*(sum{l in 1 .. Lcap - 1} t[l]) = 3795

Iter 100
MasterProb = 53952.5

s [*] :=
1  49
2  46
3  43
4   3
5  47
;

SubProb = -740.733
d = 0

distanceCost*(sum{l in 1 .. Lcap - 1} t[l]) = 2750

Iter 101
MasterProb = 53842.9

s [*] :=
1  84
2  42
3  18
4  17
5  82
;

SubProb = -2414.42
d = 0

distanceCost*(sum{l in 1 .. Lcap - 1} t[l]) = 3850

Iter 102
MasterProb = 52859.4

s [*] :=
1   3
2   2
3  22
4  43
5   1
;

SubProb = -878.235
d = 0

distanceCost*(sum{l in 1 .. Lcap - 1} t[l]) = 2860

Iter 103
MasterProb = 52834.5

s [*] :=
1  75
2  50
3   4
4  24
5  88
;

SubProb = -1949.96
d = 0

distanceCost*(sum{l in 1 .. Lcap - 1} t[l]) = 3245

Iter 104
MasterProb = 52555.7

s [*] :=
1   1
2  19
3  80
4  74
5  38
;

SubProb = -2479.37
d = 6

distanceCost*(sum{l in 1 .. Lcap - 1} t[l]) = 4180

Iter 105
MasterProb = 51795.8

s [*] :=
1  33
2  42
3  38
4  21
5  52
;

SubProb = -1285.92
d = 0

distanceCost*(sum{l in 1 .. Lcap - 1} t[l]) = 3630

Iter 106
MasterProb = 51612.9

s [*] :=
1  47
2   2
3  59
4  18
5  88
;

SubProb = -655.378
d = 0

distanceCost*(sum{l in 1 .. Lcap - 1} t[l]) = 2145

Iter 107
MasterProb = 51562.5

s [*] :=
1  30
2  32
3  65
4  84
5  17
;

SubProb = -1210.12
d = 0

distanceCost*(sum{l in 1 .. Lcap - 1} t[l]) = 3520

Iter 108
MasterProb = 51403

s [*] :=
1  69
2  50
3  41
4  67
5  77
;

SubProb = 429.624
d = 2

distanceCost*(sum{l in 1 .. Lcap - 1} t[l]) = 3355

Problema Entero
MasterProb = 53806

fo1 = 38650
fo2 = 15156

x[j] [*] :=
 14  1
 33  1
 57  1
 75  1
109  1
146  1
166  1
173  1
195  1
202  1
204  1
223  1
227  1
267  1
275  1
281  1
283  1
285  1
286  1
289  1
;

aa[i,j] [*,*]
:   14  33  57  75 109 146 166 173 195 202 204 223 227 267 275 281 283 285 286 :=
1    0   0   0   0   0   0   0   0   0   0   0   0   0   0   0   0   0   0   0
2    0   0   0   0   0   0   0   0   0   0   0   0   0   1   0   0   0   0   0
3    0   0   0   0   0   0   0   0   0   0   0   0   0   0   0   0   0   1   0
4    0   0   0   0   0   0   0   0   0   0   0   0   1   0   0   0   0   0   0
5    0   0   0   0   0   0   0   0   0   0   0   0   0   0   0   0   0   0   0
6    0   0   0   0   1   0   0   0   0   0   0   0   0   0   0   0   0   0   0
7    0   0   0   0   0   0   0   0   0   0   0   0   0   0   0   0   0   0   0
8    0   0   0   0   0   0   0   0   0   0   0   0   0   0   0   0   0   0   0
9    0   0   0   0   0   0   0   0   0   0   0   0   0   0   0   0   1   0   0
10   0   0   0   0   0   0   0   0   0   0   0   0   0   0   0   0   0   0   0
11   0   0   0   0   0   0   0   0   0   1   0   0   0   0   0   0   0   0   0
12   0   0   0   0   0   0   0   0   0   0   0   0   0   0   0   1   0   0   0
13   0   0   0   0   0   0   1   0   0   0   0   0   0   0   0   0   0   0   0
14   1   0   0   0   0   0   0   0   0   0   0   0   0   0   0   0   0   0   0
15   0   0   0   0   0   0   0   1   0   0   0   0   0   0   0   0   0   0   0
16   0   0   0   0   0   0   0   0   0   0   1   0   0   0   0   0   0   0   0
17   0   0   0   0   0   0   0   0   0   0   0   0   0   0   0   0   0   0   1
18   0   0   0   0   0   0   0   0   0   0   0   0   0   0   0   0   0   0   1
19   0   0   0   0   0   0   0   0   0   0   0   0   0   0   0   0   0   0   0
20   0   0   0   0   0   0   0   0   0   0   0   0   0   0   0   0   0   0   0
21   0   0   0   0   0   0   0   0   0   0   0   1   0   0   0   0   0   0   0
22   0   0   0   0   0   0   0   0   0   0   0   0   0   0   0   1   0   0   0
23   0   0   0   0   0   0   0   0   0   0   1   0   0   0   0   0   0   0   0
24   0   0   0   0   0   0   0   0   1   0   0   0   0   0   0   0   0   0   0
25   0   0   0   0   0   0   0   0   0   0   0   0   0   0   0   0   0   0   0
26   0   0   0   0   0   0   0   0   0   0   0   1   0   0   0   0   0   0   0
27   0   0   0   0   1   0   0   0   0   0   0   0   0   0   0   0   0   0   0
28   0   0   0   0   0   0   0   0   0   0   0   0   0   0   0   0   0   0   0
29   0   0   0   0   0   0   0   0   0   0   0   0   0   0   0   0   0   0   0
30   0   0   0   0   0   1   0   0   0   0   0   0   0   0   0   0   0   0   0
31   0   0   0   0   0   0   0   0   0   0   0   0   0   0   0   0   0   0   0
32   0   0   0   0   0   0   0   0   0   0   0   0   0   0   1   0   0   0   0
33   0   1   0   0   0   0   0   0   0   0   0   0   0   0   0   0   0   0   0
34   0   0   0   0   0   0   0   0   0   0   0   0   0   0   0   0   0   0   0
35   0   0   0   0   0   0   0   0   0   0   0   0   0   0   0   0   0   0   0
36   0   0   0   0   0   0   0   0   0   0   0   0   0   0   0   0   1   0   0
37   0   0   0   0   0   0   0   0   0   0   0   0   1   0   0   0   0   0   0
38   0   0   0   0   0   0   0   0   0   0   0   0   0   0   0   0   0   0   0
39   0   0   0   0   0   0   0   0   0   0   0   0   0   0   0   0   1   0   0
40   0   0   0   0   0   0   0   0   0   0   0   0   0   0   0   1   0   0   0
41   0   0   0   0   0   0   0   0   0   0   1   0   0   0   0   0   0   0   0
42   0   0   0   0   0   0   0   0   0   0   0   0   0   0   0   0   0   0   1
43   0   0   0   0   0   0   0   0   0   0   0   0   0   0   0   0   0   1   0
44   0   0   0   0   0   0   0   0   1   0   0   0   0   0   0   0   0   0   0
45   0   0   0   0   1   0   0   0   0   0   0   0   0   0   0   0   0   0   0
46   0   0   0   0   0   0   0   0   0   0   0   0   0   0   0   0   0   1   0
47   0   0   0   0   0   0   0   0   0   0   0   0   0   0   0   0   0   1   0
48   0   0   0   0   0   0   0   1   0   0   0   0   0   0   0   0   0   0   0
49   0   0   0   0   0   0   0   0   0   0   0   0   0   0   0   0   0   1   0
50   0   0   0   0   0   0   1   0   0   0   0   0   0   0   0   0   0   0   0
51   0   0   0   0   0   1   0   0   0   0   0   0   0   0   0   0   0   0   0
52   0   0   0   0   0   0   0   0   1   0   0   0   0   0   0   0   0   0   0
53   0   0   0   0   0   0   0   0   0   0   0   0   0   0   0   0   0   0   0
54   0   0   0   0   0   0   0   0   0   0   1   0   0   0   0   0   0   0   0
55   0   0   0   0   0   0   0   0   0   1   0   0   0   0   0   0   0   0   0
56   0   0   0   0   1   0   0   0   0   0   0   0   0   0   0   0   0   0   0
57   0   0   1   0   0   0   0   0   0   0   0   0   0   0   0   0   0   0   0
58   0   0   0   0   0   0   0   0   0   0   0   0   0   1   0   0   0   0   0
59   0   0   0   0   0   0   0   0   0   0   0   0   0   0   1   0   0   0   0
60   0   0   0   0   0   0   0   0   1   0   0   0   0   0   0   0   0   0   0
61   0   0   0   0   0   0   0   0   0   0   0   0   0   0   0   0   1   0   0
62   0   0   0   0   0   0   0   0   0   0   0   0   0   0   0   0   0   0   0
63   0   0   0   0   0   0   0   0   0   0   0   0   0   0   0   1   0   0   0
64   0   0   0   0   0   0   0   0   0   0   0   0   0   0   0   0   0   0   0
65   0   0   0   0   0   0   0   0   1   0   0   0   0   0   0   0   0   0   0
66   0   0   0   0   0   0   0   0   0   0   0   0   0   0   0   0   0   0   0
67   0   0   0   0   0   0   0   0   0   0   1   0   0   0   0   0   0   0   0
68   0   0   0   0   1   0   0   0   0   0   0   0   0   0   0   0   0   0   0
69   0   0   0   0   0   0   0   0   0   0   0   0   1   0   0   0   0   0   0
70   0   0   0   0   0   0   0   0   0   0   0   0   1   0   0   0   0   0   0
71   0   0   0   0   0   0   0   0   0   0   0   0   0   0   1   0   0   0   0
72   0   0   0   0   0   0   0   0   0   0   0   0   0   0   0   0   0   0   0
73   0   0   0   0   0   0   0   0   0   0   0   0   0   0   0   0   0   0   0
74   0   0   0   0   0   0   0   0   0   0   0   0   0   0   0   0   0   0   0
75   0   0   0   1   0   0   0   0   0   0   0   0   0   0   0   0   0   0   0
76   0   0   0   0   0   0   0   0   0   0   0   0   0   0   0   0   1   0   0
77   0   0   0   0   0   0   0   0   0   0   0   0   0   0   0   0   0   0   0
78   0   0   0   0   0   0   0   0   0   0   0   0   0   0   0   0   0   0   0
79   0   0   0   0   0   0   0   0   0   0   0   0   0   0   0   0   0   0   0
80   0   0   0   0   0   0   0   0   0   0   0   0   0   0   0   0   0   0   0
81   0   0   0   0   0   0   0   0   0   0   0   0   0   0   0   0   0   0   0
82   0   0   0   0   0   0   0   0   0   0   0   0   0   0   0   0   0   0   1
83   0   0   0   0   0   0   0   0   0   0   0   0   0   0   0   0   0   0   0
84   0   0   0   0   0   0   0   0   0   0   0   0   0   0   0   0   0   0   1
85   0   0   0   0   0   0   0   0   0   0   0   0   0   0   1   0   0   0   0
86   0   0   0   0   0   0   0   0   0   0   0   0   0   0   0   0   0   0   0
87   0   0   0   0   0   0   0   0   0   0   0   0   0   0   0   0   0   0   0

:  289    :=
1    1
2    0
3    0
4    0
5    0
6    0
7    0
8    0
9    0
10   0
11   0
12   0
13   0
14   0
15   0
16   0
17   0
18   0
19   1
20   0
21   0
22   0
23   0
24   0
25   0
26   0
27   0
28   0
29   0
30   0
31   0
32   0
33   0
34   0
35   0
36   0
37   0
38   1
39   0
40   0
41   0
42   0
43   0
44   0
45   0
46   0
47   0
48   0
49   0
50   0
51   0
52   0
53   0
54   0
55   0
56   0
57   0
58   0
59   0
60   0
61   0
62   0
63   0
64   0
65   0
66   0
67   0
68   0
69   0
70   0
71   0
72   0
73   0
74   1
75   0
76   0
77   0
78   0
79   0
80   1
81   0
82   0
83   0
84   0
85   0
86   0
87   0
;

vi[i] [*] :=
 5  1
 7  1
 8  1
10  1
20  1
25  1
28  1
29  1
31  1
34  1
35  1
53  1
62  1
64  1
66  1
72  1
73  1
77  1
78  1
79  1
81  1
83  1
86  1
87  1
;

:   x[i]   c[i] travel[i] delay[i]    :=
14    1       0       0        0
33    1       0       0        0
57    1       0       0        0
75    1       0       0        0
109   1    3520    3520        0
146   1     880     880        0
166   1     880     880        0
173   1     880     880        0
195   1    3520    3520        0
202   1     660     660        0
204   1    3135    3135        0
223   1     880     880        0
227   1    2640    2640        0
267   1     605     605        0
275   1    4070    4070        0
281   1    2420    2420        0
283   1    3300    3300        0
285   1    2750    2750        0
286   1    3850    3850        0
289   1    4660    4180      480
;

