#Nombre	DiaAten	ModelId		T.Servicio	Penalty
191_PR_3	3	1	60	2232
101_PR_2	-3	1	60	3998
1_PR_1	-2	1	90	870
341_SA_5	5	1	70	2703
102_SA_2	2	2	120	2694
2_SA_1	1	2	90	59356
103_SA_2	2	3	120	58950
104_LC_2	-3	4	120	606
271_PR_4	4	1	60	30053
105_LC_2	2	5	200	50287
342_PR_5	5	2	60	648
192_PR_3	3	2	130	3038
193_LC_3	3	3	70	2793
272_LC_4	4	2	130	60095
273_LC_4	4	3	90	2547
343_LC_5	5	3	45	71312
274_SA_4	4	4	60	65690
3_SA_1	1	3	75	47096
106_NU_2	2	6	75	73697
107_PR_2	2	7	30	57058
344_LC_5	5	4	120	72052
108_LC_2	2	8	10	69558
345_SA_5	-6	5	150	308
194_PR_3	3	4	20	43502
4_LC_1	1	4	120	1619
195_SA_3	-4	5	150	5460
5_SA_1	1	5	90	59246
197_SA_3	3	6	120	18756
346_LC_5	5	6	70	57890
199_SA_3	3	7	80	35519
196_PR_3	3	8	45	42940
198_SA_3	3	9	60	45656
6_SA_1	1	6	30	3875
200_SA_3	3	10	60	2918
201_LC_3	3	11	270	5590
347_SA_5	5	7	20	61864
7_SA_1	1	7	290	51412
202_SA_3	3	12	180	57085
8_SA_1	1	8	60	41899
110_SA_2	2	9	120	65385
111_SA_2	2	10	120	66044
112_SA_2	2	11	60	41498
109_SA_2	2	12	110	58526
114_SA_2	2	13	60	38858
113_SA_2	2	14	60	18017
203_SA_3	3	13	45	36183
115_PR_2	2	15	90	27659
348_SA_5	5	8	60	5989
349_SA_5	5	9	15	6540
9_SA_1	-2	9	360	1556
10_SA_1	-2	10	60	1644
13_SA_1	1	11	60	674
14_SA_1	1	12	90	517
350_SA_5	-6	10	180	1064
12_SA_1	-2	13	75	1086
204_SA_3	-4	14	80	1626
205_SA_3	3	15	60	906
352_PR_5	5	11	70	881
11_SA_1	-2	14	120	1382
275_SA_4	-5	5	90	1480
276_SA_4	4	6	60	434
277_SA_4	-5	7	120	758
120_SA_2	-3	16	55	1416
279_SA_4	-5	8	300	1480
280_NU_4	4	9	60	834
119_SA_2	-3	17	60	516
124_SA_2	-3	18	30	986
121_LC_2	-3	19	45	548
122_SA_2	-3	20	50	686
351_SA_5	-6	12	60	1022
118_SA_2	-3	21	120	1504
278_PR_4	-5	10	150	1834
116_SA_2	2	22	60	538
117_SA_2	-3	23	140	818
123_SA_2	-3	24	50	554
15_SA_1	1	15	240	64392
125_SA_2	2	25	60	45502
281_PR_4	4	11	70	41683
282_LC_4	4	12	90	35407
127_PR_2	2	26	80	88322
206_PR_3	3	16	35	126808
126_PR_2	2	27	180	93011
353_SA_5	-6	13	5	396
354_PR_5	5	14	30	42256
16_SA_1	-2	16	110	708
207_SA_3	-4	17	50	430
128_SA_2	-3	28	120	598
17_NU_1	-2	17	180	2538
129_NU_2	2	29	120	1097
283_SA_4	4	13	180	1606
355_LC_5	5	15	150	1966
130_SA_2	2	30	90	1415
356_SA_5	-6	16	150	648
131_PR_2	2	31	215	22261
18_SA_1	-2	18	90	1274
208_SA_3	-4	18	90	2002
209_SA_3	3	19	45	659
132_SA_2	2	32	20	1643
19_SA_1	1	19	180	113951
210_SA_3	3	20	180	123183
284_SA_4	4	14	240	49207
134_SA_2	2	33	60	58519
133_SA_2	2	34	90	30352
357_SA_5	5	17	60	62234
285_SA_4	4	15	60	39813
135_SA_2	2	35	60	69526
20_SA_1	1	20	60	21669
136_LC_2	2	36	30	487
286_PR_4	4	16	60	56910
360_LC_5	5	18	10	37300
358_PR_5	5	19	70	64391
137_PR_2	2	37	150	70776
359_LC_5	5	20	10	40838
361_SA_5	5	21	10	21184
21_NU_1	1	21	90	16553
211_NU_3	3	21	40	16823
362_PR_5	5	22	240	32391
22_PR_1	1	22	60	44494
213_LC_3	3	22	90	38799
139_PR_2	2	38	60	24919
140_SA_2	2	39	50	48304
288_SA_4	4	17	60	62153
287_PR_4	4	18	90	64427
212_SA_3	3	23	40	57058
138_VI_2	2	40	90	39895
363_VI_5	5	23	10	2777
214_VI_3	-4	24	25	5594
215_PR_3	3	25	45	57207
23_SA_1	1	23	90	53693
24_PR_1	1	24	100	3988
289_LC_4	4	19	110	35794
25_PR_1	1	25	90	3837
141_NU_2	-3	41	150	748
26_NU_1	-2	26	420	532
27_LC_1	1	27	180	3361
216_SA_3	3	26	80	11455
28_SA_1	-2	28	30	450
29_SA_1	1	29	60	67182
364_PR_5	5	24	1	1603
217_SA_3	-4	27	150	1582
365_SA_5	-6	25	120	1556
290_SA_4	-5	20	60	1306
291_SA_4	4	21	150	4040
292_PR_4	4	22	50	2404
293_PR_4	4	23	165	3276
294_SA_4	4	24	90	25184
142_LC_2	2	42	50	4073
218_SA_3	3	28	120	3097
219_SA_3	3	29	90	2671
143_SA_2	-3	43	180	5494
144_SA_2	2	44	90	302
145_LC_2	-3	45	60	408
146_SA_2	-3	46	165	482
147_LC_2	-3	47	30	378
220_PR_3	-4	30	60	390
30_PR_1	1	30	60	8768
295_LC_4	-5	25	60	122
366_SA_5	5	26	20	11606
32_SA_1	1	31	90	19411
31_SA_1	1	32	90	20094
367_PR_5	5	27	15	46683
33_LC_1	1	33	150	3912
221_PR_3	3	31	35	55807
296_SA_4	4	26	90	41214
222_PR_3	3	32	60	45415
223_PR_3	3	33	40	37075
224_PR_3	3	34	50	2027
34_LC_1	1	34	80	35023
148_SA_2	2	48	90	12839
368_PR_5	5	28	5	11867
369_SA_5	5	29	120	48144
370_SA_5	5	30	140	39033
225_SA_3	-4	35	80	862
35_SA_1	-2	35	105	874
297_SA_4	4	27	100	1954
36_LC_1	1	36	60	40404
298_PR_4	-5	28	120	572
150_SA_2	2	49	120	2221
149_SA_2	-3	50	235	3800
151_SA_2	2	51	120	67897
38_PR_1	1	37	80	34843
371_PR_5	5	31	30	47616
37_PR_1	1	38	60	46719
39_LC_1	1	39	90	4440
226_PR_3	3	36	65	55295
372_LC_5	5	32	60	59123
227_LC_3	3	37	120	4069
40_SA_1	1	40	60	3145
228_SA_3	3	38	100	56401
152_LC_2	2	52	1	2162
41_LC_1	-2	41	120	3846
42_PR_1	-2	42	60	3664
299_LC_4	-5	29	60	382
43_SA_1	1	43	207	2836
300_SA_4	4	30	105	73951
301_SA_4	-5	31	75	1134
44_PR_1	1	44	25	1281
153_PR_2	2	53	230	48067
302_SA_4	4	32	90	49104
373_SA_5	5	33	60	1386
154_PR_2	2	54	170	36168
374_PR_5	5	34	105	76453
155_SA_2	2	55	240	38816
375_PR_5	5	35	170	52115
229_SA_3	-4	39	60	564
156_PR_2	2	56	80	72671
45_VI_1	1	45	75	3093
46_SA_1	-2	46	90	66
47_SA_1	-2	47	90	218
230_PR_3	3	40	30	11661
303_LC_4	4	33	60	60391
376_PR_5	5	36	75	62274
304_VI_4	-5	34	120	2256
231_SA_3	3	41	80	822
49_SA_1	-2	48	60	1630
306_SA_4	-5	35	270	3046
305_PR_4	4	36	25	1367
377_PR_5	5	37	30	1224
157_SA_2	2	57	150	1878
48_SA_1	-2	49	60	1550
232_PR_3	-4	42	120	2394
307_SA_4	4	37	120	68888
233_SA_3	3	43	40	40424
378_PR_5	5	38	30	39152
234_LC_3	3	44	60	2324
235_LC_3	-4	45	120	68
379_LC_5	5	39	60	47393
50_LC_1	1	50	80	26306
158_PR_2	2	58	85	1890
236_VI_3	3	46	90	132
308_PR_4	4	38	30	50015
237_PR_3	3	47	70	42414
159_SA_2	-3	59	55	4654
51_SA_1	1	51	90	2644
160_PR_2	2	60	60	76243
309_PR_4	4	39	60	63900
310_PR_4	4	40	120	37692
161_LC_2	2	61	180	51820
238_SA_3	3	48	60	5142
162_SA_2	2	62	1	4265
239_SA_3	3	49	180	73588
52_PR_1	1	52	30	3695
240_PR_3	3	50	60	4007
53_NU_1	1	53	90	46549
311_PR_4	4	41	60	72036
241_SA_3	3	51	20	41379
55_LC_1	-2	54	60	2808
54_LC_1	1	55	60	896
312_PR_4	4	42	50	233096
56_LC_1	-2	56	150	166
313_PR_4	4	43	50	1386
163_PR_2	-3	63	120	2092
164_NU_2	-3	64	90	4326
314_SA_4	4	44	20	1739
380_LC_5	5	40	234	7225
59_SA_1	1	57	60	5979
57_SA_1	1	58	60	5673
58_SA_1	1	59	60	4140
165_SA_2	2	65	120	47365
60_LC_1	1	60	90	3457
167_SA_2	2	66	60	62896
64_SA_1	1	61	10	37322
62_SA_1	1	62	150	46483
61_SA_1	1	63	30	59534
166_SA_2	2	67	40	45765
65_SA_1	1	64	30	72543
63_SA_1	1	65	75	57434
381_SA_5	5	41	60	28781
242_LC_3	3	52	40	35032
315_SA_4	4	45	180	4878
316_NU_4	4	46	60	13223
66_PR_1	1	66	75	522
168_SA_2	-3	68	60	880
67_SA_1	-2	67	60	300
317_LC_4	4	47	45	64598
243_SA_3	-4	53	120	2372
318_SA_4	4	48	240	1255
68_SA_1	-2	68	120	536
69_VI_1	1	69	60	45304
382_PR_5	5	42	30	2542
319_PR_4	4	49	90	1029
71_PR_1	1	70	520	18490
70_SA_1	1	71	180	22590
170_SA_2	2	69	120	14168
244_SA_3	3	54	80	13644
169_LC_2	2	70	135	14140
171_PR_2	2	71	65	7505
172_NU_2	2	72	60	42085
321_SA_4	4	50	240	35463
383_SA_5	5	43	240	48340
73_PR_1	1	72	120	62461
72_SA_1	1	73	195	55153
320_SA_4	4	51	120	51863
322_SA_4	4	52	90	53942
245_SA_3	-4	55	160	518
384_SA_5	-6	44	240	1026
323_SA_4	-5	53	120	500
246_LC_3	3	56	100	4471
247_SA_3	3	57	90	42448
74_SA_1	-2	74	60	336
75_SA_1	1	75	75	45365
174_SA_2	2	73	360	49094
173_SA_2	2	74	55	68449
175_SA_2	2	75	90	40297
385_SA_5	5	45	60	40064
248_SA_3	-4	58	60	2644
176_SA_2	2	76	90	1006
177_PR_2	-3	77	50	222
249_SA_3	3	59	75	34329
76_SA_1	-2	76	100	158
250_SA_3	3	60	60	53535
77_SA_1	1	77	120	49942
178_NU_2	-3	78	20	464
324_SA_4	4	54	130	43198
325_PR_4	4	55	180	4801
386_SA_5	5	46	90	41402
179_PR_2	2	79	100	54433
251_PR_3	3	61	60	7509
180_LC_2	2	80	60	97065
326_SA_4	4	56	1	1391
78_SA_1	1	78	60	1288
79_SA_1	-2	79	100	1680
181_LC_2	-3	81	120	1546
252_SA_3	-4	62	55	2064
387_SA_5	5	47	90	38264
80_SA_1	1	80	90	63725
81_SA_1	1	81	60	14023
388_SA_5	5	48	60	1631
389_SA_5	5	49	90	51701
253_SA_3	3	63	60	46229
82_VI_1	1	82	30	12588
390_LC_5	5	50	180	5316
255_PR_3	3	64	150	51070
254_PR_3	3	65	60	32192
256_PR_3	3	66	90	620
257_SA_3	3	67	5	2303
258_SA_3	3	68	120	2199
83_SA_1	-2	83	240	2470
327_SA_4	4	57	120	9153
84_LC_1	1	84	15	66303
85_PR_1	-2	85	70	170
86_PR_1	1	86	90	52804
259_SA_3	-4	69	110	456
260_SA_3	-4	70	120	492
261_SA_3	3	71	90	2059
87_SA_1	-2	87	60	5162
262_SA_3	3	72	120	1198
88_LC_1	1	88	120	67141
328_LC_4	4	58	120	56445
329_LC_4	4	59	90	40049
182_LC_2	2	82	60	74829
183_NU_2	-3	83	20	1054
263_SA_3	3	73	60	59878
184_SA_2	2	84	15	52430
185_SA_2	2	85	35	37740
331_SA_4	4	60	160	59644
330_SA_4	4	61	120	60186
264_SA_3	3	74	65	49836
186_PR_2	-3	86	120	506
187_SA_2	2	87	210	56172
89_PR_1	1	89	70	36412
90_SA_1	-2	90	90	108
391_LC_5	5	51	75	50492
393_PR_5	5	52	150	64183
91_PR_1	1	91	120	54661
392_PR_5	5	53	35	48201
188_VI_2	-3	88	100	268
332_PR_4	-5	62	120	2192
265_PR_3	3	75	100	47019
92_SA_1	1	92	60	45558
333_VI_4	4	63	90	60491
394_PR_5	5	54	75	67923
93_SA_1	1	93	90	3031
94_NU_1	1	94	160	53289
95_SA_1	-2	95	140	730
334_SA_4	-5	64	30	1784
96_VI_1	1	96	50	57880
98_PR_1	1	97	10	46890
97_PR_1	1	98	20	50665
335_SA_4	4	65	30	14367
266_SA_3	3	76	80	3517
99_SA_1	-2	99	75	172
267_NU_3	3	77	50	12729
336_VI_4	-5	66	240	654
337_PR_4	4	67	1	3026
395_SA_5	-6	55	90	380
338_SA_4	4	68	60	93
396_SA_5	5	56	60	76821
397_SA_5	5	57	10	62846
268_SA_3	3	78	90	1014
398_NU_5	5	58	150	5978
340_SA_4	4	69	60	7470
339_SA_4	4	70	140	7959
189_PR_2	2	89	80	8031
399_SA_5	5	59	60	52145
190_SA_2	2	90	30	54360
100_PR_1	1	100	60	3601
269_SA_3	3	79	40	183300
400_PR_5	5	60	45	55883
270_PR_3	3	80	75	18366
