Iter 89
MasterProb = 61083.1

s [*] :=
1  15
2  83
3   2
4  39
5   3
;

SubProb = -5150.37
d = 0

distanceCost*(sum{l in 1 .. Lcap - 1} t[l]) = 4345

Iter 90
MasterProb = 60098.8

s [*] :=
1  85
2  38
3  32
4  77
5  51
;

SubProb = -5112.01
d = 0

distanceCost*(sum{l in 1 .. Lcap - 1} t[l]) = 5500

Iter 91
MasterProb = 58254.8

s [*] :=
1  59
2  49
3  46
4  85
5  84
;

SubProb = -2598.73
d = 0

distanceCost*(sum{l in 1 .. Lcap - 1} t[l]) = 3960

Iter 92
MasterProb = 57539.4

s [*] :=
1  59
2  63
3  34
4  41
5  15
;

SubProb = -3186.94
d = 1

distanceCost*(sum{l in 1 .. Lcap - 1} t[l]) = 3355

Iter 93
MasterProb = 56062

s [*] :=
1   1
2  84
3   3
4   2
5  65
;

SubProb = -1760.79
d = 0

distanceCost*(sum{l in 1 .. Lcap - 1} t[l]) = 3795

Iter 94
MasterProb = 55697.7

s [*] :=
1  80
2  61
3  15
4  65
5  88
;

SubProb = -800.501
d = 0

distanceCost*(sum{l in 1 .. Lcap - 1} t[l]) = 4125

Iter 95
MasterProb = 55618.6

s [*] :=
1  42
2  67
3  74
4  56
5  36
;

SubProb = -611.727
d = 0

distanceCost*(sum{l in 1 .. Lcap - 1} t[l]) = 3850

Iter 96
MasterProb = 55530.7

s [*] :=
1  45
2  75
3  84
4  42
5  65
;

SubProb = -1832.34
d = 0

distanceCost*(sum{l in 1 .. Lcap - 1} t[l]) = 3630

Iter 97
MasterProb = 55106.8

s [*] :=
1  22
2  36
3  67
4  85
5  57
;

SubProb = -2159.78
d = 0

distanceCost*(sum{l in 1 .. Lcap - 1} t[l]) = 3355

Iter 98
MasterProb = 54529.5

s [*] :=
1  19
2  17
3  83
4  31
5  84
;

SubProb = -814.552
d = 0

distanceCost*(sum{l in 1 .. Lcap - 1} t[l]) = 4510

Iter 99
MasterProb = 54473.2

s [*] :=
1  64
2  49
3  67
4   2
5  58
;

SubProb = -356.814
d = 0

distanceCost*(sum{l in 1 .. Lcap - 1} t[l]) = 3355

Iter 100
MasterProb = 54410.5

s [*] :=
1  42
2   1
3  16
4  36
5  63
;

SubProb = -1214.72
d = 0

distanceCost*(sum{l in 1 .. Lcap - 1} t[l]) = 2860

Iter 101
MasterProb = 54067.8

s [*] :=
1   1
2  58
3  59
4  38
5  88
;

SubProb = -1828.71
d = 0

distanceCost*(sum{l in 1 .. Lcap - 1} t[l]) = 3630

Iter 102
MasterProb = 53830.8

s [*] :=
1  19
2  17
3  85
4  57
5  30
;

SubProb = -1874.56
d = 0

distanceCost*(sum{l in 1 .. Lcap - 1} t[l]) = 4235

Iter 103
MasterProb = 53620.1

s [*] :=
1  85
2  43
3   4
4  26
5  45
;

SubProb = -1544.82
d = 0

distanceCost*(sum{l in 1 .. Lcap - 1} t[l]) = 4070

Iter 104
MasterProb = 53572.3

s [*] :=
1  69
2  32
3  30
4  11
5  18
;

SubProb = -1233.77
d = 0

distanceCost*(sum{l in 1 .. Lcap - 1} t[l]) = 3575

Iter 105
MasterProb = 53287.9

s [*] :=
1  38
2  19
3  41
4  55
5  89
;

SubProb = -1067.99
d = 0

distanceCost*(sum{l in 1 .. Lcap - 1} t[l]) = 2530

Iter 106
MasterProb = 53051.5

s [*] :=
1  11
2  67
3  83
4  81
5  21
;

SubProb = -1532.5
d = 0

distanceCost*(sum{l in 1 .. Lcap - 1} t[l]) = 3575

Iter 107
MasterProb = 52490.8

s [*] :=
1   3
2  59
3  22
4   1
5  54
;

SubProb = 337.405
d = 1

distanceCost*(sum{l in 1 .. Lcap - 1} t[l]) = 3355

Problema Entero
MasterProb = 55282

fo1 = 35390
fo2 = 19892

x[j] [*] :=
 77  1
 85  1
136  1
145  1
147  1
153  1
166  1
167  1
178  1
180  1
189  1
195  1
216  1
221  1
240  1
248  1
258  1
277  1
281  1
291  1
;

aa[i,j] [*,*]
:   77  85 136 145 147 153 166 167 178 180 189 195 216 221 240 248 258 277 281 :=
1    0   0   0   0   0   0   1   0   0   0   0   0   0   0   0   0   0   0   0
2    0   0   0   0   0   0   0   0   0   1   0   0   0   0   0   0   0   0   0
3    0   0   0   0   0   0   0   0   0   1   0   0   0   0   0   0   0   0   0
4    0   0   0   0   0   1   0   0   0   0   0   0   0   0   0   0   0   0   0
5    0   0   0   0   0   1   0   0   0   0   0   0   0   0   0   0   0   0   0
6    0   0   0   0   0   1   0   0   0   0   0   0   0   0   0   0   0   0   0
7    0   0   0   0   0   0   0   0   0   0   0   0   0   0   0   0   0   0   0
8    0   0   0   0   0   0   0   0   0   0   0   0   0   0   0   0   0   0   0
9    0   0   0   0   0   0   0   0   0   0   0   0   0   0   0   0   0   0   0
10   0   0   0   0   0   0   0   0   0   0   0   0   0   0   0   0   0   0   0
11   0   0   0   0   0   0   0   0   0   0   0   0   0   0   0   0   0   0   0
12   0   0   0   0   0   0   0   0   0   0   0   0   0   1   0   0   0   0   0
13   0   0   0   0   0   0   0   1   0   0   0   0   0   0   0   0   0   0   0
14   0   0   1   0   0   0   0   0   0   0   0   0   0   0   0   0   0   0   0
15   0   0   0   0   0   0   0   0   0   0   0   0   0   0   0   0   0   1   0
16   0   0   0   0   0   0   0   0   0   0   0   0   0   0   0   1   0   0   0
17   0   0   0   0   0   0   0   0   0   0   0   0   1   0   0   0   0   0   0
18   0   0   0   0   0   0   0   0   1   0   0   0   0   0   0   0   0   0   0
19   0   0   0   1   0   0   0   0   0   0   0   0   0   0   0   0   0   0   0
20   0   0   0   0   0   0   0   0   1   0   0   0   0   0   0   0   0   0   0
21   0   0   0   0   0   0   0   0   0   0   0   0   0   0   0   0   0   0   0
22   0   0   0   1   0   0   0   0   0   0   0   0   0   0   0   0   0   0   0
23   0   0   0   0   0   0   1   0   0   0   0   0   0   0   0   0   0   0   0
24   0   0   0   0   0   0   0   0   0   0   0   0   0   0   1   0   0   0   0
25   0   0   0   0   0   0   0   0   0   0   0   0   0   0   0   0   0   0   0
26   0   0   0   0   0   0   0   0   0   0   1   0   0   0   0   0   0   0   0
27   0   0   0   0   0   0   0   0   0   0   0   0   0   0   0   0   0   0   0
28   0   0   0   0   0   0   0   0   0   0   0   0   0   0   0   0   0   0   0
29   0   0   0   0   0   0   0   0   0   0   0   0   0   0   0   0   0   0   0
30   0   0   0   0   1   0   0   0   0   0   0   0   0   0   0   0   0   0   0
31   0   0   0   0   0   0   0   0   0   0   0   0   0   0   0   0   0   0   0
32   0   0   0   0   0   0   0   0   0   0   0   0   0   0   1   0   0   0   0
33   0   0   0   1   0   0   0   0   0   0   0   0   0   0   0   0   0   0   0
34   0   0   0   0   0   0   0   0   0   0   0   0   0   0   0   0   0   1   0
35   0   0   0   0   0   0   0   0   0   0   0   0   0   0   0   0   0   0   0
36   0   0   0   0   0   0   0   0   0   0   0   0   0   0   0   0   0   0   0
37   0   0   0   0   0   0   0   0   0   0   0   0   0   0   1   0   0   0   0
38   0   0   0   0   0   0   0   0   0   0   0   0   0   0   0   0   1   0   0
39   0   0   0   0   0   0   1   0   0   0   0   0   0   0   0   0   0   0   0
40   0   0   0   1   0   0   0   0   0   0   0   0   0   0   0   0   0   0   0
41   0   0   0   0   0   0   0   0   0   0   0   0   0   0   0   0   0   1   0
42   0   0   0   0   0   0   0   0   0   0   0   0   0   0   0   0   0   0   1
43   0   0   0   0   0   0   0   0   0   0   0   0   0   0   0   0   0   0   0
44   0   0   0   0   0   0   0   0   1   0   0   0   0   0   0   0   0   0   0
45   0   0   0   0   0   0   0   0   0   0   0   0   0   0   0   0   0   0   1
46   0   0   0   0   0   0   1   0   0   0   0   0   0   0   0   0   0   0   0
47   0   0   0   1   0   0   0   0   0   0   0   0   0   0   0   0   0   0   0
48   0   0   0   0   0   0   0   0   0   0   0   1   0   0   0   0   0   0   0
49   0   0   0   0   0   0   0   0   0   0   0   0   0   0   0   0   1   0   0
50   0   0   0   0   0   0   0   1   0   0   0   0   0   0   0   0   0   0   0
51   0   0   0   0   1   0   0   0   0   0   0   0   0   0   0   0   0   0   0
52   0   0   0   0   0   0   0   0   1   0   0   0   0   0   0   0   0   0   0
53   0   0   0   0   0   0   0   0   0   0   0   0   0   0   1   0   0   0   0
54   0   0   0   0   0   0   0   0   1   0   0   0   0   0   0   0   0   0   0
55   0   0   0   0   0   0   0   0   0   0   0   0   1   0   0   0   0   0   0
56   0   0   0   0   0   0   1   0   0   0   0   0   0   0   0   0   0   0   0
57   0   0   0   0   0   0   0   0   0   0   1   0   0   0   0   0   0   0   0
58   0   0   0   0   0   0   0   0   0   0   0   0   0   1   0   0   0   0   0
59   0   0   0   0   0   0   0   0   0   0   0   0   0   0   0   0   0   1   0
60   0   0   0   0   0   0   0   0   0   0   1   0   0   0   0   0   0   0   0
61   0   0   0   0   0   1   0   0   0   0   0   0   0   0   0   0   0   0   0
62   0   0   0   0   0   0   0   0   0   0   0   0   0   0   0   1   0   0   0
63   0   0   0   0   0   0   0   0   0   0   0   0   0   0   0   0   0   1   0
64   0   0   0   0   0   1   0   0   0   0   0   0   0   0   0   0   0   0   0
65   0   0   0   0   0   0   0   0   0   0   0   0   0   0   0   0   0   0   1
66   0   0   0   0   0   0   0   0   0   0   0   0   0   0   0   0   0   0   0
67   0   0   0   0   0   0   0   0   0   0   0   0   0   0   0   0   0   0   0
68   0   0   0   0   0   0   0   0   0   0   0   0   0   0   0   0   0   0   0
69   0   0   1   0   0   0   0   0   0   0   0   0   0   0   0   0   0   0   0
70   0   0   0   0   0   0   0   0   0   0   0   1   0   0   0   0   0   0   0
71   0   0   0   0   0   0   0   0   0   0   0   0   0   0   0   0   0   0   0
72   0   0   0   0   0   0   0   0   0   0   0   0   0   0   0   0   0   0   0
73   0   0   0   0   0   0   0   0   0   0   0   0   0   0   0   0   0   0   0
74   0   0   0   0   0   0   0   0   0   0   0   0   0   0   0   0   0   0   0
75   0   0   0   0   0   0   0   0   0   0   0   0   0   0   0   0   0   0   1
76   0   0   0   0   0   0   0   0   0   0   0   0   0   0   0   0   0   0   0
77   1   0   0   0   0   0   0   0   0   0   0   0   0   0   0   0   0   0   0
78   0   0   0   0   0   0   0   0   0   0   0   0   0   0   0   0   0   0   0
79   0   0   0   0   0   0   0   0   0   0   0   0   0   0   0   0   0   0   0
80   0   0   0   0   0   0   0   0   0   0   0   0   0   0   0   0   0   0   0
81   0   0   0   0   0   0   0   0   0   0   0   0   0   0   0   0   0   0   0
82   0   0   0   0   0   0   0   0   0   0   0   0   0   0   0   0   0   0   0
83   0   0   0   0   0   0   0   0   0   0   0   0   0   0   0   0   0   0   0
84   0   0   0   0   0   0   0   0   0   0   0   0   0   0   0   0   0   0   1
85   0   1   0   0   0   0   0   0   0   0   0   0   0   0   0   0   0   0   0
86   0   0   0   0   0   0   0   0   0   0   0   0   0   0   0   0   0   0   0
87   0   0   0   0   0   0   0   0   0   0   0   0   0   0   0   0   0   0   0
88   0   0   0   0   0   0   0   0   0   0   0   0   0   0   0   0   0   0   0

:  291    :=
1    0
2    0
3    0
4    0
5    0
6    0
7    0
8    0
9    0
10   0
11   1
12   0
13   0
14   0
15   0
16   0
17   0
18   0
19   0
20   0
21   1
22   0
23   0
24   0
25   0
26   0
27   0
28   0
29   0
30   0
31   0
32   0
33   0
34   0
35   0
36   0
37   0
38   0
39   0
40   0
41   0
42   0
43   0
44   0
45   0
46   0
47   0
48   0
49   0
50   0
51   0
52   0
53   0
54   0
55   0
56   0
57   0
58   0
59   0
60   0
61   0
62   0
63   0
64   0
65   0
66   0
67   1
68   0
69   0
70   0
71   0
72   0
73   0
74   0
75   0
76   0
77   0
78   0
79   0
80   0
81   1
82   0
83   1
84   0
85   0
86   0
87   0
88   0
;

vi[i] [*] :=
 7  1
 8  1
 9  1
10  1
25  1
27  1
28  1
29  1
31  1
35  1
36  1
43  1
66  1
68  1
71  1
72  1
73  1
74  1
76  1
78  1
79  1
80  1
82  1
86  1
87  1
88  1
;

:   x[i]   c[i] travel[i] delay[i]    :=
77    1       0       0        0
85    1       0       0        0
136   1     880     880        0
145   1    2805    2805        0
147   1     880     880        0
153   1    3520    3520        0
166   1    3025    3025        0
167   1     880     880        0
178   1    3795    3795        0
180   1     605     605        0
189   1    1760    1760        0
195   1     880     880        0
216   1    1155    1155        0
221   1     605     605        0
240   1    2640    2640        0
248   1     660     660        0
258   1     660     660        0
277   1    3435    3355       80
281   1    3630    3630        0
291   1    3575    3575        0
;

