#Nombre	DiaAten	ModelId		T.Servicio	Penalty
191_PR_3	3	1	60	2842
101_PR_2	2	1	60	1859
1_PR_1	1	1	90	331
341_SA_5	5	1	70	1449
102_SA_2	-3	2	120	1000
2_SA_1	1	2	90	43423
103_SA_2	2	3	120	65919
104_LC_2	-3	4	120	378
271_PR_4	4	1	60	28782
105_LC_2	2	5	200	36833
342_PR_5	-6	2	60	1210
192_PR_3	3	2	130	3988
193_LC_3	3	3	70	1684
272_LC_4	4	2	130	55105
273_LC_4	4	3	90	3255
343_LC_5	5	3	45	50044
274_SA_4	4	4	60	80861
3_SA_1	1	3	75	43770
106_NU_2	2	6	75	37457
107_PR_2	2	7	30	38636
344_LC_5	5	4	120	28903
108_LC_2	2	8	10	37547
345_SA_5	-6	5	150	676
194_PR_3	3	4	20	32673
4_LC_1	-2	4	120	1886
195_SA_3	3	5	150	2677
5_SA_1	1	5	90	40376
197_SA_3	3	6	120	50738
346_LC_5	5	6	70	52622
199_SA_3	3	7	80	62297
196_PR_3	3	8	45	70138
198_SA_3	3	9	60	65849
6_SA_1	1	6	30	2590
200_SA_3	3	10	60	3782
201_LC_3	3	11	270	5962
347_SA_5	5	7	20	58147
7_SA_1	1	7	290	55683
202_SA_3	3	12	180	30527
8_SA_1	1	8	60	54280
110_SA_2	2	9	120	8823
111_SA_2	2	10	120	42369
112_SA_2	2	11	60	16179
109_SA_2	2	12	110	59153
114_SA_2	2	13	60	56969
113_SA_2	2	14	60	43318
203_SA_3	3	13	45	41601
115_PR_2	2	15	90	46148
348_SA_5	5	8	60	8592
349_SA_5	5	9	15	3372
9_SA_1	-2	9	360	1292
10_SA_1	1	10	60	707
13_SA_1	-2	11	60	574
14_SA_1	-2	12	90	1004
350_SA_5	-6	10	180	1468
12_SA_1	1	13	75	570
204_SA_3	-4	14	80	1644
205_SA_3	-4	15	60	876
352_PR_5	-6	11	70	1854
11_SA_1	-2	14	120	1106
275_SA_4	4	5	90	876
276_SA_4	4	6	60	528
277_SA_4	-5	7	120	1522
120_SA_2	2	16	55	522
279_SA_4	-5	8	300	1688
280_NU_4	-5	9	60	836
119_SA_2	-3	17	60	1324
124_SA_2	-3	18	30	1956
121_LC_2	2	19	45	795
122_SA_2	2	20	50	532
351_SA_5	-6	12	60	730
118_SA_2	-3	21	120	1078
278_PR_4	-5	10	150	792
116_SA_2	-3	22	60	1080
117_SA_2	2	23	140	715
123_SA_2	-3	24	50	1406
15_SA_1	1	15	240	62686
125_SA_2	2	25	60	40996
281_PR_4	4	11	70	66184
282_LC_4	4	12	90	46784
127_PR_2	2	26	80	86490
206_PR_3	3	16	35	123226
126_PR_2	2	27	180	207125
353_SA_5	-6	13	5	176
354_PR_5	5	14	30	28750
16_SA_1	-2	16	110	692
207_SA_3	-4	17	50	566
128_SA_2	-3	28	120	298
17_NU_1	-2	17	180	1828
129_NU_2	2	29	120	724
283_SA_4	4	13	180	1672
355_LC_5	5	15	150	1629
130_SA_2	2	30	90	1228
356_SA_5	-6	16	150	230
131_PR_2	2	31	215	69064
18_SA_1	-2	18	90	866
208_SA_3	3	18	90	1685
209_SA_3	3	19	45	1264
132_SA_2	2	32	20	1718
19_SA_1	1	19	180	116937
210_SA_3	3	20	180	63860
284_SA_4	4	14	240	46396
134_SA_2	2	33	60	62021
133_SA_2	2	34	90	74122
357_SA_5	5	17	60	17601
285_SA_4	4	15	60	55600
135_SA_2	2	35	60	65857
20_SA_1	1	20	60	45330
136_LC_2	2	36	30	279
286_PR_4	4	16	60	66160
360_LC_5	5	18	10	16843
358_PR_5	5	19	70	26643
137_PR_2	2	37	150	54555
359_LC_5	5	20	10	25004
361_SA_5	5	21	10	72305
21_NU_1	1	21	90	28582
211_NU_3	3	21	40	23485
362_PR_5	5	22	240	59729
22_PR_1	1	22	60	27782
213_LC_3	3	22	90	48618
139_PR_2	2	38	60	52860
140_SA_2	2	39	50	30521
288_SA_4	4	17	60	49849
287_PR_4	4	18	90	33768
212_SA_3	3	23	40	37634
138_VI_2	2	40	90	59630
363_VI_5	5	23	10	2051
214_VI_3	3	24	25	2837
215_PR_3	3	25	45	42712
23_SA_1	1	23	90	63743
24_PR_1	1	24	100	4915
289_LC_4	4	19	110	39611
25_PR_1	1	25	90	7201
141_NU_2	-3	41	150	414
26_NU_1	-2	26	420	766
27_LC_1	1	27	180	3466
216_SA_3	3	26	80	19449
28_SA_1	-2	28	30	588
29_SA_1	1	29	60	79716
364_PR_5	5	24	1	1262
217_SA_3	-4	27	150	1420
365_SA_5	5	25	120	1026
290_SA_4	4	20	60	843
291_SA_4	4	21	150	2632
292_PR_4	4	22	50	2801
293_PR_4	4	23	165	2416
294_SA_4	4	24	90	24895
142_LC_2	2	42	50	4868
218_SA_3	3	28	120	2760
219_SA_3	3	29	90	3273
143_SA_2	2	43	180	3446
144_SA_2	-3	44	90	1062
145_LC_2	-3	45	60	314
146_SA_2	-3	46	165	446
147_LC_2	2	47	30	249
220_PR_3	-4	30	60	414
30_PR_1	1	30	60	9129
295_LC_4	-5	25	60	280
366_SA_5	5	26	20	9901
32_SA_1	1	31	90	10499
31_SA_1	1	32	90	17531
367_PR_5	5	27	15	44060
33_LC_1	1	33	150	4059
221_PR_3	3	31	35	44161
296_SA_4	4	26	90	68490
222_PR_3	3	32	60	68245
223_PR_3	3	33	40	78934
224_PR_3	3	34	50	1212
34_LC_1	1	34	80	41784
148_SA_2	2	48	90	12667
368_PR_5	5	28	5	15363
369_SA_5	5	29	120	54767
370_SA_5	5	30	140	21440
225_SA_3	-4	35	80	722
35_SA_1	1	35	105	495
297_SA_4	-5	27	100	4200
36_LC_1	1	36	60	45558
298_PR_4	-5	28	120	388
150_SA_2	-3	49	120	1504
149_SA_2	-3	50	235	3224
151_SA_2	2	51	120	93165
38_PR_1	1	37	80	30722
371_PR_5	5	31	30	50569
37_PR_1	1	38	60	70364
39_LC_1	1	39	90	2368
226_PR_3	3	36	65	59985
372_LC_5	5	32	60	42322
227_LC_3	-4	37	120	3892
40_SA_1	1	40	60	2315
228_SA_3	3	38	100	70797
152_LC_2	2	52	1	921
41_LC_1	-2	41	120	5372
42_PR_1	1	42	60	3774
299_LC_4	-5	29	60	702
43_SA_1	1	43	207	3747
300_SA_4	4	30	105	57628
301_SA_4	-5	31	75	1050
44_PR_1	1	44	25	687
153_PR_2	2	53	230	53057
302_SA_4	4	32	90	46002
373_SA_5	5	33	60	967
154_PR_2	2	54	170	28703
374_PR_5	5	34	105	44433
155_SA_2	2	55	240	51556
375_PR_5	5	35	170	52965
229_SA_3	-4	39	60	790
156_PR_2	2	56	80	50012
45_VI_1	1	45	75	10305
46_SA_1	-2	46	90	154
47_SA_1	-2	47	90	302
230_PR_3	3	40	30	54426
303_LC_4	4	33	60	77425
376_PR_5	5	36	75	41489
304_VI_4	4	34	120	1918
231_SA_3	3	41	80	1541
49_SA_1	-2	48	60	2758
306_SA_4	-5	35	270	2744
305_PR_4	-5	36	25	1896
377_PR_5	5	37	30	1833
157_SA_2	-3	57	150	1594
48_SA_1	-2	49	60	2942
232_PR_3	3	42	120	1721
307_SA_4	4	37	120	35715
233_SA_3	3	43	40	63533
378_PR_5	5	38	30	42414
234_LC_3	3	44	60	1900
235_LC_3	-4	45	120	668
379_LC_5	5	39	60	68506
50_LC_1	1	50	80	59265
158_PR_2	2	58	85	3619
236_VI_3	-4	46	90	120
308_PR_4	4	38	30	23393
237_PR_3	3	47	70	60814
159_SA_2	2	59	55	2340
51_SA_1	-2	51	90	3998
160_PR_2	2	60	60	80213
309_PR_4	4	39	60	50755
310_PR_4	4	40	120	54745
161_LC_2	2	61	180	38231
238_SA_3	3	48	60	5855
162_SA_2	2	62	1	6548
239_SA_3	3	49	180	47101
52_PR_1	1	52	30	3883
240_PR_3	3	50	60	4595
53_NU_1	1	53	90	78111
311_PR_4	4	41	60	72919
241_SA_3	3	51	20	61896
55_LC_1	-2	54	60	1834
54_LC_1	-2	55	60	1674
312_PR_4	4	42	50	69937
56_LC_1	-2	56	150	144
313_PR_4	-5	43	50	2712
163_PR_2	-3	63	120	3622
164_NU_2	2	64	90	2051
314_SA_4	4	44	20	1733
380_LC_5	5	40	234	2979
59_SA_1	1	57	60	6613
57_SA_1	1	58	60	5432
58_SA_1	1	59	60	5144
165_SA_2	2	65	120	62361
60_LC_1	1	60	90	5226
167_SA_2	2	66	60	63860
64_SA_1	1	61	10	59043
62_SA_1	1	62	150	32665
61_SA_1	1	63	30	29407
166_SA_2	2	67	40	54711
65_SA_1	1	64	30	50712
63_SA_1	1	65	75	55435
381_SA_5	5	41	60	42648
242_LC_3	3	52	40	42950
315_SA_4	4	45	180	2673
316_NU_4	4	46	60	11983
66_PR_1	1	66	75	329
168_SA_2	-3	68	60	1508
67_SA_1	-2	67	60	668
317_LC_4	4	47	45	63291
243_SA_3	-4	53	120	1402
318_SA_4	4	48	240	1131
68_SA_1	-2	68	120	274
69_VI_1	1	69	60	36029
382_PR_5	5	42	30	2777
319_PR_4	4	49	90	2285
71_PR_1	1	70	520	19395
70_SA_1	1	71	180	26668
170_SA_2	2	69	120	13276
244_SA_3	3	54	80	9335
169_LC_2	2	70	135	11434
171_PR_2	2	71	65	7832
172_NU_2	2	72	60	56837
321_SA_4	4	50	240	34741
383_SA_5	5	43	240	71638
73_PR_1	1	72	120	54084
72_SA_1	1	73	195	34155
320_SA_4	4	51	120	66301
322_SA_4	4	52	90	57358
245_SA_3	-4	55	160	344
384_SA_5	-6	44	240	684
323_SA_4	4	53	120	374
246_LC_3	3	56	100	3771
247_SA_3	3	57	90	71524
74_SA_1	-2	74	60	426
75_SA_1	1	75	75	41453
174_SA_2	2	73	360	56736
173_SA_2	2	74	55	49422
175_SA_2	2	75	90	64473
385_SA_5	5	45	60	78571
248_SA_3	-4	58	60	4364
176_SA_2	-3	76	90	692
177_PR_2	2	77	50	114
249_SA_3	3	59	75	46177
76_SA_1	-2	76	100	576
250_SA_3	3	60	60	43458
77_SA_1	1	77	120	47795
178_NU_2	-3	78	20	316
324_SA_4	4	54	130	29226
325_PR_4	4	55	180	6736
386_SA_5	5	46	90	47862
179_PR_2	2	79	100	57551
251_PR_3	3	61	60	5363
180_LC_2	2	80	60	40629
326_SA_4	4	56	1	866
78_SA_1	-2	78	60	2294
79_SA_1	-2	79	100	1894
181_LC_2	-3	81	120	1506
252_SA_3	3	62	55	1139
387_SA_5	5	47	90	39606
80_SA_1	1	80	90	32056
81_SA_1	1	81	60	12857
388_SA_5	-6	48	60	856
389_SA_5	5	49	90	46282
253_SA_3	3	63	60	54335
82_VI_1	1	82	30	10770
390_LC_5	5	50	180	3899
255_PR_3	3	64	150	56952
254_PR_3	3	65	60	63956
256_PR_3	-4	66	90	2244
257_SA_3	-4	67	5	2444
258_SA_3	3	68	120	1542
83_SA_1	-2	83	240	3870
327_SA_4	4	57	120	23001
84_LC_1	1	84	15	71972
85_PR_1	-2	85	70	188
86_PR_1	1	86	90	32323
259_SA_3	-4	69	110	372
260_SA_3	-4	70	120	428
261_SA_3	3	71	90	4872
87_SA_1	1	87	60	2038
262_SA_3	3	72	120	1621
88_LC_1	1	88	120	34814
328_LC_4	4	58	120	51744
329_LC_4	4	59	90	46222
182_LC_2	2	82	60	54147
183_NU_2	2	83	20	211
263_SA_3	3	73	60	55200
184_SA_2	2	84	15	77250
185_SA_2	2	85	35	53376
331_SA_4	4	60	160	49592
330_SA_4	4	61	120	68470
264_SA_3	3	74	65	45170
186_PR_2	-3	86	120	386
187_SA_2	2	87	210	70419
89_PR_1	1	89	70	45623
90_SA_1	-2	90	90	138
391_LC_5	5	51	75	53019
393_PR_5	5	52	150	65846
91_PR_1	1	91	120	85641
392_PR_5	5	53	35	53340
188_VI_2	-3	88	100	226
332_PR_4	4	62	120	1354
265_PR_3	3	75	100	68025
92_SA_1	1	92	60	56906
333_VI_4	4	63	90	53382
394_PR_5	5	54	75	42504
93_SA_1	-2	93	90	4038
94_NU_1	1	94	160	44549
95_SA_1	-2	95	140	612
334_SA_4	4	64	30	957
96_VI_1	1	96	50	59219
98_PR_1	1	97	10	53846
97_PR_1	1	98	20	27789
335_SA_4	4	65	30	10541
266_SA_3	3	76	80	3646
99_SA_1	-2	99	75	110
267_NU_3	3	77	50	7034
336_VI_4	-5	66	240	1016
337_PR_4	4	67	1	1991
395_SA_5	-6	55	90	322
338_SA_4	-5	68	60	270
396_SA_5	5	56	60	41248
397_SA_5	5	57	10	52132
268_SA_3	-4	78	90	1894
398_NU_5	5	58	150	7462
340_SA_4	4	69	60	5286
339_SA_4	4	70	140	7954
189_PR_2	2	89	80	3852
399_SA_5	5	59	60	42411
190_SA_2	2	90	30	61837
100_PR_1	1	100	60	3580
269_SA_3	3	79	40	215496
400_PR_5	5	60	45	42937
270_PR_3	3	80	75	18807
