#Nombre	DiaAten	ModelId		T.Servicio	Penalty
191_PR_3	3	1	60	1821
101_PR_2	2	1	60	2392
1_PR_1	-2	1	90	966
341_SA_5	5	1	70	1587
102_SA_2	2	2	120	4088
2_SA_1	1	2	90	47550
103_SA_2	2	3	120	48357
104_LC_2	-3	4	120	838
271_PR_4	4	1	60	25036
105_LC_2	2	5	200	54258
342_PR_5	-6	2	60	1066
192_PR_3	3	2	130	3714
193_LC_3	3	3	70	1993
272_LC_4	4	2	130	39059
273_LC_4	-5	3	90	2550
343_LC_5	5	3	45	46415
274_SA_4	4	4	60	52556
3_SA_1	1	3	75	40242
106_NU_2	2	6	75	51803
107_PR_2	2	7	30	46202
344_LC_5	5	4	120	62722
108_LC_2	2	8	10	48315
345_SA_5	-6	5	150	574
194_PR_3	3	4	20	58811
4_LC_1	1	4	120	2227
195_SA_3	3	5	150	3063
5_SA_1	1	5	90	29375
197_SA_3	3	6	120	61543
346_LC_5	5	6	70	59577
199_SA_3	3	7	80	52941
196_PR_3	3	8	45	36460
198_SA_3	3	9	60	38661
6_SA_1	1	6	30	7227
200_SA_3	3	10	60	5761
201_LC_3	3	11	270	7136
347_SA_5	5	7	20	49553
7_SA_1	1	7	290	65877
202_SA_3	3	12	180	30440
8_SA_1	1	8	60	30470
110_SA_2	2	9	120	64243
111_SA_2	2	10	120	52187
112_SA_2	2	11	60	46787
109_SA_2	2	12	110	54140
114_SA_2	2	13	60	43433
113_SA_2	2	14	60	41752
203_SA_3	3	13	45	46174
115_PR_2	2	15	90	61251
348_SA_5	5	8	60	4977
349_SA_5	5	9	15	6691
9_SA_1	-2	9	360	1680
10_SA_1	1	10	60	747
13_SA_1	-2	11	60	1126
14_SA_1	-2	12	90	1340
350_SA_5	-6	10	180	946
12_SA_1	-2	13	75	1398
204_SA_3	3	14	80	441
205_SA_3	-4	15	60	1494
352_PR_5	-6	11	70	1074
11_SA_1	-2	14	120	1012
275_SA_4	-5	5	90	1012
276_SA_4	-5	6	60	1168
277_SA_4	-5	7	120	704
120_SA_2	-3	16	55	1394
279_SA_4	-5	8	300	1400
280_NU_4	-5	9	60	1716
119_SA_2	2	17	60	668
124_SA_2	2	18	30	790
121_LC_2	-3	19	45	1308
122_SA_2	2	20	50	668
351_SA_5	-6	12	60	1132
118_SA_2	-3	21	120	1136
278_PR_4	-5	10	150	1088
116_SA_2	-3	22	60	1302
117_SA_2	-3	23	140	1496
123_SA_2	-3	24	50	1336
15_SA_1	1	15	240	60182
125_SA_2	2	25	60	25180
281_PR_4	4	11	70	57098
282_LC_4	4	12	90	11625
127_PR_2	2	26	80	108196
206_PR_3	3	16	35	70185
126_PR_2	2	27	180	150438
353_SA_5	-6	13	5	398
354_PR_5	5	14	30	62421
16_SA_1	-2	16	110	644
207_SA_3	3	17	50	363
128_SA_2	-3	28	120	402
17_NU_1	-2	17	180	2294
129_NU_2	-3	29	120	2154
283_SA_4	4	13	180	1526
355_LC_5	5	15	150	1344
130_SA_2	-3	30	90	3262
356_SA_5	-6	16	150	792
131_PR_2	2	31	215	41690
18_SA_1	-2	18	90	2294
208_SA_3	3	18	90	1383
209_SA_3	-4	19	45	2130
132_SA_2	2	32	20	1598
19_SA_1	1	19	180	101928
210_SA_3	3	20	180	138856
284_SA_4	4	14	240	72935
134_SA_2	2	33	60	34698
133_SA_2	2	34	90	36403
357_SA_5	5	17	60	50183
285_SA_4	4	15	60	45854
135_SA_2	2	35	60	52572
20_SA_1	1	20	60	58329
136_LC_2	2	36	30	388
286_PR_4	4	16	60	51133
360_LC_5	5	18	10	39677
358_PR_5	5	19	70	72385
137_PR_2	2	37	150	64534
359_LC_5	5	20	10	62784
361_SA_5	5	21	10	67639
21_NU_1	1	21	90	17861
211_NU_3	3	21	40	22381
362_PR_5	5	22	240	38949
22_PR_1	1	22	60	38515
213_LC_3	3	22	90	58321
139_PR_2	2	38	60	39472
140_SA_2	2	39	50	48353
288_SA_4	4	17	60	41974
287_PR_4	4	18	90	45288
212_SA_3	3	23	40	60131
138_VI_2	2	40	90	63954
363_VI_5	5	23	10	2564
214_VI_3	3	24	25	2317
215_PR_3	3	25	45	42543
23_SA_1	1	23	90	61151
24_PR_1	1	24	100	8840
289_LC_4	4	19	110	29227
25_PR_1	1	25	90	7614
141_NU_2	-3	41	150	696
26_NU_1	-2	26	420	768
27_LC_1	1	27	180	2363
216_SA_3	3	26	80	21383
28_SA_1	-2	28	30	800
29_SA_1	1	29	60	55402
364_PR_5	-6	24	1	2428
217_SA_3	3	27	150	1207
365_SA_5	-6	25	120	1838
290_SA_4	-5	20	60	1482
291_SA_4	4	21	150	2376
292_PR_4	4	22	50	2546
293_PR_4	4	23	165	2006
294_SA_4	4	24	90	32132
142_LC_2	2	42	50	4805
218_SA_3	3	28	120	3376
219_SA_3	3	29	90	3638
143_SA_2	-3	43	180	6494
144_SA_2	2	44	90	362
145_LC_2	-3	45	60	404
146_SA_2	-3	46	165	336
147_LC_2	-3	47	30	356
220_PR_3	-4	30	60	408
30_PR_1	1	30	60	10995
295_LC_4	-5	25	60	190
366_SA_5	5	26	20	8886
32_SA_1	1	31	90	21473
31_SA_1	1	32	90	14242
367_PR_5	5	27	15	46461
33_LC_1	1	33	150	4802
221_PR_3	3	31	35	42509
296_SA_4	4	26	90	37450
222_PR_3	3	32	60	59324
223_PR_3	3	33	40	25326
224_PR_3	-4	34	50	6444
34_LC_1	1	34	80	59147
148_SA_2	2	48	90	8319
368_PR_5	5	28	5	12685
369_SA_5	5	29	120	53453
370_SA_5	5	30	140	36814
225_SA_3	-4	35	80	766
35_SA_1	-2	35	105	482
297_SA_4	-5	27	100	2520
36_LC_1	1	36	60	79032
298_PR_4	-5	28	120	556
150_SA_2	-3	49	120	3388
149_SA_2	-3	50	235	3014
151_SA_2	2	51	120	80242
38_PR_1	1	37	80	37154
371_PR_5	5	31	30	59947
37_PR_1	1	38	60	55357
39_LC_1	-2	39	90	8292
226_PR_3	3	36	65	61786
372_LC_5	5	32	60	43092
227_LC_3	3	37	120	3272
40_SA_1	1	40	60	2489
228_SA_3	3	38	100	41921
152_LC_2	2	52	1	1844
41_LC_1	1	41	120	2983
42_PR_1	-2	42	60	6508
299_LC_4	-5	29	60	602
43_SA_1	1	43	207	5750
300_SA_4	4	30	105	43910
301_SA_4	-5	31	75	918
44_PR_1	1	44	25	1236
153_PR_2	2	53	230	45277
302_SA_4	4	32	90	60515
373_SA_5	5	33	60	2457
154_PR_2	2	54	170	47066
374_PR_5	5	34	105	49224
155_SA_2	2	55	240	60765
375_PR_5	5	35	170	45045
229_SA_3	3	39	60	551
156_PR_2	2	56	80	47832
45_VI_1	1	45	75	11984
46_SA_1	1	46	90	62
47_SA_1	-2	47	90	164
230_PR_3	3	40	30	23410
303_LC_4	4	33	60	60652
376_PR_5	5	36	75	61426
304_VI_4	-5	34	120	2130
231_SA_3	3	41	80	1584
49_SA_1	1	48	60	2040
306_SA_4	-5	35	270	2326
305_PR_4	-5	36	25	2222
377_PR_5	5	37	30	1186
157_SA_2	2	57	150	1522
48_SA_1	-2	49	60	3186
232_PR_3	-4	42	120	2898
307_SA_4	4	37	120	39628
233_SA_3	3	43	40	51838
378_PR_5	5	38	30	42524
234_LC_3	3	44	60	2504
235_LC_3	-4	45	120	628
379_LC_5	5	39	60	64845
50_LC_1	1	50	80	49520
158_PR_2	-3	58	85	3926
236_VI_3	3	46	90	126
308_PR_4	4	38	30	62369
237_PR_3	3	47	70	45659
159_SA_2	-3	59	55	4556
51_SA_1	-2	51	90	5540
160_PR_2	2	60	60	37440
309_PR_4	4	39	60	59870
310_PR_4	4	40	120	63003
161_LC_2	2	61	180	59329
238_SA_3	3	48	60	6137
162_SA_2	2	62	1	5121
239_SA_3	3	49	180	46820
52_PR_1	1	52	30	4601
240_PR_3	3	50	60	3905
53_NU_1	1	53	90	43523
311_PR_4	4	41	60	51305
241_SA_3	3	51	20	43853
55_LC_1	-2	54	60	2976
54_LC_1	-2	55	60	2294
312_PR_4	4	42	50	201016
56_LC_1	-2	56	150	146
313_PR_4	-5	43	50	2778
163_PR_2	-3	63	120	3146
164_NU_2	-3	64	90	3458
314_SA_4	4	44	20	1676
380_LC_5	5	40	234	4983
59_SA_1	1	57	60	4737
57_SA_1	1	58	60	4734
58_SA_1	1	59	60	5356
165_SA_2	2	65	120	49534
60_LC_1	1	60	90	5573
167_SA_2	2	66	60	44993
64_SA_1	1	61	10	44355
62_SA_1	1	62	150	66582
61_SA_1	1	63	30	63652
166_SA_2	2	67	40	53842
65_SA_1	1	64	30	46209
63_SA_1	1	65	75	25201
381_SA_5	5	41	60	44820
242_LC_3	3	52	40	71556
315_SA_4	4	45	180	2252
316_NU_4	4	46	60	8133
66_PR_1	-2	66	75	728
168_SA_2	-3	68	60	1738
67_SA_1	-2	67	60	288
317_LC_4	4	47	45	49978
243_SA_3	-4	53	120	2752
318_SA_4	-5	48	240	2604
68_SA_1	-2	68	120	278
69_VI_1	1	69	60	64823
382_PR_5	5	42	30	3193
319_PR_4	4	49	90	2342
71_PR_1	1	70	520	17158
70_SA_1	1	71	180	24521
170_SA_2	2	69	120	11561
244_SA_3	3	54	80	17804
169_LC_2	2	70	135	14803
171_PR_2	2	71	65	7752
172_NU_2	2	72	60	45452
321_SA_4	4	50	240	44388
383_SA_5	5	43	240	47001
73_PR_1	1	72	120	56513
72_SA_1	1	73	195	62216
320_SA_4	4	51	120	34094
322_SA_4	4	52	90	51102
245_SA_3	-4	55	160	622
384_SA_5	-6	44	240	478
323_SA_4	-5	53	120	984
246_LC_3	3	56	100	3602
247_SA_3	3	57	90	41832
74_SA_1	1	74	60	203
75_SA_1	1	75	75	59223
174_SA_2	2	73	360	59941
173_SA_2	2	74	55	48061
175_SA_2	2	75	90	46913
385_SA_5	5	45	60	41648
248_SA_3	-4	58	60	3380
176_SA_2	-3	76	90	1972
177_PR_2	-3	77	50	272
249_SA_3	3	59	75	48054
76_SA_1	-2	76	100	354
250_SA_3	3	60	60	50867
77_SA_1	1	77	120	34297
178_NU_2	2	78	20	252
324_SA_4	4	54	130	46774
325_PR_4	4	55	180	5420
386_SA_5	5	46	90	60008
179_PR_2	2	79	100	37791
251_PR_3	3	61	60	5958
180_LC_2	2	80	60	46093
326_SA_4	4	56	1	1187
78_SA_1	-2	78	60	1498
79_SA_1	1	79	100	968
181_LC_2	2	81	120	909
252_SA_3	-4	62	55	2096
387_SA_5	5	47	90	66023
80_SA_1	1	80	90	56774
81_SA_1	1	81	60	8611
388_SA_5	5	48	60	2043
389_SA_5	5	49	90	61463
253_SA_3	3	63	60	51195
82_VI_1	1	82	30	14560
390_LC_5	5	50	180	5079
255_PR_3	3	64	150	49960
254_PR_3	3	65	60	39633
256_PR_3	-4	66	90	2168
257_SA_3	3	67	5	1714
258_SA_3	3	68	120	2074
83_SA_1	-2	83	240	4530
327_SA_4	4	57	120	18585
84_LC_1	1	84	15	51123
85_PR_1	-2	85	70	202
86_PR_1	1	86	90	62879
259_SA_3	-4	69	110	350
260_SA_3	-4	70	120	258
261_SA_3	3	71	90	5403
87_SA_1	-2	87	60	3080
262_SA_3	-4	72	120	2552
88_LC_1	1	88	120	34402
328_LC_4	4	58	120	71924
329_LC_4	4	59	90	62389
182_LC_2	2	82	60	41375
183_NU_2	-3	83	20	1044
263_SA_3	3	73	60	54257
184_SA_2	2	84	15	48811
185_SA_2	2	85	35	39594
331_SA_4	4	60	160	30597
330_SA_4	4	61	120	55368
264_SA_3	3	74	65	51086
186_PR_2	-3	86	120	396
187_SA_2	2	87	210	63370
89_PR_1	1	89	70	63858
90_SA_1	-2	90	90	140
391_LC_5	5	51	75	43165
393_PR_5	5	52	150	39554
91_PR_1	1	91	120	60496
392_PR_5	5	53	35	58818
188_VI_2	-3	88	100	156
332_PR_4	4	62	120	1628
265_PR_3	3	75	100	54996
92_SA_1	1	92	60	51185
333_VI_4	4	63	90	50108
394_PR_5	5	54	75	61427
93_SA_1	1	93	90	2299
94_NU_1	1	94	160	46694
95_SA_1	-2	95	140	962
334_SA_4	-5	64	30	672
96_VI_1	1	96	50	35840
98_PR_1	1	97	10	56500
97_PR_1	1	98	20	56725
335_SA_4	4	65	30	11703
266_SA_3	3	76	80	4836
99_SA_1	-2	99	75	162
267_NU_3	3	77	50	8799
336_VI_4	-5	66	240	898
337_PR_4	4	67	1	3472
395_SA_5	-6	55	90	206
338_SA_4	-5	68	60	316
396_SA_5	5	56	60	60164
397_SA_5	5	57	10	28353
268_SA_3	-4	78	90	2102
398_NU_5	5	58	150	8143
340_SA_4	4	69	60	7437
339_SA_4	4	70	140	8016
189_PR_2	2	89	80	6176
399_SA_5	5	59	60	62135
190_SA_2	2	90	30	55934
100_PR_1	1	100	60	5516
269_SA_3	3	79	40	239284
400_PR_5	5	60	45	46970
270_PR_3	3	80	75	12697
