#Nombre	DiaAten	ModelId		T.Servicio	Penalty
191_PR_3	3	1	60	93
101_PR_2	-3	1	60	186
1_PR_1	-2	1	90	400
341_SA_5	5	1	70	1088
102_SA_2	-3	2	120	2240
2_SA_1	-2	2	90	2454
103_SA_2	2	3	120	1380
104_LC_2	2	4	120	1569
271_PR_4	4	1	60	1593
105_LC_2	-3	5	200	3254
342_PR_5	5	2	60	1635
192_PR_3	-4	2	130	3486
193_LC_3	3	3	70	1861
272_LC_4	4	2	130	1891
273_LC_4	4	3	90	1962
343_LC_5	5	3	45	2328
274_SA_4	4	4	60	2579
3_SA_1	-2	3	75	5184
106_NU_2	-3	6	75	5322
107_PR_2	-3	7	30	5762
344_LC_5	5	4	120	2933
108_LC_2	2	8	10	2933
345_SA_5	5	5	150	3018
194_PR_3	-4	4	20	6370
4_LC_1	-2	4	120	6388
195_SA_3	-4	5	150	6490
5_SA_1	-2	5	90	6646
197_SA_3	-4	6	120	6646
346_LC_5	5	6	70	3323
199_SA_3	3	7	80	3323
196_PR_3	-4	8	45	6646
198_SA_3	3	9	60	3323
6_SA_1	1	6	30	3382
200_SA_3	3	10	60	3382
201_LC_3	-4	11	270	6764
347_SA_5	5	7	20	3414
7_SA_1	1	7	290	3449
202_SA_3	3	12	180	3449
8_SA_1	1	8	60	3449
110_SA_2	-3	9	120	6898
111_SA_2	-3	10	120	6898
112_SA_2	2	11	60	3449
109_SA_2	-3	12	110	6898
114_SA_2	-3	13	60	6898
113_SA_2	2	14	60	3449
203_SA_3	3	13	45	3449
115_PR_2	-3	15	90	6906
348_SA_5	5	8	60	3582
349_SA_5	5	9	15	3582
9_SA_1	-2	9	360	7230
10_SA_1	1	10	60	3615
13_SA_1	-2	11	60	7230
14_SA_1	-2	12	90	7230
350_SA_5	5	10	180	3615
12_SA_1	-2	13	75	7230
204_SA_3	3	14	80	3615
205_SA_3	3	15	60	3615
352_PR_5	5	11	70	3615
11_SA_1	-2	14	120	7230
275_SA_4	4	5	90	3615
276_SA_4	-5	6	60	7230
277_SA_4	-5	7	120	7230
120_SA_2	-3	16	55	7230
279_SA_4	-5	8	300	7230
280_NU_4	4	9	60	3615
119_SA_2	-3	17	60	7230
124_SA_2	2	18	30	3615
121_LC_2	2	19	45	3615
122_SA_2	2	20	50	3615
351_SA_5	5	12	60	3615
118_SA_2	-3	21	120	7230
278_PR_4	-5	10	150	7230
116_SA_2	2	22	60	3615
117_SA_2	-3	23	140	7230
123_SA_2	2	24	50	3615
15_SA_1	1	15	240	3723
125_SA_2	2	25	60	3814
281_PR_4	4	11	70	3814
282_LC_4	4	12	90	3915
127_PR_2	-3	26	80	7864
206_PR_3	-4	16	35	7864
126_PR_2	-3	27	180	7864
353_SA_5	5	13	5	3949
354_PR_5	5	14	30	4131
16_SA_1	1	16	110	4156
207_SA_3	3	17	50	4156
128_SA_2	-3	28	120	8474
17_NU_1	1	17	180	4254
129_NU_2	-3	29	120	8508
283_SA_4	-5	13	180	8860
355_LC_5	5	15	150	4455
130_SA_2	2	30	90	4455
356_SA_5	5	16	150	4494
131_PR_2	-3	31	215	9064
18_SA_1	-2	18	90	9106
208_SA_3	3	18	90	4553
209_SA_3	3	19	45	4553
132_SA_2	-3	32	20	9106
19_SA_1	1	19	180	4743
210_SA_3	3	20	180	4743
284_SA_4	-5	14	240	9486
134_SA_2	-3	33	60	9754
133_SA_2	-3	34	90	9754
357_SA_5	5	17	60	4877
285_SA_4	4	15	60	4998
135_SA_2	2	35	60	5076
20_SA_1	1	20	60	5076
136_LC_2	2	36	30	5096
286_PR_4	4	16	60	5334
360_LC_5	5	18	10	5334
358_PR_5	5	19	70	5334
137_PR_2	2	37	150	5334
359_LC_5	5	20	10	5334
361_SA_5	5	21	10	5334
21_NU_1	-2	21	90	11090
211_NU_3	-4	21	40	11090
362_PR_5	5	22	240	5760
22_PR_1	1	22	60	6047
213_LC_3	3	22	90	6047
139_PR_2	2	38	60	6047
140_SA_2	2	39	50	6047
288_SA_4	4	17	60	6047
287_PR_4	4	18	90	6047
212_SA_3	3	23	40	6047
138_VI_2	2	40	90	6047
363_VI_5	5	23	10	6070
214_VI_3	3	24	25	6070
215_PR_3	3	25	45	6165
23_SA_1	1	23	90	6206
24_PR_1	1	24	100	6233
289_LC_4	4	19	110	6340
25_PR_1	1	25	90	6426
141_NU_2	2	41	150	6558
26_NU_1	-2	26	420	13116
27_LC_1	1	27	180	6563
216_SA_3	3	26	80	6677
28_SA_1	1	28	30	6696
29_SA_1	-2	29	60	13396
364_PR_5	5	24	1	6770
217_SA_3	3	27	150	6774
365_SA_5	5	25	120	6774
290_SA_4	4	20	60	6774
291_SA_4	4	21	150	6893
292_PR_4	4	22	50	6957
293_PR_4	4	23	165	6957
294_SA_4	4	24	90	6990
142_LC_2	2	42	50	7066
218_SA_3	3	28	120	7161
219_SA_3	3	29	90	7161
143_SA_2	2	43	180	7161
144_SA_2	2	44	90	7188
145_LC_2	-3	45	60	14396
146_SA_2	2	46	165	7198
147_LC_2	2	47	30	7198
220_PR_3	3	30	60	7198
30_PR_1	1	30	60	7224
295_LC_4	4	25	60	7232
366_SA_5	5	26	20	7414
32_SA_1	1	31	90	7501
31_SA_1	1	32	90	7501
367_PR_5	5	27	15	7508
33_LC_1	-2	33	150	15034
221_PR_3	3	31	35	7647
296_SA_4	4	26	90	7763
222_PR_3	3	32	60	7811
223_PR_3	-4	33	40	15720
224_PR_3	3	34	50	7893
34_LC_1	1	34	80	8018
148_SA_2	2	48	90	8111
368_PR_5	5	28	5	8151
369_SA_5	5	29	120	8244
370_SA_5	5	30	140	8244
225_SA_3	3	35	80	8282
35_SA_1	-2	35	105	16564
297_SA_4	4	27	100	8390
36_LC_1	1	36	60	8420
298_PR_4	4	28	120	8436
150_SA_2	2	49	120	8516
149_SA_2	2	50	235	8516
151_SA_2	2	51	120	8605
38_PR_1	1	37	80	8695
371_PR_5	5	31	30	8695
37_PR_1	1	38	60	8695
39_LC_1	1	39	90	8956
226_PR_3	3	36	65	8990
372_LC_5	5	32	60	9006
227_LC_3	3	37	120	9201
40_SA_1	1	40	60	9340
228_SA_3	3	38	100	9367
152_LC_2	2	52	1	9377
41_LC_1	1	41	120	9503
42_PR_1	1	42	60	9503
299_LC_4	4	29	60	9520
43_SA_1	1	43	207	9705
300_SA_4	4	30	105	9744
301_SA_4	4	31	75	9746
44_PR_1	1	44	25	9923
153_PR_2	2	53	230	9956
302_SA_4	4	32	90	9998
373_SA_5	5	33	60	10149
154_PR_2	2	54	170	10428
374_PR_5	5	34	105	10428
155_SA_2	2	55	240	10446
375_PR_5	5	35	170	10487
229_SA_3	3	39	60	10562
156_PR_2	2	56	80	10642
45_VI_1	1	45	75	10663
46_SA_1	1	46	90	10717
47_SA_1	1	47	90	10717
230_PR_3	3	40	30	10749
303_LC_4	4	33	60	10797
376_PR_5	5	36	75	10985
304_VI_4	4	34	120	11000
231_SA_3	3	41	80	11000
49_SA_1	1	48	60	11000
306_SA_4	4	35	270	11000
305_PR_4	4	36	25	11000
377_PR_5	5	37	30	11000
157_SA_2	2	57	150	11000
48_SA_1	1	49	60	11000
232_PR_3	-4	42	120	22000
307_SA_4	4	37	120	11023
233_SA_3	3	43	40	11024
378_PR_5	5	38	30	11040
234_LC_3	-4	44	60	22114
235_LC_3	3	45	120	11140
379_LC_5	5	39	60	11144
50_LC_1	1	50	80	11152
158_PR_2	2	58	85	11172
236_VI_3	3	46	90	11223
308_PR_4	4	38	30	11329
237_PR_3	3	47	70	11329
159_SA_2	2	59	55	11342
51_SA_1	1	51	90	11342
160_PR_2	2	60	60	11386
309_PR_4	4	39	60	11435
310_PR_4	4	40	120	11435
161_LC_2	2	61	180	11448
238_SA_3	3	48	60	11488
162_SA_2	2	62	1	11515
239_SA_3	3	49	180	11529
52_PR_1	1	52	30	11594
240_PR_3	3	50	60	11594
53_NU_1	1	53	90	11612
311_PR_4	4	41	60	11814
241_SA_3	3	51	20	11887
55_LC_1	1	54	60	11972
54_LC_1	1	55	60	11972
312_PR_4	4	42	50	12155
56_LC_1	1	56	150	12168
313_PR_4	4	43	50	12184
163_PR_2	2	63	120	12184
164_NU_2	2	64	90	12421
314_SA_4	4	44	20	12471
380_LC_5	5	40	234	12508
59_SA_1	1	57	60	12544
57_SA_1	1	58	60	12544
58_SA_1	1	59	60	12544
165_SA_2	2	65	120	12573
60_LC_1	1	60	90	12618
167_SA_2	2	66	60	12814
64_SA_1	1	61	10	12814
62_SA_1	1	62	150	12814
61_SA_1	1	63	30	12814
166_SA_2	2	67	40	12814
65_SA_1	1	64	30	12814
63_SA_1	1	65	75	12814
381_SA_5	5	41	60	12814
242_LC_3	3	52	40	12849
315_SA_4	4	45	180	12850
316_NU_4	4	46	60	12862
66_PR_1	-2	66	75	25814
168_SA_2	2	68	60	13062
67_SA_1	1	67	60	13069
317_LC_4	4	47	45	13078
243_SA_3	3	53	120	13107
318_SA_4	4	48	240	13107
68_SA_1	1	68	120	13158
69_VI_1	-2	69	60	26364
382_PR_5	5	42	30	13206
319_PR_4	4	49	90	13267
71_PR_1	1	70	520	13285
70_SA_1	1	71	180	13285
170_SA_2	2	69	120	13285
244_SA_3	3	54	80	13285
169_LC_2	2	70	135	13285
171_PR_2	2	71	65	13323
172_NU_2	2	72	60	13374
321_SA_4	4	50	240	13494
383_SA_5	5	43	240	13494
73_PR_1	1	72	120	13494
72_SA_1	1	73	195	13494
320_SA_4	4	51	120	13494
322_SA_4	4	52	90	13494
245_SA_3	3	55	160	13569
384_SA_5	5	44	240	13569
323_SA_4	4	53	120	13569
246_LC_3	3	56	100	13573
247_SA_3	3	57	90	13623
74_SA_1	1	74	60	13791
75_SA_1	1	75	75	13873
174_SA_2	2	73	360	13873
173_SA_2	2	74	55	13873
175_SA_2	2	75	90	13873
385_SA_5	5	45	60	13873
248_SA_3	3	58	60	14008
176_SA_2	2	76	90	14059
177_PR_2	2	77	50	14120
249_SA_3	3	59	75	14142
76_SA_1	1	76	100	14152
250_SA_3	3	60	60	14246
77_SA_1	1	77	120	14246
178_NU_2	2	78	20	14265
324_SA_4	4	54	130	14266
325_PR_4	4	55	180	14314
386_SA_5	5	46	90	14375
179_PR_2	2	79	100	14425
251_PR_3	3	61	60	14477
180_LC_2	2	80	60	14529
326_SA_4	4	56	1	14537
78_SA_1	1	78	60	14537
79_SA_1	1	79	100	14537
181_LC_2	2	81	120	14537
252_SA_3	3	62	55	14537
387_SA_5	5	47	90	14682
80_SA_1	1	80	90	14844
81_SA_1	1	81	60	15079
388_SA_5	5	48	60	15183
389_SA_5	5	49	90	15248
253_SA_3	3	63	60	15248
82_VI_1	1	82	30	15254
390_LC_5	5	50	180	15329
255_PR_3	3	64	150	15349
254_PR_3	3	65	60	15349
256_PR_3	3	66	90	15364
257_SA_3	3	67	5	15420
258_SA_3	3	68	120	15429
83_SA_1	1	83	240	15429
327_SA_4	4	57	120	15471
84_LC_1	1	84	15	15608
85_PR_1	1	85	70	15659
86_PR_1	1	86	90	15778
259_SA_3	3	69	110	15805
260_SA_3	3	70	120	15895
261_SA_3	3	71	90	15952
87_SA_1	1	87	60	16027
262_SA_3	3	72	120	16027
88_LC_1	1	88	120	16101
328_LC_4	4	58	120	16227
329_LC_4	4	59	90	16227
182_LC_2	2	82	60	16417
183_NU_2	2	83	20	16433
263_SA_3	3	73	60	16445
184_SA_2	2	84	15	16445
185_SA_2	2	85	35	16450
331_SA_4	4	60	160	16450
330_SA_4	4	61	120	16450
264_SA_3	3	74	65	16454
186_PR_2	2	86	120	16472
187_SA_2	2	87	210	16494
89_PR_1	1	89	70	16524
90_SA_1	1	90	90	16583
391_LC_5	5	51	75	16619
393_PR_5	5	52	150	16682
91_PR_1	1	91	120	16682
392_PR_5	5	53	35	16682
188_VI_2	2	88	100	16710
332_PR_4	4	62	120	16884
265_PR_3	3	75	100	17134
92_SA_1	1	92	60	17141
333_VI_4	4	63	90	17379
394_PR_5	5	54	75	17691
93_SA_1	1	93	90	17848
94_NU_1	1	94	160	17906
95_SA_1	1	95	140	18000
334_SA_4	4	64	30	18495
96_VI_1	1	96	50	18545
98_PR_1	1	97	10	18550
97_PR_1	1	98	20	18550
335_SA_4	4	65	30	18853
266_SA_3	3	76	80	19779
99_SA_1	1	99	75	19919
267_NU_3	3	77	50	20294
336_VI_4	4	66	240	20754
337_PR_4	4	67	1	20809
395_SA_5	5	55	90	20998
338_SA_4	4	68	60	20998
396_SA_5	5	56	60	21047
397_SA_5	5	57	10	21047
268_SA_3	3	78	90	21492
398_NU_5	5	58	150	21696
340_SA_4	4	69	60	21696
339_SA_4	4	70	140	21696
189_PR_2	2	89	80	21696
399_SA_5	5	59	60	22986
190_SA_2	2	90	30	22986
100_PR_1	1	100	60	23351
269_SA_3	3	79	40	23640
400_PR_5	5	60	45	23899
270_PR_3	3	80	75	24049
