#Nombre	DiaAten	ModelId		T.Servicio	Penalty
191_PR_3	-4	1	60	1988
101_PR_2	-3	1	60	1988
1_PR_1	-2	1	90	2474
341_SA_5	5	1	70	1247
102_SA_2	-3	2	120	4576
2_SA_1	-2	2	90	4890
103_SA_2	2	3	120	2582
104_LC_2	-3	4	120	6002
271_PR_4	4	1	60	3657
105_LC_2	-3	5	200	7334
342_PR_5	5	2	60	3879
192_PR_3	3	2	130	4032
193_LC_3	-4	3	70	8144
272_LC_4	4	2	130	4148
273_LC_4	4	3	90	4552
343_LC_5	5	3	45	5010
274_SA_4	4	4	60	5206
3_SA_1	1	3	75	5395
106_NU_2	2	6	75	5802
107_PR_2	2	7	30	5867
344_LC_5	5	4	120	6376
108_LC_2	2	8	10	6376
345_SA_5	5	5	150	6822
194_PR_3	3	4	20	7450
4_LC_1	1	4	120	7654
195_SA_3	3	5	150	7663
5_SA_1	1	5	90	7692
197_SA_3	3	6	120	7692
346_LC_5	5	6	70	7692
199_SA_3	3	7	80	7692
196_PR_3	3	8	45	7692
198_SA_3	3	9	60	7692
6_SA_1	1	6	30	7847
200_SA_3	3	10	60	7847
201_LC_3	-4	11	270	15694
347_SA_5	5	7	20	7907
7_SA_1	-2	7	290	16144
202_SA_3	3	12	180	8072
8_SA_1	1	8	60	8072
110_SA_2	2	9	120	8072
111_SA_2	2	10	120	8072
112_SA_2	2	11	60	8072
109_SA_2	-3	12	110	16144
114_SA_2	-3	13	60	16144
113_SA_2	-3	14	60	16144
203_SA_3	3	13	45	8072
115_PR_2	2	15	90	8164
348_SA_5	5	8	60	8195
349_SA_5	5	9	15	8195
9_SA_1	-2	9	360	17050
10_SA_1	1	10	60	8525
13_SA_1	1	11	60	8525
14_SA_1	1	12	90	8525
350_SA_5	5	10	180	8525
12_SA_1	1	13	75	8525
204_SA_3	3	14	80	8525
205_SA_3	3	15	60	8525
352_PR_5	5	11	70	8525
11_SA_1	-2	14	120	17050
275_SA_4	4	5	90	8525
276_SA_4	4	6	60	8525
277_SA_4	4	7	120	8525
120_SA_2	-3	16	55	17050
279_SA_4	4	8	300	8525
280_NU_4	4	9	60	8525
119_SA_2	-3	17	60	17050
124_SA_2	2	18	30	8525
121_LC_2	2	19	45	8525
122_SA_2	2	20	50	8525
351_SA_5	5	12	60	8525
118_SA_2	2	21	120	8525
278_PR_4	4	10	150	8525
116_SA_2	2	22	60	8525
117_SA_2	2	23	140	8525
123_SA_2	2	24	50	8525
15_SA_1	-2	15	240	17072
125_SA_2	2	25	60	8883
281_PR_4	4	11	70	8883
282_LC_4	4	12	90	8889
127_PR_2	-3	26	80	18088
206_PR_3	3	16	35	9044
126_PR_2	2	27	180	9044
353_SA_5	5	13	5	9070
354_PR_5	5	14	30	9621
16_SA_1	1	16	110	10017
207_SA_3	3	17	50	10017
128_SA_2	2	28	120	10061
17_NU_1	1	17	180	10134
129_NU_2	2	29	120	10134
283_SA_4	4	13	180	10163
355_LC_5	5	15	150	10350
130_SA_2	2	30	90	10350
356_SA_5	5	16	150	10504
131_PR_2	-3	31	215	21038
18_SA_1	1	18	90	10630
208_SA_3	3	18	90	10630
209_SA_3	3	19	45	10630
132_SA_2	2	32	20	10630
19_SA_1	1	19	180	10934
210_SA_3	3	20	180	10934
284_SA_4	4	14	240	10934
134_SA_2	2	33	60	11008
133_SA_2	2	34	90	11008
357_SA_5	5	17	60	11008
285_SA_4	4	15	60	11020
135_SA_2	2	35	60	11124
20_SA_1	1	20	60	11124
136_LC_2	2	36	30	11341
286_PR_4	4	16	60	11409
360_LC_5	5	18	10	11409
358_PR_5	5	19	70	11409
137_PR_2	2	37	150	11409
359_LC_5	5	20	10	11409
361_SA_5	5	21	10	11409
21_NU_1	1	21	90	11594
211_NU_3	3	21	40	11594
362_PR_5	5	22	240	11841
22_PR_1	1	22	60	12001
213_LC_3	3	22	90	12001
139_PR_2	2	38	60	12001
140_SA_2	2	39	50	12001
288_SA_4	4	17	60	12001
287_PR_4	4	18	90	12001
212_SA_3	3	23	40	12001
138_VI_2	-3	40	90	24002
363_VI_5	5	23	10	12138
214_VI_3	3	24	25	12138
215_PR_3	3	25	45	12371
23_SA_1	-2	23	90	25392
24_PR_1	1	24	100	12803
289_LC_4	4	19	110	12978
25_PR_1	-2	25	90	26388
141_NU_2	2	41	150	13254
26_NU_1	-2	26	420	26508
27_LC_1	1	27	180	13318
216_SA_3	3	26	80	13319
28_SA_1	1	28	30	13324
29_SA_1	1	29	60	14046
364_PR_5	5	24	1	14201
217_SA_3	3	27	150	14206
365_SA_5	5	25	120	14206
290_SA_4	4	20	60	14206
291_SA_4	4	21	150	14216
292_PR_4	4	22	50	14237
293_PR_4	4	23	165	14237
294_SA_4	4	24	90	14323
142_LC_2	2	42	50	14400
218_SA_3	3	28	120	14506
219_SA_3	3	29	90	14506
143_SA_2	2	43	180	14506
144_SA_2	2	44	90	14507
145_LC_2	2	45	60	14556
146_SA_2	2	46	165	14556
147_LC_2	2	47	30	14556
220_PR_3	3	30	60	14556
30_PR_1	1	30	60	15000
295_LC_4	4	25	60	15208
366_SA_5	5	26	20	15449
32_SA_1	1	31	90	15821
31_SA_1	1	32	90	15821
367_PR_5	5	27	15	15903
33_LC_1	1	33	150	16018
221_PR_3	3	31	35	16034
296_SA_4	4	26	90	16256
222_PR_3	3	32	60	16259
223_PR_3	3	33	40	16325
224_PR_3	3	34	50	16584
34_LC_1	1	34	80	17086
148_SA_2	2	48	90	17144
368_PR_5	5	28	5	17176
369_SA_5	5	29	120	17294
370_SA_5	5	30	140	17294
225_SA_3	3	35	80	17417
35_SA_1	1	35	105	17417
297_SA_4	4	27	100	17804
36_LC_1	-2	36	60	36120
298_PR_4	4	28	120	18132
150_SA_2	2	49	120	18281
149_SA_2	2	50	235	18281
151_SA_2	2	51	120	18310
38_PR_1	1	37	80	18442
371_PR_5	5	31	30	18442
37_PR_1	1	38	60	18442
39_LC_1	1	39	90	18633
226_PR_3	3	36	65	18688
372_LC_5	5	32	60	18799
227_LC_3	3	37	120	18992
40_SA_1	1	40	60	19017
228_SA_3	3	38	100	19040
152_LC_2	2	52	1	19156
41_LC_1	1	41	120	19319
42_PR_1	1	42	60	19319
299_LC_4	4	29	60	19741
43_SA_1	1	43	207	19747
300_SA_4	4	30	105	19853
301_SA_4	4	31	75	19929
44_PR_1	1	44	25	20164
153_PR_2	2	53	230	20275
302_SA_4	4	32	90	20429
373_SA_5	5	33	60	20512
154_PR_2	2	54	170	20761
374_PR_5	5	34	105	20761
155_SA_2	2	55	240	20794
375_PR_5	5	35	170	20863
229_SA_3	3	39	60	20878
156_PR_2	2	56	80	20991
45_VI_1	1	45	75	21017
46_SA_1	1	46	90	21281
47_SA_1	1	47	90	21281
230_PR_3	3	40	30	21290
303_LC_4	4	33	60	21293
376_PR_5	5	36	75	21457
304_VI_4	4	34	120	21515
231_SA_3	3	41	80	21515
49_SA_1	1	48	60	21515
306_SA_4	4	35	270	21515
305_PR_4	4	36	25	21515
377_PR_5	5	37	30	21515
157_SA_2	2	57	150	21515
48_SA_1	1	49	60	21515
232_PR_3	3	42	120	21515
307_SA_4	4	37	120	21520
233_SA_3	3	43	40	21581
378_PR_5	5	38	30	21592
234_LC_3	3	44	60	21755
235_LC_3	3	45	120	21768
379_LC_5	5	39	60	21774
50_LC_1	1	50	80	21789
158_PR_2	2	58	85	21826
236_VI_3	3	46	90	21832
308_PR_4	4	38	30	21929
237_PR_3	3	47	70	21929
159_SA_2	2	59	55	21940
51_SA_1	1	51	90	21940
160_PR_2	2	60	60	22039
309_PR_4	4	39	60	22064
310_PR_4	4	40	120	22064
161_LC_2	2	61	180	22071
238_SA_3	3	48	60	22129
162_SA_2	2	62	1	22238
239_SA_3	3	49	180	22311
52_PR_1	1	52	30	22407
240_PR_3	3	50	60	22407
53_NU_1	1	53	90	22599
311_PR_4	4	41	60	22611
241_SA_3	3	51	20	22640
55_LC_1	1	54	60	22720
54_LC_1	1	55	60	22720
312_PR_4	4	42	50	23124
56_LC_1	1	56	150	23221
313_PR_4	4	43	50	23224
163_PR_2	2	63	120	23224
164_NU_2	2	64	90	23228
314_SA_4	4	44	20	23292
380_LC_5	5	40	234	23309
59_SA_1	1	57	60	23622
57_SA_1	1	58	60	23622
58_SA_1	1	59	60	23622
165_SA_2	2	65	120	23756
60_LC_1	1	60	90	23807
167_SA_2	2	66	60	23813
64_SA_1	1	61	10	23813
62_SA_1	1	62	150	23813
61_SA_1	1	63	30	23813
166_SA_2	2	67	40	23813
65_SA_1	1	64	30	23813
63_SA_1	1	65	75	23813
381_SA_5	5	41	60	23813
242_LC_3	3	52	40	23881
315_SA_4	4	45	180	24164
316_NU_4	4	46	60	24382
66_PR_1	1	66	75	24523
168_SA_2	2	68	60	24524
67_SA_1	1	67	60	24612
317_LC_4	4	47	45	24684
243_SA_3	3	53	120	24694
318_SA_4	4	48	240	24694
68_SA_1	1	68	120	24925
69_VI_1	1	69	60	24964
382_PR_5	5	42	30	24984
319_PR_4	4	49	90	24992
71_PR_1	1	70	520	25003
70_SA_1	1	71	180	25003
170_SA_2	2	69	120	25003
244_SA_3	3	54	80	25003
169_LC_2	2	70	135	25003
171_PR_2	2	71	65	25341
172_NU_2	2	72	60	26435
321_SA_4	4	50	240	26474
383_SA_5	5	43	240	26474
73_PR_1	1	72	120	26474
72_SA_1	1	73	195	26474
320_SA_4	4	51	120	26474
322_SA_4	4	52	90	26474
245_SA_3	3	55	160	26494
384_SA_5	5	44	240	26494
323_SA_4	4	53	120	26494
246_LC_3	3	56	100	26708
247_SA_3	3	57	90	26736
74_SA_1	1	74	60	26834
75_SA_1	1	75	75	26955
174_SA_2	2	73	360	26955
173_SA_2	2	74	55	26955
175_SA_2	2	75	90	26955
385_SA_5	5	45	60	26955
248_SA_3	3	58	60	26988
176_SA_2	2	76	90	27128
177_PR_2	2	77	50	27210
249_SA_3	3	59	75	27289
76_SA_1	1	76	100	27427
250_SA_3	3	60	60	27430
77_SA_1	1	77	120	27430
178_NU_2	2	78	20	27731
324_SA_4	4	54	130	27732
325_PR_4	4	55	180	27766
386_SA_5	5	46	90	27803
179_PR_2	2	79	100	28032
251_PR_3	3	61	60	28220
180_LC_2	2	80	60	28414
326_SA_4	4	56	1	28486
78_SA_1	1	78	60	28486
79_SA_1	1	79	100	28486
181_LC_2	2	81	120	28486
252_SA_3	3	62	55	28486
387_SA_5	5	47	90	28700
80_SA_1	1	80	90	28765
81_SA_1	1	81	60	28781
388_SA_5	5	48	60	28966
389_SA_5	5	49	90	29285
253_SA_3	3	63	60	29285
82_VI_1	1	82	30	29737
390_LC_5	5	50	180	30261
255_PR_3	3	64	150	30292
254_PR_3	3	65	60	30292
256_PR_3	3	66	90	30460
257_SA_3	3	67	5	30488
258_SA_3	3	68	120	30535
83_SA_1	1	83	240	30535
327_SA_4	4	57	120	30760
84_LC_1	1	84	15	31175
85_PR_1	1	85	70	31179
86_PR_1	1	86	90	31262
259_SA_3	3	69	110	31360
260_SA_3	3	70	120	31438
261_SA_3	3	71	90	31463
87_SA_1	1	87	60	31589
262_SA_3	3	72	120	31589
88_LC_1	1	88	120	31631
328_LC_4	4	58	120	32435
329_LC_4	4	59	90	32435
182_LC_2	2	82	60	32482
183_NU_2	2	83	20	32582
263_SA_3	3	73	60	32723
184_SA_2	2	84	15	32723
185_SA_2	2	85	35	32754
331_SA_4	4	60	160	32754
330_SA_4	4	61	120	32754
264_SA_3	3	74	65	33014
186_PR_2	2	86	120	33227
187_SA_2	2	87	210	33367
89_PR_1	1	89	70	34141
90_SA_1	1	90	90	34286
391_LC_5	5	51	75	34758
393_PR_5	5	52	150	34885
91_PR_1	1	91	120	34885
392_PR_5	5	53	35	34885
188_VI_2	2	88	100	35039
332_PR_4	4	62	120	35355
265_PR_3	3	75	100	35861
92_SA_1	1	92	60	36008
333_VI_4	4	63	90	36049
394_PR_5	5	54	75	36110
93_SA_1	1	93	90	36714
94_NU_1	1	94	160	37022
95_SA_1	1	95	140	37308
334_SA_4	4	64	30	37438
96_VI_1	1	96	50	38137
98_PR_1	1	97	10	38229
97_PR_1	1	98	20	38229
335_SA_4	4	65	30	38309
266_SA_3	3	76	80	38374
99_SA_1	1	99	75	38518
267_NU_3	3	77	50	38777
336_VI_4	4	66	240	39122
337_PR_4	4	67	1	39135
395_SA_5	5	55	90	39392
338_SA_4	4	68	60	39392
396_SA_5	5	56	60	40651
397_SA_5	5	57	10	40651
268_SA_3	3	78	90	41030
398_NU_5	5	58	150	41540
340_SA_4	4	69	60	41540
339_SA_4	4	70	140	41540
189_PR_2	2	89	80	41540
399_SA_5	5	59	60	44227
190_SA_2	2	90	30	44227
100_PR_1	1	100	60	45957
269_SA_3	3	79	40	47449
400_PR_5	5	60	45	49013
270_PR_3	3	80	75	54618
