#Nombre	DiaAten	ModelId		T.Servicio	Penalty
191_PR_3	3	1	1	18346
101_PR_2	2	1	1	18346
1_PR_1	1	1	1	19248
341_SA_5	5	1	1	19329
102_SA_2	2	2	1	19353
2_SA_1	1	2	5	19393
103_SA_2	2	3	5	19525
104_LC_2	2	4	5	19765
271_PR_4	4	1	15	19816
105_LC_2	2	5	15	19843
342_PR_5	5	2	15	19916
192_PR_3	3	2	18	19939
193_LC_3	3	3	20	19946
272_LC_4	4	2	20	19983
273_LC_4	4	3	20	20025
343_LC_5	5	3	20	20027
274_SA_4	4	4	20	20027
3_SA_1	1	3	20	20047
106_NU_2	2	6	20	20096
107_PR_2	2	7	25	20105
344_LC_5	5	4	30	20122
108_LC_2	2	8	30	20122
345_SA_5	5	5	30	20128
194_PR_3	3	4	30	20130
4_LC_1	1	4	30	20141
195_SA_3	3	5	30	20145
5_SA_1	1	5	30	20160
197_SA_3	3	6	30	20160
346_LC_5	5	6	30	20160
199_SA_3	3	7	30	20160
196_PR_3	3	8	30	20160
198_SA_3	3	9	30	20160
6_SA_1	1	6	30	20163
200_SA_3	3	10	30	20163
201_LC_3	3	11	30	20163
347_SA_5	5	7	30	20172
7_SA_1	1	7	30	20248
202_SA_3	3	12	30	20248
8_SA_1	1	8	30	20248
110_SA_2	2	9	30	20248
111_SA_2	2	10	30	20248
112_SA_2	2	11	30	20248
109_SA_2	2	12	30	20248
114_SA_2	2	13	30	20248
113_SA_2	2	14	30	20248
203_SA_3	3	13	30	20248
115_PR_2	2	15	30	20259
348_SA_5	5	8	35	20280
349_SA_5	5	9	35	20280
9_SA_1	1	9	35	20326
10_SA_1	1	10	35	20326
13_SA_1	1	11	35	20326
14_SA_1	1	12	35	20326
350_SA_5	5	10	35	20326
12_SA_1	1	13	35	20326
204_SA_3	3	14	35	20326
205_SA_3	3	15	35	20326
352_PR_5	5	11	35	20326
11_SA_1	1	14	35	20326
275_SA_4	4	5	35	20326
276_SA_4	4	6	35	20326
277_SA_4	4	7	35	20326
120_SA_2	2	16	35	20326
279_SA_4	4	8	35	20326
280_NU_4	4	9	35	20326
119_SA_2	2	17	35	20326
124_SA_2	2	18	35	20326
121_LC_2	2	19	35	20326
122_SA_2	2	20	35	20326
351_SA_5	5	12	35	20326
118_SA_2	2	21	35	20326
278_PR_4	4	10	35	20326
116_SA_2	2	22	35	20326
117_SA_2	2	23	35	20326
123_SA_2	2	24	35	20326
15_SA_1	1	15	38	20355
125_SA_2	2	25	38	20362
281_PR_4	4	11	38	20362
282_LC_4	4	12	40	20372
127_PR_2	2	26	40	20397
206_PR_3	3	16	40	20397
126_PR_2	2	27	40	20397
353_SA_5	5	13	40	20409
354_PR_5	5	14	40	20414
16_SA_1	1	16	45	20436
207_SA_3	3	17	45	20436
128_SA_2	2	28	45	20462
17_NU_1	1	17	45	20464
129_NU_2	2	29	45	20464
283_SA_4	4	13	45	20503
355_LC_5	5	15	45	20514
130_SA_2	2	30	45	20514
356_SA_5	5	16	45	20519
131_PR_2	-3	31	50	41040
18_SA_1	1	18	50	20554
208_SA_3	3	18	50	20554
209_SA_3	3	19	50	20554
132_SA_2	2	32	50	20554
19_SA_1	1	19	50	20569
210_SA_3	3	20	50	20569
284_SA_4	4	14	50	20569
134_SA_2	2	33	50	20653
133_SA_2	2	34	50	20653
357_SA_5	5	17	50	20653
285_SA_4	4	15	50	20662
135_SA_2	2	35	50	20667
20_SA_1	1	20	50	20667
136_LC_2	2	36	50	20674
286_PR_4	4	16	52	20678
360_LC_5	5	18	52	20678
358_PR_5	5	19	52	20678
137_PR_2	2	37	52	20678
359_LC_5	5	20	52	20678
361_SA_5	5	21	52	20678
21_NU_1	1	21	57	20688
211_NU_3	3	21	57	20688
362_PR_5	5	22	57	20729
22_PR_1	1	22	60	20731
213_LC_3	3	22	60	20731
139_PR_2	2	38	60	20731
140_SA_2	2	39	60	20731
288_SA_4	4	17	60	20731
287_PR_4	4	18	60	20731
212_SA_3	3	23	60	20731
138_VI_2	2	40	60	20731
363_VI_5	5	23	60	20745
214_VI_3	3	24	60	20745
215_PR_3	3	25	60	20754
23_SA_1	1	23	60	20758
24_PR_1	1	24	60	20760
289_LC_4	4	19	60	20788
25_PR_1	1	25	60	20788
141_NU_2	2	41	60	20792
26_NU_1	1	26	60	20792
27_LC_1	1	27	60	20819
216_SA_3	3	26	60	20828
28_SA_1	1	28	60	20844
29_SA_1	1	29	60	20844
364_PR_5	5	24	60	20868
217_SA_3	3	27	60	20884
365_SA_5	5	25	60	20884
290_SA_4	4	20	60	20884
291_SA_4	4	21	60	20893
292_PR_4	4	22	60	20895
293_PR_4	4	23	60	20895
294_SA_4	4	24	60	20904
142_LC_2	2	42	60	20918
218_SA_3	3	28	60	20940
219_SA_3	-4	29	60	41880
143_SA_2	2	43	60	20940
144_SA_2	2	44	60	20953
145_LC_2	2	45	60	20972
146_SA_2	2	46	60	20972
147_LC_2	-3	47	60	41944
220_PR_3	3	30	60	20972
30_PR_1	1	30	60	20974
295_LC_4	4	25	60	21004
366_SA_5	5	26	60	21005
32_SA_1	1	31	60	21031
31_SA_1	1	32	60	21031
367_PR_5	5	27	60	21032
33_LC_1	1	33	60	21046
221_PR_3	3	31	60	21053
296_SA_4	4	26	60	21054
222_PR_3	3	32	60	21063
223_PR_3	3	33	60	21074
224_PR_3	3	34	60	21090
34_LC_1	1	34	60	21098
148_SA_2	2	48	60	21100
368_PR_5	5	28	60	21107
369_SA_5	5	29	60	21139
370_SA_5	5	30	60	21139
225_SA_3	3	35	60	21151
35_SA_1	1	35	60	21151
297_SA_4	4	27	60	21162
36_LC_1	1	36	61	21170
298_PR_4	4	28	65	21179
150_SA_2	2	49	65	21217
149_SA_2	2	50	65	21217
151_SA_2	2	51	65	21240
38_PR_1	1	37	65	21267
371_PR_5	5	31	65	21267
37_PR_1	1	38	65	21267
39_LC_1	1	39	65	21271
226_PR_3	3	36	65	21287
372_LC_5	5	32	67	21289
227_LC_3	3	37	68	21299
40_SA_1	1	40	70	21302
228_SA_3	3	38	70	21322
152_LC_2	2	52	70	21355
41_LC_1	1	41	70	21359
42_PR_1	1	42	70	21359
299_LC_4	4	29	70	21363
43_SA_1	1	43	73	21367
300_SA_4	4	30	75	21375
301_SA_4	4	31	75	21380
44_PR_1	1	44	75	21389
153_PR_2	2	53	75	21397
302_SA_4	4	32	75	21410
373_SA_5	5	33	75	21411
154_PR_2	2	54	75	21422
374_PR_5	5	34	75	21422
155_SA_2	2	55	75	21430
375_PR_5	5	35	75	21435
229_SA_3	3	39	75	21457
156_PR_2	2	56	75	21459
45_VI_1	1	45	75	21468
46_SA_1	1	46	75	21470
47_SA_1	-2	47	75	42940
230_PR_3	3	40	78	21482
303_LC_4	4	33	79	21486
376_PR_5	5	36	80	21494
304_VI_4	4	34	80	21507
231_SA_3	3	41	80	21507
49_SA_1	1	48	80	21507
306_SA_4	4	35	80	21507
305_PR_4	4	36	80	21507
377_PR_5	5	37	80	21507
157_SA_2	2	57	80	21507
48_SA_1	1	49	80	21507
232_PR_3	3	42	80	21507
307_SA_4	4	37	80	21507
233_SA_3	3	43	80	21511
378_PR_5	5	38	80	21516
234_LC_3	3	44	80	21529
235_LC_3	3	45	85	21538
379_LC_5	5	39	85	21541
50_LC_1	1	50	90	21543
158_PR_2	2	58	90	21548
236_VI_3	3	46	90	21549
308_PR_4	4	38	90	21557
237_PR_3	3	47	90	21557
159_SA_2	2	59	90	21571
51_SA_1	1	51	90	21571
160_PR_2	2	60	90	21574
309_PR_4	4	39	90	21581
310_PR_4	4	40	90	21581
161_LC_2	2	61	90	21590
238_SA_3	3	48	90	21602
162_SA_2	2	62	90	21652
239_SA_3	3	49	90	21671
52_PR_1	1	52	90	21678
240_PR_3	3	50	90	21678
53_NU_1	1	53	90	21681
311_PR_4	4	41	90	21684
241_SA_3	3	51	90	21695
55_LC_1	-2	54	90	43458
54_LC_1	1	55	90	21729
312_PR_4	4	42	90	21735
56_LC_1	1	56	90	21771
313_PR_4	4	43	90	21801
163_PR_2	2	63	90	21801
164_NU_2	2	64	90	21807
314_SA_4	4	44	90	21808
380_LC_5	5	40	90	21812
59_SA_1	1	57	90	21836
57_SA_1	1	58	90	21836
58_SA_1	1	59	90	21836
165_SA_2	2	65	90	21847
60_LC_1	1	60	90	21850
167_SA_2	2	66	90	21889
64_SA_1	1	61	90	21889
62_SA_1	1	62	90	21889
61_SA_1	1	63	90	21889
166_SA_2	2	67	90	21889
65_SA_1	1	64	90	21889
63_SA_1	1	65	90	21889
381_SA_5	5	41	90	21889
242_LC_3	3	52	90	21918
315_SA_4	4	45	90	21920
316_NU_4	4	46	90	21935
66_PR_1	1	66	90	21948
168_SA_2	2	68	90	21954
67_SA_1	1	67	90	21974
317_LC_4	4	47	90	21994
243_SA_3	3	53	90	22009
318_SA_4	4	48	90	22009
68_SA_1	1	68	90	22016
69_VI_1	1	69	90	22019
382_PR_5	5	42	93	22022
319_PR_4	4	49	98	22035
71_PR_1	1	70	100	22050
70_SA_1	1	71	100	22050
170_SA_2	2	69	100	22050
244_SA_3	3	54	100	22050
169_LC_2	2	70	100	22050
171_PR_2	2	71	100	22054
172_NU_2	2	72	100	22063
321_SA_4	4	50	100	22084
383_SA_5	5	43	100	22084
73_PR_1	1	72	100	22084
72_SA_1	1	73	100	22084
320_SA_4	4	51	100	22084
322_SA_4	4	52	100	22084
245_SA_3	3	55	100	22085
384_SA_5	5	44	100	22085
323_SA_4	4	53	100	22085
246_LC_3	3	56	100	22086
247_SA_3	3	57	100	22133
74_SA_1	1	74	100	22148
75_SA_1	1	75	100	22149
174_SA_2	2	73	100	22149
173_SA_2	2	74	100	22149
175_SA_2	2	75	100	22149
385_SA_5	5	45	100	22149
248_SA_3	3	58	102	22156
176_SA_2	2	76	102	22172
177_PR_2	2	77	105	22199
249_SA_3	3	59	105	22205
76_SA_1	1	76	105	22212
250_SA_3	3	60	105	22227
77_SA_1	1	77	105	22227
178_NU_2	2	78	108	22234
324_SA_4	4	54	108	22237
325_PR_4	4	55	110	22245
386_SA_5	5	46	110	22247
179_PR_2	2	79	110	22250
251_PR_3	3	61	111	22263
180_LC_2	2	80	120	22277
326_SA_4	4	56	120	22296
78_SA_1	1	78	120	22296
79_SA_1	1	79	120	22296
181_LC_2	2	81	120	22296
252_SA_3	3	62	120	22296
387_SA_5	5	47	120	22326
80_SA_1	1	80	120	22337
81_SA_1	-2	81	120	44688
388_SA_5	5	48	120	22344
389_SA_5	5	49	120	22346
253_SA_3	3	63	120	22346
82_VI_1	-2	82	120	44748
390_LC_5	5	50	120	22384
255_PR_3	3	64	120	22419
254_PR_3	3	65	120	22419
256_PR_3	3	66	120	22465
257_SA_3	3	67	120	22477
258_SA_3	3	68	120	22500
83_SA_1	1	83	120	22500
327_SA_4	4	57	120	22544
84_LC_1	1	84	120	22546
85_PR_1	1	85	120	22559
86_PR_1	1	86	120	22587
259_SA_3	3	69	120	22592
260_SA_3	3	70	120	22592
261_SA_3	3	71	128	22601
87_SA_1	1	87	130	22661
262_SA_3	3	72	130	22661
88_LC_1	1	88	130	22672
328_LC_4	4	58	130	22689
329_LC_4	4	59	130	22689
182_LC_2	2	82	130	22691
183_NU_2	2	83	130	22699
263_SA_3	3	73	138	22709
184_SA_2	2	84	138	22709
185_SA_2	2	85	140	22712
331_SA_4	4	60	140	22712
330_SA_4	4	61	140	22712
264_SA_3	3	74	150	22720
186_PR_2	2	86	150	22724
187_SA_2	2	87	150	22745
89_PR_1	1	89	150	22750
90_SA_1	1	90	150	22756
391_LC_5	5	51	150	22759
393_PR_5	5	52	150	22773
91_PR_1	-2	91	150	45546
392_PR_5	5	53	150	22773
188_VI_2	2	88	160	22805
332_PR_4	4	62	168	22811
265_PR_3	3	75	170	22813
92_SA_1	1	92	173	22881
333_VI_4	4	63	178	22898
394_PR_5	5	54	180	22911
93_SA_1	1	93	180	22969
94_NU_1	1	94	180	23050
95_SA_1	1	95	180	23146
334_SA_4	4	64	180	23151
96_VI_1	1	96	180	23186
98_PR_1	1	97	180	23209
97_PR_1	1	98	180	23209
335_SA_4	4	65	180	23274
266_SA_3	3	76	180	23319
99_SA_1	1	99	200	23389
267_NU_3	3	77	200	23390
336_VI_4	4	66	207	23437
337_PR_4	4	67	207	23451
395_SA_5	5	55	210	23573
338_SA_4	4	68	210	23573
396_SA_5	5	56	215	23684
397_SA_5	5	57	215	23684
268_SA_3	3	78	230	23686
398_NU_5	5	58	234	23745
340_SA_4	4	69	234	23745
339_SA_4	4	70	234	23745
189_PR_2	2	89	234	23745
399_SA_5	5	59	240	23839
190_SA_2	2	90	240	23839
100_PR_1	1	100	240	23990
269_SA_3	3	79	240	24074
400_PR_5	5	60	240	24125
270_PR_3	3	80	285	24152
