#Nombre	DiaAten	ModelId		T.Servicio	Penalty
191_PR_3	-4	1	60	4220
101_PR_2	2	1	60	2794
1_PR_1	1	1	90	553
341_SA_5	5	1	70	2114
102_SA_2	-3	2	120	8244
2_SA_1	1	2	90	38629
103_SA_2	2	3	120	59619
104_LC_2	2	4	120	321
271_PR_4	4	1	60	21004
105_LC_2	2	5	200	43413
342_PR_5	-6	2	60	1050
192_PR_3	3	2	130	4674
193_LC_3	3	3	70	2217
272_LC_4	4	2	130	69509
273_LC_4	4	3	90	1969
343_LC_5	5	3	45	54771
274_SA_4	4	4	60	43753
3_SA_1	1	3	75	32086
106_NU_2	2	6	75	55243
107_PR_2	2	7	30	49437
344_LC_5	5	4	120	39308
108_LC_2	2	8	10	42724
345_SA_5	-6	5	150	754
194_PR_3	3	4	20	56282
4_LC_1	-2	4	120	5690
195_SA_3	3	5	150	2538
5_SA_1	1	5	90	50099
197_SA_3	3	6	120	49378
346_LC_5	5	6	70	60322
199_SA_3	3	7	80	41571
196_PR_3	3	8	45	49736
198_SA_3	3	9	60	39842
6_SA_1	1	6	30	7658
200_SA_3	3	10	60	8433
201_LC_3	3	11	270	7208
347_SA_5	5	7	20	57877
7_SA_1	1	7	290	52934
202_SA_3	3	12	180	43844
8_SA_1	1	8	60	58615
110_SA_2	2	9	120	23695
111_SA_2	2	10	120	50878
112_SA_2	2	11	60	52156
109_SA_2	2	12	110	50621
114_SA_2	2	13	60	45708
113_SA_2	2	14	60	42117
203_SA_3	3	13	45	39119
115_PR_2	2	15	90	57985
348_SA_5	5	8	60	6331
349_SA_5	5	9	15	5431
9_SA_1	-2	9	360	1274
10_SA_1	1	10	60	638
13_SA_1	-2	11	60	1662
14_SA_1	1	12	90	514
350_SA_5	-6	10	180	876
12_SA_1	-2	13	75	1462
204_SA_3	-4	14	80	1178
205_SA_3	-4	15	60	1178
352_PR_5	-6	11	70	1598
11_SA_1	1	14	120	801
275_SA_4	4	5	90	528
276_SA_4	-5	6	60	790
277_SA_4	-5	7	120	1078
120_SA_2	-3	16	55	1050
279_SA_4	-5	8	300	1380
280_NU_4	4	9	60	735
119_SA_2	-3	17	60	1268
124_SA_2	2	18	30	734
121_LC_2	2	19	45	662
122_SA_2	-3	20	50	1480
351_SA_5	-6	12	60	1026
118_SA_2	-3	21	120	1228
278_PR_4	-5	10	150	768
116_SA_2	2	22	60	655
117_SA_2	-3	23	140	1408
123_SA_2	-3	24	50	1562
15_SA_1	1	15	240	32141
125_SA_2	2	25	60	59155
281_PR_4	4	11	70	37042
282_LC_4	4	12	90	30412
127_PR_2	2	26	80	160011
206_PR_3	3	16	35	107323
126_PR_2	2	27	180	120777
353_SA_5	-6	13	5	282
354_PR_5	5	14	30	47102
16_SA_1	-2	16	110	796
207_SA_3	-4	17	50	838
128_SA_2	-3	28	120	408
17_NU_1	-2	17	180	2264
129_NU_2	-3	29	120	2432
283_SA_4	4	13	180	2025
355_LC_5	-6	15	150	2142
130_SA_2	-3	30	90	2174
356_SA_5	-6	16	150	768
131_PR_2	2	31	215	27039
18_SA_1	-2	18	90	3166
208_SA_3	-4	18	90	2656
209_SA_3	3	19	45	1209
132_SA_2	2	32	20	1253
19_SA_1	1	19	180	84884
210_SA_3	3	20	180	111328
284_SA_4	4	14	240	106966
134_SA_2	2	33	60	44721
133_SA_2	2	34	90	48297
357_SA_5	5	17	60	42169
285_SA_4	4	15	60	48017
135_SA_2	2	35	60	51902
20_SA_1	1	20	60	38984
136_LC_2	-3	36	30	664
286_PR_4	4	16	60	39652
360_LC_5	5	18	10	50791
358_PR_5	5	19	70	49974
137_PR_2	2	37	150	65831
359_LC_5	5	20	10	62075
361_SA_5	5	21	10	28449
21_NU_1	1	21	90	18029
211_NU_3	3	21	40	16518
362_PR_5	5	22	240	57833
22_PR_1	1	22	60	57821
213_LC_3	3	22	90	50802
139_PR_2	2	38	60	46904
140_SA_2	2	39	50	42275
288_SA_4	4	17	60	52579
287_PR_4	4	18	90	62780
212_SA_3	3	23	40	42889
138_VI_2	2	40	90	55730
363_VI_5	5	23	10	2635
214_VI_3	3	24	25	3305
215_PR_3	3	25	45	36147
23_SA_1	1	23	90	50454
24_PR_1	1	24	100	8268
289_LC_4	4	19	110	47739
25_PR_1	1	25	90	6592
141_NU_2	-3	41	150	674
26_NU_1	-2	26	420	690
27_LC_1	1	27	180	3245
216_SA_3	3	26	80	19781
28_SA_1	1	28	30	492
29_SA_1	1	29	60	45388
364_PR_5	5	24	1	1854
217_SA_3	3	27	150	1018
365_SA_5	-6	25	120	1458
290_SA_4	-5	20	60	1786
291_SA_4	4	21	150	2322
292_PR_4	4	22	50	2697
293_PR_4	-5	23	165	3008
294_SA_4	4	24	90	29860
142_LC_2	2	42	50	6540
218_SA_3	-4	28	120	7030
219_SA_3	3	29	90	4817
143_SA_2	-3	43	180	6896
144_SA_2	-3	44	90	438
145_LC_2	-3	45	60	358
146_SA_2	-3	46	165	414
147_LC_2	-3	47	30	338
220_PR_3	3	30	60	218
30_PR_1	1	30	60	8555
295_LC_4	-5	25	60	234
366_SA_5	5	26	20	12587
32_SA_1	1	31	90	16363
31_SA_1	1	32	90	21370
367_PR_5	5	27	15	42093
33_LC_1	1	33	150	3470
221_PR_3	3	31	35	41196
296_SA_4	4	26	90	61546
222_PR_3	3	32	60	36978
223_PR_3	3	33	40	45309
224_PR_3	3	34	50	2358
34_LC_1	1	34	80	51444
148_SA_2	2	48	90	13628
368_PR_5	5	28	5	15986
369_SA_5	5	29	120	40804
370_SA_5	5	30	140	62437
225_SA_3	-4	35	80	1016
35_SA_1	-2	35	105	980
297_SA_4	4	27	100	1799
36_LC_1	1	36	60	31739
298_PR_4	-5	28	120	642
150_SA_2	-3	49	120	3134
149_SA_2	-3	50	235	4208
151_SA_2	2	51	120	113203
38_PR_1	1	37	80	46435
371_PR_5	5	31	30	60726
37_PR_1	1	38	60	32665
39_LC_1	1	39	90	3444
226_PR_3	3	36	65	36085
372_LC_5	5	32	60	58213
227_LC_3	3	37	120	3029
40_SA_1	1	40	60	4178
228_SA_3	3	38	100	50321
152_LC_2	2	52	1	2148
41_LC_1	1	41	120	3296
42_PR_1	1	42	60	2997
299_LC_4	-5	29	60	626
43_SA_1	-2	43	207	7976
300_SA_4	4	30	105	58289
301_SA_4	-5	31	75	1062
44_PR_1	-2	44	25	2566
153_PR_2	2	53	230	42165
302_SA_4	4	32	90	41735
373_SA_5	5	33	60	1423
154_PR_2	2	54	170	44126
374_PR_5	5	34	105	71747
155_SA_2	2	55	240	40048
375_PR_5	5	35	170	65370
229_SA_3	3	39	60	353
156_PR_2	2	56	80	44701
45_VI_1	1	45	75	9893
46_SA_1	-2	46	90	136
47_SA_1	1	47	90	111
230_PR_3	3	40	30	42486
303_LC_4	4	33	60	42355
376_PR_5	5	36	75	53062
304_VI_4	4	34	120	1860
231_SA_3	-4	41	80	2354
49_SA_1	-2	48	60	2090
306_SA_4	-5	35	270	2490
305_PR_4	4	36	25	1394
377_PR_5	5	37	30	1402
157_SA_2	2	57	150	1589
48_SA_1	-2	49	60	3354
232_PR_3	3	42	120	1283
307_SA_4	4	37	120	59940
233_SA_3	3	43	40	57353
378_PR_5	5	38	30	31580
234_LC_3	3	44	60	1882
235_LC_3	-4	45	120	736
379_LC_5	5	39	60	28918
50_LC_1	1	50	80	39029
158_PR_2	2	58	85	3273
236_VI_3	-4	46	90	258
308_PR_4	4	38	30	47088
237_PR_3	3	47	70	58495
159_SA_2	2	59	55	2661
51_SA_1	1	51	90	3567
160_PR_2	2	60	60	53548
309_PR_4	4	39	60	41675
310_PR_4	4	40	120	65559
161_LC_2	2	61	180	50882
238_SA_3	3	48	60	5145
162_SA_2	2	62	1	7512
239_SA_3	3	49	180	43927
52_PR_1	1	52	30	2731
240_PR_3	3	50	60	3713
53_NU_1	1	53	90	48734
311_PR_4	4	41	60	60089
241_SA_3	3	51	20	57264
55_LC_1	1	54	60	615
54_LC_1	-2	55	60	2432
312_PR_4	4	42	50	197787
56_LC_1	-2	56	150	166
313_PR_4	4	43	50	1586
163_PR_2	-3	63	120	3230
164_NU_2	2	64	90	1979
314_SA_4	4	44	20	2548
380_LC_5	5	40	234	3518
59_SA_1	1	57	60	4744
57_SA_1	1	58	60	6128
58_SA_1	1	59	60	4190
165_SA_2	2	65	120	48317
60_LC_1	1	60	90	5619
167_SA_2	2	66	60	39084
64_SA_1	1	61	10	64937
62_SA_1	1	62	150	55159
61_SA_1	1	63	30	63002
166_SA_2	2	67	40	43978
65_SA_1	1	64	30	45162
63_SA_1	1	65	75	63457
381_SA_5	5	41	60	72885
242_LC_3	3	52	40	45640
315_SA_4	4	45	180	3292
316_NU_4	4	46	60	8712
66_PR_1	1	66	75	462
168_SA_2	2	68	60	525
67_SA_1	-2	67	60	290
317_LC_4	4	47	45	58622
243_SA_3	3	53	120	1241
318_SA_4	-5	48	240	2742
68_SA_1	-2	68	120	344
69_VI_1	1	69	60	54384
382_PR_5	5	42	30	3141
319_PR_4	4	49	90	1874
71_PR_1	1	70	520	16536
70_SA_1	1	71	180	20412
170_SA_2	2	69	120	16128
244_SA_3	3	54	80	21779
169_LC_2	2	70	135	20636
171_PR_2	2	71	65	7890
172_NU_2	2	72	60	53723
321_SA_4	4	50	240	59511
383_SA_5	5	43	240	53122
73_PR_1	1	72	120	46851
72_SA_1	1	73	195	60537
320_SA_4	4	51	120	37190
322_SA_4	4	52	90	37113
245_SA_3	3	55	160	306
384_SA_5	-6	44	240	836
323_SA_4	-5	53	120	652
246_LC_3	3	56	100	3769
247_SA_3	3	57	90	37255
74_SA_1	-2	74	60	534
75_SA_1	1	75	75	59917
174_SA_2	2	73	360	43927
173_SA_2	2	74	55	37565
175_SA_2	2	75	90	42274
385_SA_5	5	45	60	62248
248_SA_3	-4	58	60	2222
176_SA_2	2	76	90	902
177_PR_2	-3	77	50	326
249_SA_3	3	59	75	56360
76_SA_1	-2	76	100	436
250_SA_3	3	60	60	42253
77_SA_1	1	77	120	63716
178_NU_2	2	78	20	128
324_SA_4	4	54	130	60119
325_PR_4	4	55	180	6025
386_SA_5	5	46	90	51563
179_PR_2	2	79	100	56262
251_PR_3	3	61	60	3693
180_LC_2	2	80	60	33347
326_SA_4	-5	56	1	1396
78_SA_1	-2	78	60	1812
79_SA_1	-2	79	100	1672
181_LC_2	2	81	120	1168
252_SA_3	-4	62	55	1948
387_SA_5	5	47	90	49805
80_SA_1	1	80	90	68584
81_SA_1	1	81	60	12492
388_SA_5	5	48	60	1687
389_SA_5	5	49	90	54844
253_SA_3	3	63	60	52062
82_VI_1	1	82	30	7198
390_LC_5	5	50	180	5927
255_PR_3	3	64	150	58113
254_PR_3	3	65	60	41973
256_PR_3	3	66	90	947
257_SA_3	3	67	5	1318
258_SA_3	3	68	120	2423
83_SA_1	-2	83	240	2312
327_SA_4	4	57	120	15475
84_LC_1	1	84	15	49892
85_PR_1	-2	85	70	320
86_PR_1	1	86	90	41023
259_SA_3	-4	69	110	300
260_SA_3	-4	70	120	468
261_SA_3	3	71	90	5431
87_SA_1	1	87	60	1707
262_SA_3	3	72	120	1368
88_LC_1	1	88	120	39456
328_LC_4	4	58	120	49648
329_LC_4	4	59	90	60865
182_LC_2	2	82	60	59672
183_NU_2	-3	83	20	586
263_SA_3	3	73	60	56616
184_SA_2	2	84	15	46625
185_SA_2	2	85	35	52959
331_SA_4	4	60	160	59911
330_SA_4	4	61	120	52254
264_SA_3	3	74	65	42073
186_PR_2	-3	86	120	386
187_SA_2	2	87	210	57505
89_PR_1	1	89	70	26346
90_SA_1	-2	90	90	158
391_LC_5	5	51	75	40866
393_PR_5	5	52	150	65397
91_PR_1	1	91	120	53157
392_PR_5	5	53	35	54614
188_VI_2	-3	88	100	180
332_PR_4	4	62	120	1676
265_PR_3	3	75	100	57667
92_SA_1	1	92	60	51067
333_VI_4	4	63	90	31455
394_PR_5	5	54	75	50502
93_SA_1	1	93	90	2356
94_NU_1	1	94	160	49904
95_SA_1	1	95	140	250
334_SA_4	4	64	30	1080
96_VI_1	1	96	50	46158
98_PR_1	1	97	10	78343
97_PR_1	1	98	20	49752
335_SA_4	4	65	30	14021
266_SA_3	3	76	80	5657
99_SA_1	-2	99	75	146
267_NU_3	3	77	50	10242
336_VI_4	-5	66	240	860
337_PR_4	4	67	1	1883
395_SA_5	-6	55	90	254
338_SA_4	-5	68	60	150
396_SA_5	5	56	60	65631
397_SA_5	5	57	10	57498
268_SA_3	-4	78	90	2208
398_NU_5	5	58	150	5965
340_SA_4	4	69	60	8950
339_SA_4	4	70	140	6568
189_PR_2	2	89	80	5227
399_SA_5	5	59	60	63671
190_SA_2	2	90	30	42843
100_PR_1	1	100	60	5609
269_SA_3	3	79	40	233749
400_PR_5	5	60	45	42208
270_PR_3	3	80	75	6655
