#cliente	day	place	penalty	service
191_PR_3	3	2	2005	60
101_PR_2	2	2	1104	60
1_PR_1	1	2	476	90
341_SA_5	5	1	2968	70
102_SA_2	2	1	3874	120
2_SA_1	1	1	53389	90
103_SA_2	2	1	44243	120
104_LC_2	2	3	484	120
271_PR_4	4	2	24182	60
105_LC_2	2	3	44461	200
342_PR_5	5	2	484	60
192_PR_3	3	2	4920	130
193_LC_3	3	3	1631	70
272_LC_4	4	3	64549	130
273_LC_4	4	3	2220	90
343_LC_5	5	3	58731	45
274_SA_4	4	1	51028	60
3_SA_1	1	1	59470	75
106_NU_2	2	5	44251	75
107_PR_2	2	2	41691	30
344_LC_5	5	3	63738	120
108_LC_2	2	3	33254	10
345_SA_5	5	1	207	150
194_PR_3	3	2	34171	20
4_LC_1	1	3	2015	120
195_SA_3	3	1	4393	150
5_SA_1	1	1	39205	90
197_SA_3	3	1	61016	120
346_LC_5	5	3	41320	70
199_SA_3	3	1	80866	80
196_PR_3	3	2	70803	45
198_SA_3	3	1	33353	60
6_SA_1	1	1	5876	30
200_SA_3	3	1	6773	60
201_LC_3	3	3	4799	270
347_SA_5	5	1	45384	20
7_SA_1	1	1	46538	290
202_SA_3	3	1	45335	180
8_SA_1	1	1	54258	60
110_SA_2	2	1	78450	120
111_SA_2	2	1	47302	120
112_SA_2	2	1	61322	60
109_SA_2	2	1	41546	110
114_SA_2	2	1	43352	60
113_SA_2	2	1	50818	60
203_SA_3	3	1	19903	45
115_PR_2	2	2	43971	90
348_SA_5	5	1	4393	60
349_SA_5	5	1	7799	15
9_SA_1	1	1	787	360
10_SA_1	1	1	598	60
13_SA_1	1	1	626	60
14_SA_1	1	1	552	90
350_SA_5	5	1	441	180
12_SA_1	1	1	517	75
204_SA_3	3	1	963	80
205_SA_3	3	1	891	60
352_PR_5	5	2	543	70
11_SA_1	1	1	588	120
275_SA_4	4	1	775	90
276_SA_4	4	1	399	60
277_SA_4	4	1	981	120
120_SA_2	2	1	791	55
279_SA_4	4	1	763	300
280_NU_4	4	5	479	60
119_SA_2	2	1	302	60
124_SA_2	2	1	865	30
121_LC_2	2	3	1060	45
122_SA_2	2	1	612	50
351_SA_5	5	1	772	60
118_SA_2	2	1	649	120
278_PR_4	4	2	506	150
116_SA_2	2	1	759	60
117_SA_2	2	1	944	140
123_SA_2	2	1	428	50
15_SA_1	1	1	56216	240
125_SA_2	2	1	52897	60
281_PR_4	4	2	48373	70
282_LC_4	4	3	41555	90
127_PR_2	2	2	89693	80
206_PR_3	3	2	96420	35
126_PR_2	2	2	112889	180
353_SA_5	5	1	48	5
354_PR_5	5	2	23527	30
16_SA_1	1	1	468	110
207_SA_3	3	1	425	50
128_SA_2	2	1	154	120
17_NU_1	1	5	1311	180
129_NU_2	2	5	1250	120
283_SA_4	4	1	2190	180
355_LC_5	5	3	1480	150
130_SA_2	2	1	501	90
356_SA_5	5	1	240	150
131_PR_2	2	2	45263	215
18_SA_1	1	1	875	90
208_SA_3	3	1	1220	90
209_SA_3	3	1	532	45
132_SA_2	2	1	1020	20
19_SA_1	1	1	76117	180
210_SA_3	3	1	125301	180
284_SA_4	4	1	60417	240
134_SA_2	2	1	56526	60
133_SA_2	2	1	42380	90
357_SA_5	5	1	35373	60
285_SA_4	4	1	57266	60
135_SA_2	2	1	47044	60
20_SA_1	1	1	57853	60
136_LC_2	2	3	502	30
286_PR_4	4	2	22156	60
360_LC_5	5	3	43641	10
358_PR_5	5	2	52885	70
137_PR_2	2	2	47084	150
359_LC_5	5	3	50651	10
361_SA_5	5	1	55257	10
21_NU_1	1	5	28746	90
211_NU_3	3	5	25170	40
362_PR_5	5	2	30536	240
22_PR_1	1	2	38994	60
213_LC_3	3	3	82225	90
139_PR_2	2	2	57588	60
140_SA_2	2	1	45591	50
288_SA_4	4	1	51233	60
287_PR_4	4	2	45001	90
212_SA_3	3	1	32564	40
138_VI_2	2	4	45724	90
363_VI_5	5	4	3725	10
214_VI_3	3	4	3444	25
215_PR_3	3	2	39946	45
23_SA_1	1	1	47368	90
24_PR_1	1	2	4646	100
289_LC_4	4	3	31424	110
25_PR_1	1	2	8759	90
141_NU_2	2	5	199	150
26_NU_1	1	5	419	420
27_LC_1	1	3	5147	180
216_SA_3	3	1	17130	80
28_SA_1	1	1	414	30
29_SA_1	1	1	68905	60
364_PR_5	5	2	1986	1
217_SA_3	3	1	810	150
365_SA_5	5	1	805	120
290_SA_4	4	1	665	60
291_SA_4	4	1	1848	150
292_PR_4	4	2	2690	50
293_PR_4	4	2	2558	165
294_SA_4	4	1	17330	90
142_LC_2	2	3	7233	50
218_SA_3	3	1	5930	120
219_SA_3	3	1	4910	90
143_SA_2	2	1	3438	180
144_SA_2	2	1	358	90
145_LC_2	2	3	254	60
146_SA_2	2	1	190	165
147_LC_2	2	3	154	30
220_PR_3	3	2	72	60
30_PR_1	1	2	9931	60
295_LC_4	4	3	54	60
366_SA_5	5	1	8909	20
32_SA_1	1	1	22613	90
31_SA_1	1	1	22286	90
367_PR_5	5	2	42092	15
33_LC_1	1	3	2410	150
221_PR_3	3	2	38294	35
296_SA_4	4	1	31944	90
222_PR_3	3	2	36343	60
223_PR_3	3	2	55167	40
224_PR_3	3	2	2450	50
34_LC_1	1	3	49050	80
148_SA_2	2	1	16053	90
368_PR_5	5	2	23885	5
369_SA_5	5	1	30802	120
370_SA_5	5	1	42950	140
225_SA_3	3	1	285	80
35_SA_1	1	1	174	105
297_SA_4	4	1	1398	100
36_LC_1	1	3	44062	60
298_PR_4	4	2	169	120
150_SA_2	2	1	2271	120
149_SA_2	2	1	658	235
151_SA_2	2	1	65671	120
38_PR_1	1	2	56821	80
371_PR_5	5	2	62515	30
37_PR_1	1	2	53614	60
39_LC_1	1	3	2788	90
226_PR_3	3	2	66549	65
372_LC_5	5	3	65601	60
227_LC_3	3	3	1266	120
40_SA_1	1	1	6068	60
228_SA_3	3	1	32020	100
152_LC_2	2	3	1928	1
41_LC_1	1	3	3024	120
42_PR_1	1	2	4059	60
299_LC_4	4	3	196	60
43_SA_1	1	1	2981	207
300_SA_4	4	1	31195	105
301_SA_4	4	1	152	75
44_PR_1	1	2	1313	25
153_PR_2	2	2	75447	230
302_SA_4	4	1	56726	90
373_SA_5	5	1	1429	60
154_PR_2	2	2	41126	170
374_PR_5	5	2	54921	105
155_SA_2	2	1	39488	240
375_PR_5	5	2	68827	170
229_SA_3	3	1	280	60
156_PR_2	2	2	57918	80
45_VI_1	1	4	12485	75
46_SA_1	1	1	111	90
47_SA_1	1	1	76	90
230_PR_3	3	2	43576	30
303_LC_4	4	3	56596	60
376_PR_5	5	2	45804	75
304_VI_4	4	4	1867	120
231_SA_3	3	1	1923	80
49_SA_1	1	1	1028	60
306_SA_4	4	1	1808	270
305_PR_4	4	2	1457	25
377_PR_5	5	2	2125	30
157_SA_2	2	1	1553	150
48_SA_1	1	1	1808	60
232_PR_3	3	2	1640	120
307_SA_4	4	1	47814	120
233_SA_3	3	1	24694	40
378_PR_5	5	2	65563	30
234_LC_3	3	3	1070	60
235_LC_3	3	3	401	120
379_LC_5	5	3	20424	60
50_LC_1	1	3	61514	80
158_PR_2	2	2	2371	85
236_VI_3	3	4	214	90
308_PR_4	4	2	66728	30
237_PR_3	3	2	55938	70
159_SA_2	2	1	3486	55
51_SA_1	1	1	2578	90
160_PR_2	2	2	45363	60
309_PR_4	4	2	42704	60
310_PR_4	4	2	67764	120
161_LC_2	2	3	72678	180
238_SA_3	3	1	1842	60
162_SA_2	2	1	5423	1
239_SA_3	3	1	53688	180
52_PR_1	1	2	3468	30
240_PR_3	3	2	4326	60
53_NU_1	1	5	54076	90
311_PR_4	4	2	61121	60
241_SA_3	3	1	36334	20
55_LC_1	1	3	803	60
54_LC_1	1	3	2266	60
312_PR_4	4	2	167123	50
56_LC_1	1	3	96	150
313_PR_4	4	2	933	50
163_PR_2	2	2	1496	120
164_NU_2	2	5	1374	90
314_SA_4	4	1	2193	20
380_LC_5	5	3	5798	234
59_SA_1	1	1	8232	60
57_SA_1	1	1	4302	60
58_SA_1	1	1	2325	60
165_SA_2	2	1	48360	120
60_LC_1	1	3	785	90
167_SA_2	2	1	54442	60
64_SA_1	1	1	61829	10
62_SA_1	1	1	49840	150
61_SA_1	1	1	55359	30
166_SA_2	2	1	53912	40
65_SA_1	1	1	80075	30
63_SA_1	1	1	50364	75
381_SA_5	5	1	42827	60
242_LC_3	3	3	53276	40
315_SA_4	4	1	3905	180
316_NU_4	4	5	13614	60
66_PR_1	1	2	421	75
168_SA_2	2	1	989	60
67_SA_1	1	1	128	60
317_LC_4	4	3	52799	45
243_SA_3	3	1	936	120
318_SA_4	4	1	1105	240
68_SA_1	1	1	198	120
69_VI_1	1	4	74770	60
382_PR_5	5	2	1829	30
319_PR_4	4	2	1974	90
71_PR_1	1	2	18999	520
70_SA_1	1	1	22935	180
170_SA_2	2	1	21204	120
244_SA_3	3	1	18796	80
169_LC_2	2	3	7577	135
171_PR_2	2	2	10335	65
172_NU_2	2	5	54839	60
321_SA_4	4	1	57585	240
383_SA_5	5	1	55508	240
73_PR_1	1	2	51858	120
72_SA_1	1	1	40062	195
320_SA_4	4	1	77941	120
322_SA_4	4	1	80163	90
245_SA_3	3	1	403	160
384_SA_5	5	1	311	240
323_SA_4	4	1	421	120
246_LC_3	3	3	4540	100
247_SA_3	3	1	64463	90
74_SA_1	1	1	234	60
75_SA_1	1	1	27478	75
174_SA_2	2	1	61593	360
173_SA_2	2	1	58825	55
175_SA_2	2	1	59244	90
385_SA_5	5	1	53378	60
248_SA_3	3	1	1551	60
176_SA_2	2	1	673	90
177_PR_2	2	2	39	50
249_SA_3	3	1	24676	75
76_SA_1	1	1	160	100
250_SA_3	3	1	66645	60
77_SA_1	1	1	38417	120
178_NU_2	2	5	324	20
324_SA_4	4	1	44982	130
325_PR_4	4	2	6009	180
386_SA_5	5	1	46254	90
179_PR_2	2	2	48353	100
251_PR_3	3	2	4599	60
180_LC_2	2	3	50689	60
326_SA_4	4	1	691	1
78_SA_1	1	1	1168	60
79_SA_1	1	1	1201	100
181_LC_2	2	3	763	120
252_SA_3	3	1	628	55
387_SA_5	5	1	54161	90
80_SA_1	1	1	75720	90
81_SA_1	1	1	6991	60
388_SA_5	5	1	1987	60
389_SA_5	5	1	37664	90
253_SA_3	3	1	59821	60
82_VI_1	1	4	4774	30
390_LC_5	5	3	4981	180
255_PR_3	3	2	36877	150
254_PR_3	3	2	67805	60
256_PR_3	3	2	419	90
257_SA_3	3	1	1432	5
258_SA_3	3	1	2329	120
83_SA_1	1	1	2006	240
327_SA_4	4	1	16004	120
84_LC_1	1	3	40706	15
85_PR_1	1	2	156	70
86_PR_1	1	2	53703	90
259_SA_3	3	1	179	110
260_SA_3	3	1	215	120
261_SA_3	3	1	5442	90
87_SA_1	1	1	2207	60
262_SA_3	3	1	1841	120
88_LC_1	1	3	51765	120
328_LC_4	4	3	50466	120
329_LC_4	4	3	39155	90
182_LC_2	2	3	61699	60
183_NU_2	2	5	557	20
263_SA_3	3	1	48091	60
184_SA_2	2	1	30244	15
185_SA_2	2	1	31892	35
331_SA_4	4	1	54386	160
330_SA_4	4	1	46870	120
264_SA_3	3	1	48153	65
186_PR_2	2	2	187	120
187_SA_2	2	1	44981	210
89_PR_1	1	2	74302	70
90_SA_1	1	1	91	90
391_LC_5	5	3	57894	75
393_PR_5	5	2	21327	150
91_PR_1	1	2	55192	120
392_PR_5	5	2	38247	35
188_VI_2	2	4	108	100
332_PR_4	4	2	1041	120
265_PR_3	3	2	52656	100
92_SA_1	1	1	45532	60
333_VI_4	4	4	47215	90
394_PR_5	5	2	56084	75
93_SA_1	1	1	2468	90
94_NU_1	1	5	63547	160
95_SA_1	1	1	324	140
334_SA_4	4	1	529	30
96_VI_1	1	4	43872	50
98_PR_1	1	2	65229	10
97_PR_1	1	2	65961	20
335_SA_4	4	1	11720	30
266_SA_3	3	1	4469	80
99_SA_1	1	1	65	75
267_NU_3	3	5	8832	50
336_VI_4	4	4	404	240
337_PR_4	4	2	2614	1
395_SA_5	5	1	133	90
338_SA_4	4	1	184	60
396_SA_5	5	1	73450	60
397_SA_5	5	1	49147	10
268_SA_3	3	1	848	90
398_NU_5	5	5	7851	150
340_SA_4	4	1	6688	60
339_SA_4	4	1	4751	140
189_PR_2	2	2	3428	80
399_SA_5	5	1	32894	60
190_SA_2	2	1	69055	30
100_PR_1	1	2	4936	60
269_SA_3	3	1	270493	40
400_PR_5	5	2	26628	45
270_PR_3	3	2	14412	75
