Iter 88
MasterProb = 150602

s [*] :=
1  14
2  84
3  58
4   4
5  86
;

SubProb = -47687.9
d = 124

distanceCost*(sum{l in 1 .. Lcap - 1} t[l]) = 4620

Iter 89
MasterProb = 115045

s [*] :=
1  31
2  47
3  71
4  86
5  85
;

SubProb = -35735.5
d = 180

distanceCost*(sum{l in 1 .. Lcap - 1} t[l]) = 3850

Iter 90
MasterProb = 114938

s [*] :=
1  31
2  47
3  71
4  84
5  85
;

SubProb = -29106.6
d = 176

distanceCost*(sum{l in 1 .. Lcap - 1} t[l]) = 3630

Iter 91
MasterProb = 103629

s [*] :=
1  82
2  10
3  83
4  88
5  89
;

SubProb = -40395.4
d = 0

distanceCost*(sum{l in 1 .. Lcap - 1} t[l]) = 2475

Iter 92
MasterProb = 79189.9

s [*] :=
1   2
2  33
3   8
4  81
5  87
;

SubProb = -46940.6
d = 276

distanceCost*(sum{l in 1 .. Lcap - 1} t[l]) = 3355

Iter 93
MasterProb = 79189.9

s [*] :=
1  81
2  47
3  85
4  88
5  89
;

SubProb = -16918.1
d = 0

distanceCost*(sum{l in 1 .. Lcap - 1} t[l]) = 1815

Iter 94
MasterProb = 67717.6

s [*] :=
1   2
2  83
3   4
4  67
5  86
;

SubProb = -7260.7
d = 54

distanceCost*(sum{l in 1 .. Lcap - 1} t[l]) = 4345

Iter 95
MasterProb = 67717.6

s [*] :=
1  82
2  84
3  88
4  89
5  90
;

SubProb = -8394.26
d = 0

distanceCost*(sum{l in 1 .. Lcap - 1} t[l]) = 935

Iter 96
MasterProb = 63737.5

s [*] :=
1  81
2  83
3  88
4  89
5  90
;

SubProb = -4819.26
d = 0

distanceCost*(sum{l in 1 .. Lcap - 1} t[l]) = 880

Iter 97
MasterProb = 63736.8

s [*] :=
1  86
2  83
3  88
4  89
5  90
;

SubProb = -4803.24
d = 0

distanceCost*(sum{l in 1 .. Lcap - 1} t[l]) = 880

Iter 98
MasterProb = 60444.2

s [*] :=
1  57
2  16
3  25
4  79
5  84
;

SubProb = -6335.01
d = 0

distanceCost*(sum{l in 1 .. Lcap - 1} t[l]) = 4125

Iter 99
MasterProb = 60444.2

s [*] :=
1  25
2  81
3  78
4  51
5  69
;

SubProb = -7172.84
d = 0

distanceCost*(sum{l in 1 .. Lcap - 1} t[l]) = 3795

Iter 100
MasterProb = 60444.2

s [*] :=
1  85
2  86
3  88
4  89
5  90
;

SubProb = -7135.89
d = 0

distanceCost*(sum{l in 1 .. Lcap - 1} t[l]) = 1155

Iter 101
MasterProb = 60112.9

s [*] :=
1  38
2  87
3  88
4  89
5  90
;

SubProb = -1756.98
d = 0

distanceCost*(sum{l in 1 .. Lcap - 1} t[l]) = 880

Iter 102
MasterProb = 59028.1

s [*] :=
1  74
2  87
3  88
4  89
5  90
;

SubProb = -1358.6
d = 0

distanceCost*(sum{l in 1 .. Lcap - 1} t[l]) = 880

Iter 103
MasterProb = 58684.6

s [*] :=
1  71
2  87
3  88
4  89
5  90
;

SubProb = -291.639
d = 0

distanceCost*(sum{l in 1 .. Lcap - 1} t[l]) = 880

Iter 104
MasterProb = 58590

s [*] :=
1  87
2  57
3  88
4  89
5  90
;

SubProb = -148.167
d = 0

distanceCost*(sum{l in 1 .. Lcap - 1} t[l]) = 880

Iter 105
MasterProb = 58574.6

s [*] :=
1  11
2  75
3  88
4  89
5  90
;

SubProb = -369.408
d = 0

distanceCost*(sum{l in 1 .. Lcap - 1} t[l]) = 935

Iter 106
MasterProb = 58552.4

s [*] :=
1  11
2  84
3  88
4  89
5  90
;

SubProb = -1275.02
d = 0

distanceCost*(sum{l in 1 .. Lcap - 1} t[l]) = 935

Iter 107
MasterProb = 58146.1

s [*] :=
1  86
2  11
3  88
4  89
5  90
;

SubProb = -1842.38
d = 0

distanceCost*(sum{l in 1 .. Lcap - 1} t[l]) = 1595

Iter 108
MasterProb = 57609

s [*] :=
1  48
2  87
3  88
4  89
5  90
;

SubProb = 69.8146
d = 0

distanceCost*(sum{l in 1 .. Lcap - 1} t[l]) = 880

Problema Entero
MasterProb = 117135

fo1 = 61715
fo2 = 55420

x[j] [*] :=
 81  1
183  1
191  1
200  1
211  1
218  1
230  1
239  1
255  1
298  1
340  1
341  1
413  1
431  1
459  1
515  1
554  1
563  1
565  1
569  1
;

aa[i,j] [*,*]
:   81 183 191 200 211 218 230 239 255 298 340 341 413 431 459 515 554 563 565 :=
1    0   0   0   0   0   0   0   1   0   0   0   0   0   0   0   0   0   0   0
2    0   0   1   0   0   0   0   0   0   0   0   0   0   0   0   0   0   0   0
3    0   0   0   0   1   0   0   0   0   0   0   0   0   0   0   0   0   0   0
4    0   0   0   0   0   0   0   0   0   0   0   0   0   0   0   0   0   0   0
5    0   0   0   0   0   0   0   0   1   0   0   0   0   0   0   0   0   0   0
6    0   1   0   0   0   0   0   0   0   0   0   0   0   0   0   0   0   0   0
7    0   0   0   0   0   0   0   0   0   1   0   0   0   0   0   0   0   0   0
8    0   0   0   0   0   0   0   0   0   0   0   0   0   0   0   0   0   0   0
9    0   0   1   0   0   0   0   0   0   0   0   0   0   0   0   0   0   0   0
10   0   0   0   0   0   0   0   0   0   0   0   0   0   0   0   0   1   0   0
11   0   0   0   0   0   0   0   0   0   0   0   0   0   0   0   0   0   0   0
12   0   0   0   0   0   0   0   0   0   0   0   0   0   0   0   1   0   0   0
13   0   0   0   0   0   0   0   0   0   0   0   1   0   0   0   0   0   0   0
14   0   0   0   0   0   0   0   0   0   0   1   0   0   0   0   0   0   0   0
15   0   0   0   0   0   0   0   0   0   0   0   0   0   0   0   1   0   0   0
16   0   0   0   0   0   0   0   1   0   0   0   0   0   0   0   0   0   0   0
17   0   0   0   0   0   0   0   0   0   0   0   0   0   0   0   1   0   0   0
18   0   0   0   0   1   0   0   0   0   0   0   0   0   0   0   0   0   0   0
19   0   1   0   0   0   0   0   0   0   0   0   0   0   0   0   0   0   0   0
20   0   0   0   0   0   0   0   1   0   0   0   0   0   0   0   0   0   0   0
21   0   0   0   0   0   0   0   0   1   0   0   0   0   0   0   0   0   0   0
22   0   0   0   0   0   0   0   0   0   0   1   0   0   0   0   0   0   0   0
23   0   0   0   0   0   0   0   0   0   0   0   1   0   0   0   0   0   0   0
24   0   0   0   0   1   0   0   0   0   0   0   0   0   0   0   0   0   0   0
25   0   0   0   0   1   0   0   0   0   0   0   0   0   0   0   0   0   0   0
26   0   0   0   1   0   0   0   0   0   0   0   0   0   0   0   0   0   0   0
27   0   0   0   1   0   0   0   0   0   0   0   0   0   0   0   0   0   0   0
28   0   0   0   0   0   0   0   0   0   1   0   0   0   0   0   0   0   0   0
29   0   0   0   0   0   0   0   0   0   0   0   0   0   0   1   0   0   0   0
30   0   0   0   0   0   0   1   0   0   0   0   0   0   0   0   0   0   0   0
31   0   0   0   1   0   0   0   0   0   0   0   0   0   0   0   0   0   0   0
32   0   0   0   0   0   0   0   1   0   0   0   0   0   0   0   0   0   0   0
33   0   0   0   0   0   0   0   0   0   1   0   0   0   0   0   0   0   0   0
34   0   0   0   0   0   0   0   0   1   0   0   0   0   0   0   0   0   0   0
35   0   0   0   0   0   0   0   0   0   0   0   0   0   0   1   0   0   0   0
36   0   0   0   0   0   0   0   0   0   1   0   0   0   0   0   0   0   0   0
37   0   0   0   0   0   0   0   0   1   0   0   0   0   0   0   0   0   0   0
38   0   0   0   0   0   0   0   0   0   0   1   0   0   0   0   0   0   0   0
39   0   0   0   0   0   0   0   0   0   0   1   0   0   0   0   0   0   0   0
40   0   0   1   0   0   0   0   0   0   0   0   0   0   0   0   0   0   0   0
41   0   0   0   0   0   0   1   0   0   0   0   0   0   0   0   0   0   0   0
42   0   0   0   0   0   1   0   0   0   0   0   0   0   0   0   0   0   0   0
43   0   0   0   0   0   0   0   0   0   0   0   0   0   1   0   0   0   0   0
44   0   0   0   0   0   0   0   0   0   0   0   0   0   0   0   0   0   0   0
45   0   0   1   0   0   0   0   0   0   0   0   0   0   0   0   0   0   0   0
46   0   0   0   0   0   0   0   0   0   0   0   0   0   1   0   0   0   0   0
47   0   0   0   0   0   1   0   0   0   0   0   0   0   0   0   0   0   0   0
48   0   0   0   0   0   0   0   0   0   0   0   1   0   0   0   0   0   0   0
49   0   0   0   0   1   0   0   0   0   0   0   0   0   0   0   0   0   0   0
50   0   0   0   0   0   1   0   0   0   0   0   0   0   0   0   0   0   0   0
51   0   0   0   0   0   0   0   0   1   0   0   0   0   0   0   0   0   0   0
52   0   0   0   0   0   0   0   0   0   0   0   0   0   1   0   0   0   0   0
53   0   0   0   0   0   0   0   0   0   0   0   0   0   0   0   1   0   0   0
54   0   0   0   0   0   0   0   0   0   0   0   0   0   1   0   0   0   0   0
55   0   0   0   0   0   0   0   0   0   0   0   0   0   1   0   0   0   0   0
56   0   0   0   0   0   1   0   0   0   0   0   0   0   0   0   0   0   0   0
57   0   1   0   0   0   0   0   0   0   0   0   0   0   0   0   0   0   0   0
58   0   0   0   0   0   0   0   0   0   0   0   1   0   0   0   0   0   0   0
59   0   0   0   0   0   0   0   0   0   0   0   0   0   0   1   0   0   0   0
60   0   0   0   0   0   0   0   0   0   0   0   0   1   0   0   0   0   0   0
61   0   0   1   0   0   0   0   0   0   0   0   0   0   0   0   0   0   0   0
62   0   1   0   0   0   0   0   0   0   0   0   0   0   0   0   0   0   0   0
63   0   0   0   0   0   0   0   0   0   0   0   0   1   0   0   0   0   0   0
64   0   0   0   0   0   0   0   0   0   0   0   1   0   0   0   0   0   0   0
65   0   0   0   0   0   1   0   0   0   0   0   0   0   0   0   0   0   0   0
66   0   0   0   0   0   0   0   1   0   0   0   0   0   0   0   0   0   0   0
67   0   0   0   0   0   0   0   0   0   0   0   0   0   0   0   1   0   0   0
68   0   0   0   0   0   0   1   0   0   0   0   0   0   0   0   0   0   0   0
69   0   0   0   0   0   0   0   0   0   0   0   0   0   0   1   0   0   0   0
70   0   1   0   0   0   0   0   0   0   0   0   0   0   0   0   0   0   0   0
71   0   0   0   0   0   0   0   0   0   0   0   0   1   0   0   0   0   0   0
72   0   0   0   0   0   0   0   0   0   0   0   0   1   0   0   0   0   0   0
73   0   0   0   1   0   0   0   0   0   0   0   0   0   0   0   0   0   0   0
74   0   0   0   0   0   0   0   0   0   0   0   0   0   0   0   0   0   0   1
75   0   0   0   0   0   0   1   0   0   0   0   0   0   0   0   0   0   0   0
76   0   0   0   0   0   0   0   0   0   0   0   0   1   0   0   0   0   0   0
77   0   0   0   0   0   0   1   0   0   0   0   0   0   0   0   0   0   0   0
78   0   0   0   0   0   0   0   0   0   1   0   0   0   0   0   0   0   0   0
79   0   0   0   0   0   0   0   0   0   0   0   0   0   0   1   0   0   0   0
80   0   0   0   0   0   0   0   0   0   0   1   0   0   0   0   0   0   0   0
81   1   0   0   0   0   0   0   0   0   0   0   0   0   0   0   0   0   0   0
82   0   0   0   0   0   0   0   0   0   0   0   0   0   0   0   0   1   0   0
83   0   0   0   0   0   0   0   0   0   0   0   0   0   0   0   0   1   0   0
84   0   0   0   0   0   0   0   0   0   0   0   0   0   0   0   0   0   0   0
85   0   0   0   0   0   0   0   0   0   0   0   0   0   0   0   0   0   1   0
86   0   0   0   0   0   0   0   0   0   0   0   0   0   0   0   0   0   1   0
87   0   0   0   0   0   0   0   0   0   0   0   0   0   0   0   0   0   0   1

:  569    :=
1    0
2    0
3    0
4    0
5    0
6    0
7    0
8    0
9    0
10   0
11   1
12   0
13   0
14   0
15   0
16   0
17   0
18   0
19   0
20   0
21   0
22   0
23   0
24   0
25   0
26   0
27   0
28   0
29   0
30   0
31   0
32   0
33   0
34   0
35   0
36   0
37   0
38   0
39   0
40   0
41   0
42   0
43   0
44   0
45   0
46   0
47   0
48   0
49   0
50   0
51   0
52   0
53   0
54   0
55   0
56   0
57   0
58   0
59   0
60   0
61   0
62   0
63   0
64   0
65   0
66   0
67   0
68   0
69   0
70   0
71   0
72   0
73   0
74   0
75   0
76   0
77   0
78   0
79   0
80   0
81   0
82   0
83   0
84   1
85   0
86   0
87   0
;

vi[i] [*] :=
 4  1
 8  1
44  1
;

:   x[i]   c[i] travel[i] delay[i]    :=
81    1       0       0         0
183   1    4640    3520      1120
191   1    3685    3685         0
200   1    2915    2915         0
211   1    3740    3740         0
218   1    3190    3190         0
230   1    3685    3685         0
239   1    3295    3135       160
255   1    4400    4400         0
298   1    3850    3850         0
340   1    3850    3850         0
341   1    4070    4070         0
413   1    3520    3520         0
431   1    4390    4070       320
459   1    3520    3520         0
515   1    3520    3520         0
554   1    2475    2475         0
563   1    1155    1155         0
565   1     880     880         0
569   1     935     935         0
;

