#Nombre	DiaAten	ModelId		T.Servicio	Penalty
191_PR_3	3	1	60	8219
101_PR_2	2	1	60	8219
1_PR_1	1	1	90	12868
341_SA_5	5	1	70	13342
102_SA_2	-3	2	120	27202
2_SA_1	-2	2	90	27812
103_SA_2	2	3	120	14180
104_LC_2	2	4	120	14761
271_PR_4	4	1	60	14791
105_LC_2	-3	5	200	29660
342_PR_5	5	2	60	14904
192_PR_3	3	2	130	14909
193_LC_3	3	3	70	15503
272_LC_4	4	2	130	15660
273_LC_4	4	3	90	15666
343_LC_5	5	3	45	15671
274_SA_4	4	4	60	15680
3_SA_1	-2	3	75	31398
106_NU_2	2	6	75	15991
107_PR_2	2	7	30	16003
344_LC_5	5	4	120	16355
108_LC_2	2	8	10	16355
345_SA_5	5	5	150	16408
194_PR_3	-4	4	20	33098
4_LC_1	1	4	120	16572
195_SA_3	3	5	150	16735
5_SA_1	1	5	90	16795
197_SA_3	3	6	120	16795
346_LC_5	5	6	70	16795
199_SA_3	3	7	80	16795
196_PR_3	-4	8	45	33590
198_SA_3	3	9	60	16795
6_SA_1	1	6	30	16895
200_SA_3	3	10	60	16895
201_LC_3	3	11	270	16895
347_SA_5	5	7	20	16978
7_SA_1	-2	7	290	34260
202_SA_3	3	12	180	17130
8_SA_1	1	8	60	17130
110_SA_2	-3	9	120	34260
111_SA_2	2	10	120	17130
112_SA_2	2	11	60	17130
109_SA_2	2	12	110	17130
114_SA_2	2	13	60	17130
113_SA_2	2	14	60	17130
203_SA_3	3	13	45	17130
115_PR_2	2	15	90	17272
348_SA_5	5	8	60	17330
349_SA_5	5	9	15	17330
9_SA_1	-2	9	360	34778
10_SA_1	1	10	60	17389
13_SA_1	-2	11	60	34778
14_SA_1	1	12	90	17389
350_SA_5	5	10	180	17389
12_SA_1	1	13	75	17389
204_SA_3	3	14	80	17389
205_SA_3	3	15	60	17389
352_PR_5	5	11	70	17389
11_SA_1	1	14	120	17389
275_SA_4	4	5	90	17389
276_SA_4	4	6	60	17389
277_SA_4	4	7	120	17389
120_SA_2	2	16	55	17389
279_SA_4	4	8	300	17389
280_NU_4	4	9	60	17389
119_SA_2	2	17	60	17389
124_SA_2	2	18	30	17389
121_LC_2	2	19	45	17389
122_SA_2	2	20	50	17389
351_SA_5	5	12	60	17389
118_SA_2	2	21	120	17389
278_PR_4	4	10	150	17389
116_SA_2	2	22	60	17389
117_SA_2	2	23	140	17389
123_SA_2	2	24	50	17389
15_SA_1	1	15	240	17440
125_SA_2	2	25	60	17462
281_PR_4	4	11	70	17462
282_LC_4	4	12	90	17485
127_PR_2	2	26	80	17714
206_PR_3	3	16	35	17714
126_PR_2	-3	27	180	35428
353_SA_5	5	13	5	17790
354_PR_5	5	14	30	17833
16_SA_1	1	16	110	17931
207_SA_3	3	17	50	17931
128_SA_2	2	28	120	17940
17_NU_1	-2	17	180	36004
129_NU_2	2	29	120	18002
283_SA_4	4	13	180	18020
355_LC_5	5	15	150	18055
130_SA_2	2	30	90	18055
356_SA_5	5	16	150	18104
131_PR_2	-3	31	215	36276
18_SA_1	1	18	90	18144
208_SA_3	3	18	90	18144
209_SA_3	3	19	45	18144
132_SA_2	2	32	20	18144
19_SA_1	1	19	180	18216
210_SA_3	3	20	180	18216
284_SA_4	4	14	240	18216
134_SA_2	2	33	60	18510
133_SA_2	2	34	90	18510
357_SA_5	5	17	60	18510
285_SA_4	4	15	60	18550
135_SA_2	2	35	60	18593
20_SA_1	1	20	60	18593
136_LC_2	2	36	30	18687
286_PR_4	4	16	60	18754
360_LC_5	5	18	10	18754
358_PR_5	5	19	70	18754
137_PR_2	2	37	150	18754
359_LC_5	5	20	10	18754
361_SA_5	5	21	10	18754
21_NU_1	-2	21	90	37610
211_NU_3	3	21	40	18805
362_PR_5	5	22	240	18861
22_PR_1	1	22	60	18862
213_LC_3	3	22	90	18862
139_PR_2	2	38	60	18862
140_SA_2	2	39	50	18862
288_SA_4	4	17	60	18862
287_PR_4	4	18	90	18862
212_SA_3	3	23	40	18862
138_VI_2	2	40	90	18862
363_VI_5	5	23	10	18915
214_VI_3	3	24	25	18915
215_PR_3	3	25	45	18925
23_SA_1	1	23	90	18948
24_PR_1	1	24	100	18950
289_LC_4	4	19	110	18964
25_PR_1	1	25	90	19077
141_NU_2	2	41	150	19121
26_NU_1	-2	26	420	38242
27_LC_1	1	27	180	19291
216_SA_3	3	26	80	19354
28_SA_1	1	28	30	19440
29_SA_1	1	29	60	19529
364_PR_5	5	24	1	19595
217_SA_3	3	27	150	19631
365_SA_5	5	25	120	19631
290_SA_4	4	20	60	19631
291_SA_4	4	21	150	19631
292_PR_4	4	22	50	19721
293_PR_4	4	23	165	19721
294_SA_4	4	24	90	19739
142_LC_2	2	42	50	19740
218_SA_3	3	28	120	19786
219_SA_3	3	29	90	19786
143_SA_2	-3	43	180	39572
144_SA_2	2	44	90	19792
145_LC_2	2	45	60	19813
146_SA_2	2	46	165	19813
147_LC_2	2	47	30	19813
220_PR_3	3	30	60	19813
30_PR_1	1	30	60	19838
295_LC_4	4	25	60	19859
366_SA_5	5	26	20	19861
32_SA_1	1	31	90	19883
31_SA_1	1	32	90	19883
367_PR_5	5	27	15	19965
33_LC_1	1	33	150	20023
221_PR_3	3	31	35	20156
296_SA_4	4	26	90	20209
222_PR_3	3	32	60	20300
223_PR_3	3	33	40	20313
224_PR_3	3	34	50	20380
34_LC_1	1	34	80	20386
148_SA_2	2	48	90	20396
368_PR_5	5	28	5	20439
369_SA_5	5	29	120	20481
370_SA_5	5	30	140	20481
225_SA_3	3	35	80	20514
35_SA_1	1	35	105	20514
297_SA_4	4	27	100	20541
36_LC_1	1	36	60	20570
298_PR_4	4	28	120	20667
150_SA_2	2	49	120	20737
149_SA_2	2	50	235	20737
151_SA_2	2	51	120	20759
38_PR_1	1	37	80	20905
371_PR_5	5	31	30	20905
37_PR_1	1	38	60	20905
39_LC_1	1	39	90	20953
226_PR_3	3	36	65	20982
372_LC_5	5	32	60	20986
227_LC_3	3	37	120	21023
40_SA_1	1	40	60	21061
228_SA_3	3	38	100	21191
152_LC_2	2	52	1	21204
41_LC_1	1	41	120	21365
42_PR_1	1	42	60	21365
299_LC_4	4	29	60	21379
43_SA_1	1	43	207	21402
300_SA_4	4	30	105	21450
301_SA_4	4	31	75	21503
44_PR_1	1	44	25	21513
153_PR_2	2	53	230	21526
302_SA_4	4	32	90	21596
373_SA_5	5	33	60	21602
154_PR_2	2	54	170	21617
374_PR_5	5	34	105	21617
155_SA_2	2	55	240	21622
375_PR_5	5	35	170	21627
229_SA_3	3	39	60	21646
156_PR_2	2	56	80	21753
45_VI_1	1	45	75	21756
46_SA_1	1	46	90	21886
47_SA_1	1	47	90	21886
230_PR_3	3	40	30	21894
303_LC_4	4	33	60	21895
376_PR_5	5	36	75	21897
304_VI_4	4	34	120	21951
231_SA_3	3	41	80	21951
49_SA_1	1	48	60	21951
306_SA_4	4	35	270	21951
305_PR_4	4	36	25	21951
377_PR_5	5	37	30	21951
157_SA_2	2	57	150	21951
48_SA_1	1	49	60	21951
232_PR_3	3	42	120	21951
307_SA_4	4	37	120	21995
233_SA_3	3	43	40	21996
378_PR_5	5	38	30	22014
234_LC_3	-4	44	60	44152
235_LC_3	3	45	120	22077
379_LC_5	5	39	60	22150
50_LC_1	1	50	80	22297
158_PR_2	2	58	85	22321
236_VI_3	3	46	90	22378
308_PR_4	4	38	30	22434
237_PR_3	3	47	70	22434
159_SA_2	2	59	55	22529
51_SA_1	1	51	90	22529
160_PR_2	2	60	60	22534
309_PR_4	4	39	60	22538
310_PR_4	4	40	120	22538
161_LC_2	2	61	180	22542
238_SA_3	3	48	60	22591
162_SA_2	2	62	1	22609
239_SA_3	3	49	180	22661
52_PR_1	1	52	30	22776
240_PR_3	3	50	60	22776
53_NU_1	1	53	90	22780
311_PR_4	4	41	60	22833
241_SA_3	3	51	20	22835
55_LC_1	1	54	60	22840
54_LC_1	1	55	60	22840
312_PR_4	4	42	50	22912
56_LC_1	1	56	150	22975
313_PR_4	4	43	50	23008
163_PR_2	2	63	120	23008
164_NU_2	2	64	90	23016
314_SA_4	4	44	20	23043
380_LC_5	5	40	234	23067
59_SA_1	1	57	60	23067
57_SA_1	1	58	60	23067
58_SA_1	1	59	60	23067
165_SA_2	2	65	120	23169
60_LC_1	1	60	90	23191
167_SA_2	2	66	60	23201
64_SA_1	1	61	10	23201
62_SA_1	1	62	150	23201
61_SA_1	1	63	30	23201
166_SA_2	2	67	40	23201
65_SA_1	1	64	30	23201
63_SA_1	1	65	75	23201
381_SA_5	5	41	60	23201
242_LC_3	3	52	40	23218
315_SA_4	4	45	180	23329
316_NU_4	4	46	60	23391
66_PR_1	1	66	75	23455
168_SA_2	2	68	60	23565
67_SA_1	1	67	60	23616
317_LC_4	4	47	45	23669
243_SA_3	3	53	120	23701
318_SA_4	4	48	240	23701
68_SA_1	1	68	120	23788
69_VI_1	1	69	60	23805
382_PR_5	5	42	30	23842
319_PR_4	4	49	90	23858
71_PR_1	1	70	520	23927
70_SA_1	1	71	180	23927
170_SA_2	2	69	120	23927
244_SA_3	3	54	80	23927
169_LC_2	2	70	135	23927
171_PR_2	2	71	65	23958
172_NU_2	2	72	60	23959
321_SA_4	4	50	240	24069
383_SA_5	5	43	240	24069
73_PR_1	1	72	120	24069
72_SA_1	1	73	195	24069
320_SA_4	4	51	120	24069
322_SA_4	4	52	90	24069
245_SA_3	3	55	160	24098
384_SA_5	5	44	240	24098
323_SA_4	4	53	120	24098
246_LC_3	3	56	100	24120
247_SA_3	3	57	90	24287
74_SA_1	1	74	60	24296
75_SA_1	1	75	75	24391
174_SA_2	-3	73	360	48782
173_SA_2	2	74	55	24391
175_SA_2	2	75	90	24391
385_SA_5	5	45	60	24391
248_SA_3	3	58	60	24414
176_SA_2	2	76	90	24500
177_PR_2	2	77	50	24544
249_SA_3	3	59	75	24573
76_SA_1	1	76	100	24635
250_SA_3	3	60	60	24873
77_SA_1	1	77	120	24873
178_NU_2	2	78	20	24918
324_SA_4	4	54	130	24949
325_PR_4	4	55	180	25010
386_SA_5	5	46	90	25035
179_PR_2	2	79	100	25200
251_PR_3	3	61	60	25225
180_LC_2	2	80	60	25226
326_SA_4	4	56	1	25235
78_SA_1	1	78	60	25235
79_SA_1	1	79	100	25235
181_LC_2	2	81	120	25235
252_SA_3	3	62	55	25235
387_SA_5	5	47	90	25328
80_SA_1	1	80	90	25411
81_SA_1	1	81	60	25416
388_SA_5	5	48	60	25441
389_SA_5	5	49	90	25464
253_SA_3	3	63	60	25464
82_VI_1	1	82	30	25470
390_LC_5	5	50	180	25497
255_PR_3	3	64	150	25757
254_PR_3	3	65	60	25757
256_PR_3	3	66	90	25767
257_SA_3	3	67	5	25819
258_SA_3	3	68	120	25871
83_SA_1	1	83	240	25871
327_SA_4	4	57	120	25995
84_LC_1	1	84	15	26045
85_PR_1	1	85	70	26048
86_PR_1	1	86	90	26413
259_SA_3	3	69	110	26441
260_SA_3	3	70	120	26453
261_SA_3	3	71	90	26461
87_SA_1	1	87	60	26608
262_SA_3	3	72	120	26608
88_LC_1	1	88	120	26704
328_LC_4	4	58	120	26862
329_LC_4	4	59	90	26862
182_LC_2	2	82	60	27021
183_NU_2	2	83	20	27109
263_SA_3	3	73	60	27236
184_SA_2	2	84	15	27236
185_SA_2	2	85	35	27272
331_SA_4	4	60	160	27272
330_SA_4	4	61	120	27272
264_SA_3	3	74	65	27357
186_PR_2	2	86	120	27423
187_SA_2	2	87	210	27444
89_PR_1	1	89	70	27470
90_SA_1	1	90	90	27625
391_LC_5	5	51	75	27712
393_PR_5	5	52	150	27757
91_PR_1	1	91	120	27757
392_PR_5	5	53	35	27757
188_VI_2	2	88	100	27776
332_PR_4	4	62	120	28028
265_PR_3	3	75	100	28097
92_SA_1	1	92	60	28349
333_VI_4	4	63	90	28460
394_PR_5	5	54	75	28467
93_SA_1	1	93	90	28530
94_NU_1	1	94	160	28594
95_SA_1	1	95	140	28898
334_SA_4	4	64	30	28907
96_VI_1	1	96	50	28944
98_PR_1	1	97	10	29092
97_PR_1	1	98	20	29092
335_SA_4	4	65	30	29098
266_SA_3	3	76	80	29230
99_SA_1	1	99	75	29430
267_NU_3	3	77	50	29583
336_VI_4	4	66	240	30218
337_PR_4	4	67	1	30837
395_SA_5	5	55	90	30871
338_SA_4	4	68	60	30871
396_SA_5	5	56	60	30897
397_SA_5	5	57	10	30897
268_SA_3	3	78	90	31246
398_NU_5	5	58	150	31829
340_SA_4	4	69	60	31829
339_SA_4	4	70	140	31829
189_PR_2	2	89	80	31829
399_SA_5	5	59	60	32212
190_SA_2	2	90	30	32212
100_PR_1	1	100	60	32278
269_SA_3	3	79	40	32890
400_PR_5	5	60	45	33195
270_PR_3	3	80	75	33741
