#Nombre	DiaAten	ModelId		T.Servicio	Penalty
191_PR_3	-4	1	60	17590
101_PR_2	2	1	60	8795
1_PR_1	-2	1	90	26348
341_SA_5	5	1	70	13347
102_SA_2	-3	2	120	31560
2_SA_1	1	2	90	15860
103_SA_2	2	3	120	16791
104_LC_2	2	4	120	17636
271_PR_4	4	1	60	17867
105_LC_2	-3	5	200	37254
342_PR_5	-6	2	60	37322
192_PR_3	3	2	130	18821
193_LC_3	-4	3	70	38328
272_LC_4	4	2	130	19215
273_LC_4	4	3	90	19454
343_LC_5	5	3	45	19739
274_SA_4	4	4	60	20160
3_SA_1	1	3	75	20494
106_NU_2	2	6	75	21036
107_PR_2	2	7	30	21497
344_LC_5	5	4	120	22063
108_LC_2	2	8	10	22063
345_SA_5	5	5	150	22124
194_PR_3	3	4	20	22225
4_LC_1	1	4	120	22727
195_SA_3	-4	5	150	46166
5_SA_1	1	5	90	23175
197_SA_3	3	6	120	23175
346_LC_5	5	6	70	23175
199_SA_3	3	7	80	23175
196_PR_3	3	8	45	23175
198_SA_3	3	9	60	23175
6_SA_1	1	6	30	23382
200_SA_3	3	10	60	23382
201_LC_3	-4	11	270	46764
347_SA_5	5	7	20	23482
7_SA_1	1	7	290	23727
202_SA_3	3	12	180	23727
8_SA_1	1	8	60	23727
110_SA_2	2	9	120	23727
111_SA_2	2	10	120	23727
112_SA_2	2	11	60	23727
109_SA_2	2	12	110	23727
114_SA_2	2	13	60	23727
113_SA_2	2	14	60	23727
203_SA_3	3	13	45	23727
115_PR_2	2	15	90	23998
348_SA_5	5	8	60	24139
349_SA_5	5	9	15	24139
9_SA_1	1	9	360	24225
10_SA_1	1	10	60	24225
13_SA_1	-2	11	60	48450
14_SA_1	1	12	90	24225
350_SA_5	5	10	180	24225
12_SA_1	1	13	75	24225
204_SA_3	3	14	80	24225
205_SA_3	3	15	60	24225
352_PR_5	5	11	70	24225
11_SA_1	-2	14	120	48450
275_SA_4	-5	5	90	48450
276_SA_4	4	6	60	24225
277_SA_4	4	7	120	24225
120_SA_2	2	16	55	24225
279_SA_4	4	8	300	24225
280_NU_4	4	9	60	24225
119_SA_2	2	17	60	24225
124_SA_2	2	18	30	24225
121_LC_2	2	19	45	24225
122_SA_2	2	20	50	24225
351_SA_5	5	12	60	24225
118_SA_2	2	21	120	24225
278_PR_4	4	10	150	24225
116_SA_2	-3	22	60	48450
117_SA_2	2	23	140	24225
123_SA_2	2	24	50	24225
15_SA_1	1	15	240	24349
125_SA_2	2	25	60	24377
281_PR_4	4	11	70	24377
282_LC_4	4	12	90	24395
127_PR_2	2	26	80	24738
206_PR_3	3	16	35	24738
126_PR_2	2	27	180	24738
353_SA_5	5	13	5	24806
354_PR_5	5	14	30	24862
16_SA_1	1	16	110	24882
207_SA_3	3	17	50	24882
128_SA_2	2	28	120	24933
17_NU_1	1	17	180	25011
129_NU_2	2	29	120	25011
283_SA_4	4	13	180	25186
355_LC_5	5	15	150	25271
130_SA_2	2	30	90	25271
356_SA_5	5	16	150	25335
131_PR_2	2	31	215	25354
18_SA_1	1	18	90	25411
208_SA_3	3	18	90	25411
209_SA_3	3	19	45	25411
132_SA_2	2	32	20	25411
19_SA_1	1	19	180	25546
210_SA_3	3	20	180	25546
284_SA_4	4	14	240	25546
134_SA_2	2	33	60	25620
133_SA_2	-3	34	90	51240
357_SA_5	5	17	60	25620
285_SA_4	4	15	60	25668
135_SA_2	2	35	60	25768
20_SA_1	1	20	60	25768
136_LC_2	2	36	30	25871
286_PR_4	4	16	60	26166
360_LC_5	5	18	10	26166
358_PR_5	5	19	70	26166
137_PR_2	2	37	150	26166
359_LC_5	5	20	10	26166
361_SA_5	5	21	10	26166
21_NU_1	1	21	90	26169
211_NU_3	3	21	40	26169
362_PR_5	5	22	240	26234
22_PR_1	-2	22	60	52640
213_LC_3	3	22	90	26320
139_PR_2	2	38	60	26320
140_SA_2	2	39	50	26320
288_SA_4	4	17	60	26320
287_PR_4	-5	18	90	52640
212_SA_3	3	23	40	26320
138_VI_2	-3	40	90	52640
363_VI_5	5	23	10	26399
214_VI_3	-4	24	25	52798
215_PR_3	3	25	45	26408
23_SA_1	1	23	90	26577
24_PR_1	1	24	100	26648
289_LC_4	4	19	110	26868
25_PR_1	1	25	90	26884
141_NU_2	2	41	150	26936
26_NU_1	-2	26	420	53872
27_LC_1	1	27	180	27309
216_SA_3	3	26	80	27386
28_SA_1	1	28	30	27394
29_SA_1	1	29	60	27575
364_PR_5	5	24	1	27687
217_SA_3	3	27	150	27767
365_SA_5	5	25	120	27767
290_SA_4	4	20	60	27767
291_SA_4	4	21	150	27813
292_PR_4	4	22	50	27830
293_PR_4	4	23	165	27830
294_SA_4	4	24	90	27862
142_LC_2	2	42	50	27948
218_SA_3	-4	28	120	56014
219_SA_3	3	29	90	28007
143_SA_2	2	43	180	28007
144_SA_2	2	44	90	28046
145_LC_2	2	45	60	28301
146_SA_2	2	46	165	28301
147_LC_2	2	47	30	28301
220_PR_3	3	30	60	28301
30_PR_1	1	30	60	28426
295_LC_4	4	25	60	28427
366_SA_5	5	26	20	28428
32_SA_1	1	31	90	28549
31_SA_1	1	32	90	28549
367_PR_5	5	27	15	28784
33_LC_1	-2	33	150	58036
221_PR_3	3	31	35	29058
296_SA_4	4	26	90	29198
222_PR_3	3	32	60	29369
223_PR_3	3	33	40	29374
224_PR_3	3	34	50	29381
34_LC_1	-2	34	80	58782
148_SA_2	2	48	90	29403
368_PR_5	5	28	5	29403
369_SA_5	5	29	120	29493
370_SA_5	5	30	140	29493
225_SA_3	3	35	80	29707
35_SA_1	1	35	105	29707
297_SA_4	4	27	100	29736
36_LC_1	1	36	60	29737
298_PR_4	4	28	120	29754
150_SA_2	2	49	120	30125
149_SA_2	2	50	235	30125
151_SA_2	2	51	120	30193
38_PR_1	1	37	80	30296
371_PR_5	5	31	30	30296
37_PR_1	1	38	60	30296
39_LC_1	1	39	90	30372
226_PR_3	3	36	65	30594
372_LC_5	5	32	60	30622
227_LC_3	3	37	120	30692
40_SA_1	1	40	60	30837
228_SA_3	3	38	100	31004
152_LC_2	2	52	1	31036
41_LC_1	1	41	120	31094
42_PR_1	1	42	60	31094
299_LC_4	4	29	60	31126
43_SA_1	1	43	207	31349
300_SA_4	4	30	105	31421
301_SA_4	4	31	75	31453
44_PR_1	1	44	25	31517
153_PR_2	2	53	230	31677
302_SA_4	4	32	90	31695
373_SA_5	5	33	60	31731
154_PR_2	2	54	170	31902
374_PR_5	5	34	105	31902
155_SA_2	2	55	240	31924
375_PR_5	5	35	170	32016
229_SA_3	3	39	60	32031
156_PR_2	-3	56	80	64132
45_VI_1	1	45	75	32098
46_SA_1	1	46	90	32252
47_SA_1	1	47	90	32252
230_PR_3	3	40	30	32473
303_LC_4	4	33	60	32672
376_PR_5	5	36	75	32815
304_VI_4	4	34	120	32847
231_SA_3	3	41	80	32847
49_SA_1	-2	48	60	65694
306_SA_4	4	35	270	32847
305_PR_4	4	36	25	32847
377_PR_5	5	37	30	32847
157_SA_2	2	57	150	32847
48_SA_1	1	49	60	32847
232_PR_3	3	42	120	32847
307_SA_4	4	37	120	32968
233_SA_3	3	43	40	32986
378_PR_5	5	38	30	33035
234_LC_3	3	44	60	33057
235_LC_3	3	45	120	33126
379_LC_5	5	39	60	33200
50_LC_1	1	50	80	33349
158_PR_2	2	58	85	33368
236_VI_3	3	46	90	33381
308_PR_4	4	38	30	33407
237_PR_3	3	47	70	33407
159_SA_2	2	59	55	33564
51_SA_1	1	51	90	33564
160_PR_2	2	60	60	33682
309_PR_4	4	39	60	33775
310_PR_4	4	40	120	33775
161_LC_2	2	61	180	34068
238_SA_3	3	48	60	34294
162_SA_2	2	62	1	34329
239_SA_3	3	49	180	34375
52_PR_1	1	52	30	34404
240_PR_3	3	50	60	34404
53_NU_1	1	53	90	34429
311_PR_4	4	41	60	34478
241_SA_3	3	51	20	34547
55_LC_1	-2	54	60	69098
54_LC_1	1	55	60	34549
312_PR_4	4	42	50	34614
56_LC_1	1	56	150	34624
313_PR_4	4	43	50	34770
163_PR_2	2	63	120	34770
164_NU_2	2	64	90	34838
314_SA_4	4	44	20	34946
380_LC_5	5	40	234	34961
59_SA_1	1	57	60	34975
57_SA_1	1	58	60	34975
58_SA_1	1	59	60	34975
165_SA_2	2	65	120	35016
60_LC_1	1	60	90	35021
167_SA_2	2	66	60	35064
64_SA_1	1	61	10	35064
62_SA_1	1	62	150	35064
61_SA_1	1	63	30	35064
166_SA_2	2	67	40	35064
65_SA_1	1	64	30	35064
63_SA_1	1	65	75	35064
381_SA_5	5	41	60	35064
242_LC_3	3	52	40	35265
315_SA_4	4	45	180	35339
316_NU_4	4	46	60	35380
66_PR_1	1	66	75	35537
168_SA_2	2	68	60	35726
67_SA_1	1	67	60	35839
317_LC_4	4	47	45	35853
243_SA_3	3	53	120	35872
318_SA_4	4	48	240	35872
68_SA_1	1	68	120	35912
69_VI_1	1	69	60	35962
382_PR_5	5	42	30	36047
319_PR_4	4	49	90	36054
71_PR_1	-2	70	520	72294
70_SA_1	1	71	180	36147
170_SA_2	2	69	120	36147
244_SA_3	3	54	80	36147
169_LC_2	2	70	135	36147
171_PR_2	2	71	65	36317
172_NU_2	2	72	60	36521
321_SA_4	4	50	240	36609
383_SA_5	5	43	240	36609
73_PR_1	1	72	120	36609
72_SA_1	1	73	195	36609
320_SA_4	4	51	120	36609
322_SA_4	4	52	90	36609
245_SA_3	3	55	160	36823
384_SA_5	5	44	240	36823
323_SA_4	4	53	120	36823
246_LC_3	3	56	100	36874
247_SA_3	3	57	90	36916
74_SA_1	1	74	60	37099
75_SA_1	1	75	75	37101
174_SA_2	2	73	360	37101
173_SA_2	2	74	55	37101
175_SA_2	2	75	90	37101
385_SA_5	5	45	60	37101
248_SA_3	3	58	60	37139
176_SA_2	2	76	90	37289
177_PR_2	2	77	50	37344
249_SA_3	3	59	75	37471
76_SA_1	1	76	100	37558
250_SA_3	3	60	60	37568
77_SA_1	1	77	120	37568
178_NU_2	2	78	20	37616
324_SA_4	4	54	130	37627
325_PR_4	4	55	180	37671
386_SA_5	5	46	90	37677
179_PR_2	2	79	100	37774
251_PR_3	3	61	60	37787
180_LC_2	2	80	60	37815
326_SA_4	4	56	1	37902
78_SA_1	1	78	60	37902
79_SA_1	-2	79	100	75804
181_LC_2	2	81	120	37902
252_SA_3	3	62	55	37902
387_SA_5	5	47	90	37931
80_SA_1	1	80	90	38101
81_SA_1	1	81	60	38180
388_SA_5	5	48	60	38266
389_SA_5	5	49	90	38375
253_SA_3	3	63	60	38375
82_VI_1	1	82	30	38383
390_LC_5	5	50	180	38446
255_PR_3	3	64	150	38547
254_PR_3	3	65	60	38547
256_PR_3	3	66	90	38581
257_SA_3	3	67	5	38659
258_SA_3	3	68	120	38683
83_SA_1	1	83	240	38683
327_SA_4	4	57	120	38697
84_LC_1	1	84	15	38832
85_PR_1	1	85	70	38964
86_PR_1	1	86	90	39110
259_SA_3	3	69	110	39218
260_SA_3	3	70	120	39257
261_SA_3	3	71	90	39271
87_SA_1	1	87	60	39671
262_SA_3	3	72	120	39671
88_LC_1	1	88	120	39733
328_LC_4	4	58	120	39835
329_LC_4	4	59	90	39835
182_LC_2	2	82	60	39835
183_NU_2	2	83	20	40243
263_SA_3	3	73	60	40615
184_SA_2	2	84	15	40615
185_SA_2	2	85	35	40784
331_SA_4	4	60	160	40784
330_SA_4	4	61	120	40784
264_SA_3	3	74	65	40794
186_PR_2	2	86	120	40919
187_SA_2	2	87	210	40969
89_PR_1	1	89	70	40993
90_SA_1	1	90	90	41925
391_LC_5	5	51	75	42520
393_PR_5	5	52	150	42689
91_PR_1	1	91	120	42689
392_PR_5	5	53	35	42689
188_VI_2	2	88	100	42794
332_PR_4	4	62	120	42819
265_PR_3	3	75	100	43152
92_SA_1	1	92	60	43568
333_VI_4	4	63	90	43829
394_PR_5	5	54	75	43854
93_SA_1	1	93	90	43868
94_NU_1	1	94	160	43903
95_SA_1	1	95	140	43942
334_SA_4	4	64	30	44182
96_VI_1	1	96	50	44187
98_PR_1	1	97	10	44192
97_PR_1	1	98	20	44192
335_SA_4	4	65	30	44244
266_SA_3	3	76	80	44407
99_SA_1	1	99	75	45148
267_NU_3	3	77	50	45436
336_VI_4	4	66	240	45505
337_PR_4	4	67	1	45516
395_SA_5	5	55	90	45744
338_SA_4	4	68	60	45744
396_SA_5	5	56	60	45922
397_SA_5	5	57	10	45922
268_SA_3	3	78	90	45950
398_NU_5	5	58	150	48037
340_SA_4	4	69	60	48037
339_SA_4	4	70	140	48037
189_PR_2	2	89	80	48037
399_SA_5	5	59	60	48891
190_SA_2	2	90	30	48891
100_PR_1	1	100	60	49516
269_SA_3	3	79	40	49669
400_PR_5	5	60	45	50481
270_PR_3	3	80	75	50624
