#Nombre	DiaAten	ModelId		T.Servicio	Penalty
191_PR_3	3	1	60	872
101_PR_2	2	1	60	2889
1_PR_1	1	1	90	6252
341_SA_5	5	1	70	2256
102_SA_2	2	2	120	5496
2_SA_1	1	2	90	48594
103_SA_2	2	3	120	54867
104_LC_2	-3	4	120	2644
271_PR_4	4	1	60	24655
105_LC_2	2	5	200	49408
342_PR_5	5	2	60	2608
192_PR_3	3	2	130	5265
193_LC_3	3	3	70	4488
272_LC_4	4	2	130	48181
273_LC_4	4	3	90	4184
343_LC_5	5	3	45	45595
274_SA_4	4	4	60	52945
3_SA_1	1	3	75	50372
106_NU_2	2	6	75	53139
107_PR_2	2	7	30	52076
344_LC_5	5	4	120	50267
108_LC_2	2	8	10	51121
345_SA_5	-6	5	150	3066
194_PR_3	3	4	20	47738
4_LC_1	1	4	120	5593
195_SA_3	3	5	150	4252
5_SA_1	1	5	90	45402
197_SA_3	3	6	120	50267
346_LC_5	5	6	70	45251
199_SA_3	3	7	80	50940
196_PR_3	3	8	45	47508
198_SA_3	3	9	60	51147
6_SA_1	1	6	30	6762
200_SA_3	3	10	60	8186
201_LC_3	3	11	270	6543
347_SA_5	5	7	20	50435
7_SA_1	1	7	290	52033
202_SA_3	3	12	180	52200
8_SA_1	1	8	60	44400
110_SA_2	2	9	120	53296
111_SA_2	2	10	120	48859
112_SA_2	2	11	60	52612
109_SA_2	2	12	110	46358
114_SA_2	2	13	60	48840
113_SA_2	2	14	60	45303
203_SA_3	3	13	45	52752
115_PR_2	2	15	90	54905
348_SA_5	5	8	60	5344
349_SA_5	5	9	15	3875
9_SA_1	1	9	360	3459
10_SA_1	1	10	60	3173
13_SA_1	1	11	60	1545
14_SA_1	1	12	90	6684
350_SA_5	-6	10	180	2088
12_SA_1	-2	13	75	1246
204_SA_3	3	14	80	3392
205_SA_3	3	15	60	2998
352_PR_5	5	11	70	3470
11_SA_1	-2	14	120	3474
275_SA_4	4	5	90	3765
276_SA_4	4	6	60	3619
277_SA_4	4	7	120	1623
120_SA_2	-3	16	55	1600
279_SA_4	-5	8	300	2244
280_NU_4	-5	9	60	1746
119_SA_2	2	17	60	360
124_SA_2	2	18	30	4166
121_LC_2	-3	19	45	6252
122_SA_2	2	20	50	4942
351_SA_5	5	12	60	2472
118_SA_2	-3	21	120	4494
278_PR_4	4	10	150	1300
116_SA_2	2	22	60	2565
117_SA_2	-3	23	140	2446
123_SA_2	-3	24	50	2124
15_SA_1	1	15	240	55172
125_SA_2	2	25	60	46838
281_PR_4	4	11	70	51806
282_LC_4	4	12	90	31464
127_PR_2	2	26	80	117438
206_PR_3	3	16	35	118820
126_PR_2	2	27	180	114458
353_SA_5	-6	13	5	3050
354_PR_5	5	14	30	50029
16_SA_1	1	16	110	3498
207_SA_3	3	17	50	1960
128_SA_2	2	28	120	1795
17_NU_1	-2	17	180	3070
129_NU_2	2	29	120	834
283_SA_4	4	13	180	2496
355_LC_5	5	15	150	3265
130_SA_2	-3	30	90	1634
356_SA_5	-6	16	150	2466
131_PR_2	2	31	215	49806
18_SA_1	-2	18	90	938
208_SA_3	-4	18	90	2884
209_SA_3	3	19	45	1463
132_SA_2	2	32	20	1372
19_SA_1	1	19	180	90812
210_SA_3	3	20	180	94185
284_SA_4	4	14	240	96431
134_SA_2	2	33	60	53362
133_SA_2	2	34	90	52578
357_SA_5	5	17	60	47520
285_SA_4	4	15	60	46742
135_SA_2	2	35	60	48342
20_SA_1	1	20	60	50672
136_LC_2	-3	36	30	4926
286_PR_4	4	16	60	51272
360_LC_5	5	18	10	48425
358_PR_5	5	19	70	49548
137_PR_2	2	37	150	49565
359_LC_5	5	20	10	51718
361_SA_5	5	21	10	53186
21_NU_1	1	21	90	24492
211_NU_3	3	21	40	21005
362_PR_5	5	22	240	52155
22_PR_1	1	22	60	48442
213_LC_3	3	22	90	48920
139_PR_2	2	38	60	50959
140_SA_2	2	39	50	46564
288_SA_4	4	17	60	49494
287_PR_4	4	18	90	49813
212_SA_3	3	23	40	48957
138_VI_2	2	40	90	54604
363_VI_5	5	23	10	1964
214_VI_3	3	24	25	6091
215_PR_3	3	25	45	53669
23_SA_1	1	23	90	47176
24_PR_1	1	24	100	5988
289_LC_4	4	19	110	34160
25_PR_1	1	25	90	7443
141_NU_2	2	41	150	5843
26_NU_1	-2	26	420	448
27_LC_1	1	27	180	3249
216_SA_3	3	26	80	15964
28_SA_1	1	28	30	837
29_SA_1	1	29	60	52284
364_PR_5	-6	24	1	1202
217_SA_3	-4	27	150	1368
365_SA_5	-6	25	120	3002
290_SA_4	4	20	60	2004
291_SA_4	4	21	150	4672
292_PR_4	4	22	50	4435
293_PR_4	-5	23	165	5942
294_SA_4	4	24	90	29187
142_LC_2	2	42	50	6747
218_SA_3	3	28	120	4746
219_SA_3	3	29	90	10370
143_SA_2	-3	43	180	522
144_SA_2	2	44	90	3630
145_LC_2	-3	45	60	3226
146_SA_2	-3	46	165	5584
147_LC_2	-3	47	30	896
220_PR_3	-4	30	60	662
30_PR_1	1	30	60	6168
295_LC_4	4	25	60	3125
366_SA_5	5	26	20	12509
32_SA_1	1	31	90	19418
31_SA_1	1	32	90	13265
367_PR_5	5	27	15	51995
33_LC_1	1	33	150	5003
221_PR_3	3	31	35	48369
296_SA_4	4	26	90	48012
222_PR_3	3	32	60	52851
223_PR_3	3	33	40	48458
224_PR_3	3	34	50	1871
34_LC_1	1	34	80	53519
148_SA_2	2	48	90	12196
368_PR_5	5	28	5	19274
369_SA_5	5	29	120	52882
370_SA_5	5	30	140	48286
225_SA_3	-4	35	80	5026
35_SA_1	-2	35	105	5784
297_SA_4	4	27	100	3280
36_LC_1	1	36	60	52019
298_PR_4	-5	28	120	1232
150_SA_2	2	49	120	7469
149_SA_2	-3	50	235	8638
151_SA_2	2	51	120	77542
38_PR_1	1	37	80	52291
371_PR_5	5	31	30	49292
37_PR_1	1	38	60	51192
39_LC_1	1	39	90	3579
226_PR_3	3	36	65	53174
372_LC_5	5	32	60	52905
227_LC_3	-4	37	120	1038
40_SA_1	1	40	60	6896
228_SA_3	3	38	100	46418
152_LC_2	-3	52	1	412
41_LC_1	1	41	120	681
42_PR_1	1	42	60	6084
299_LC_4	-5	29	60	1806
43_SA_1	1	43	207	4118
300_SA_4	4	30	105	51496
301_SA_4	4	31	75	2776
44_PR_1	-2	44	25	10622
153_PR_2	2	53	230	48204
302_SA_4	4	32	90	51848
373_SA_5	-6	33	60	3586
154_PR_2	2	54	170	51396
374_PR_5	5	34	105	50123
155_SA_2	2	55	240	51786
375_PR_5	5	35	170	54304
229_SA_3	-4	39	60	4466
156_PR_2	2	56	80	51557
45_VI_1	1	45	75	10495
46_SA_1	-2	46	90	2122
47_SA_1	-2	47	90	3058
230_PR_3	3	40	30	39018
303_LC_4	4	33	60	51857
376_PR_5	5	36	75	48549
304_VI_4	-5	34	120	762
231_SA_3	-4	41	80	2626
49_SA_1	-2	48	60	2126
306_SA_4	-5	35	270	5120
305_PR_4	-5	36	25	202
377_PR_5	5	37	30	3095
157_SA_2	2	57	150	5700
48_SA_1	-2	49	60	750
232_PR_3	-4	42	120	3652
307_SA_4	4	37	120	48820
233_SA_3	3	43	40	52453
378_PR_5	5	38	30	53339
234_LC_3	3	44	60	4737
235_LC_3	3	45	120	2666
379_LC_5	5	39	60	52461
50_LC_1	1	50	80	50644
158_PR_2	-3	58	85	3126
236_VI_3	-4	46	90	1630
308_PR_4	4	38	30	49905
237_PR_3	3	47	70	49670
159_SA_2	-3	59	55	2076
51_SA_1	1	51	90	2060
160_PR_2	2	60	60	49250
309_PR_4	4	39	60	52568
310_PR_4	4	40	120	51527
161_LC_2	2	61	180	50744
238_SA_3	3	48	60	10716
162_SA_2	2	62	1	9915
239_SA_3	3	49	180	50405
52_PR_1	1	52	30	4841
240_PR_3	3	50	60	2088
53_NU_1	1	53	90	46885
311_PR_4	4	41	60	48903
241_SA_3	3	51	20	53055
55_LC_1	-2	54	60	6366
54_LC_1	1	55	60	3352
312_PR_4	4	42	50	205212
56_LC_1	1	56	150	1777
313_PR_4	4	43	50	5543
163_PR_2	2	63	120	1063
164_NU_2	-3	64	90	5724
314_SA_4	4	44	20	1010
380_LC_5	5	40	234	9142
59_SA_1	-2	57	60	654
57_SA_1	1	58	60	5908
58_SA_1	-2	59	60	7904
165_SA_2	2	65	120	48645
60_LC_1	1	60	90	7969
167_SA_2	2	66	60	45830
64_SA_1	1	61	10	49581
62_SA_1	1	62	150	52512
61_SA_1	1	63	30	51371
166_SA_2	2	67	40	49512
65_SA_1	1	64	30	46476
63_SA_1	1	65	75	48443
381_SA_5	5	41	60	54660
242_LC_3	3	52	40	48003
315_SA_4	-5	45	180	4138
316_NU_4	4	46	60	9960
66_PR_1	-2	66	75	528
168_SA_2	-3	68	60	244
67_SA_1	1	67	60	3767
317_LC_4	4	47	45	47913
243_SA_3	3	53	120	4048
318_SA_4	4	48	240	1392
68_SA_1	1	68	120	3308
69_VI_1	1	69	60	47839
382_PR_5	5	42	30	1222
319_PR_4	4	49	90	3360
71_PR_1	1	70	520	21927
70_SA_1	1	71	180	18974
170_SA_2	2	69	120	16736
244_SA_3	3	54	80	15367
169_LC_2	2	70	135	15613
171_PR_2	2	71	65	6487
172_NU_2	2	72	60	51398
321_SA_4	4	50	240	52169
383_SA_5	5	43	240	48409
73_PR_1	1	72	120	53256
72_SA_1	1	73	195	44343
320_SA_4	4	51	120	48207
322_SA_4	4	52	90	43800
245_SA_3	-4	55	160	1586
384_SA_5	-6	44	240	2162
323_SA_4	4	53	120	619
246_LC_3	3	56	100	5196
247_SA_3	3	57	90	42453
74_SA_1	-2	74	60	1792
75_SA_1	1	75	75	55976
174_SA_2	2	73	360	52262
173_SA_2	2	74	55	58622
175_SA_2	2	75	90	44729
385_SA_5	5	45	60	49060
248_SA_3	3	58	60	1676
176_SA_2	2	76	90	4477
177_PR_2	-3	77	50	2344
249_SA_3	3	59	75	47884
76_SA_1	1	76	100	1638
250_SA_3	3	60	60	47809
77_SA_1	1	77	120	51993
178_NU_2	2	78	20	3034
324_SA_4	4	54	130	47561
325_PR_4	4	55	180	3565
386_SA_5	5	46	90	51592
179_PR_2	2	79	100	47161
251_PR_3	3	61	60	6931
180_LC_2	2	80	60	52775
326_SA_4	4	56	1	1877
78_SA_1	-2	78	60	2312
79_SA_1	-2	79	100	1228
181_LC_2	2	81	120	5157
252_SA_3	-4	62	55	2346
387_SA_5	5	47	90	48152
80_SA_1	1	80	90	51988
81_SA_1	1	81	60	12602
388_SA_5	5	48	60	6021
389_SA_5	5	49	90	48402
253_SA_3	3	63	60	49720
82_VI_1	1	82	30	9362
390_LC_5	-6	50	180	196
255_PR_3	3	64	150	49800
254_PR_3	3	65	60	49306
256_PR_3	3	66	90	2063
257_SA_3	3	67	5	3275
258_SA_3	-4	68	120	3186
83_SA_1	1	83	240	5966
327_SA_4	4	57	120	17627
84_LC_1	1	84	15	51815
85_PR_1	1	85	70	3040
86_PR_1	1	86	90	46279
259_SA_3	3	69	110	1577
260_SA_3	3	70	120	3720
261_SA_3	3	71	90	3857
87_SA_1	-2	87	60	896
262_SA_3	3	72	120	3723
88_LC_1	1	88	120	43492
328_LC_4	4	58	120	48282
329_LC_4	4	59	90	50856
182_LC_2	2	82	60	53594
183_NU_2	2	83	20	913
263_SA_3	3	73	60	46590
184_SA_2	2	84	15	50115
185_SA_2	2	85	35	45677
331_SA_4	4	60	160	49895
330_SA_4	4	61	120	52883
264_SA_3	3	74	65	51593
186_PR_2	-3	86	120	1922
187_SA_2	2	87	210	48962
89_PR_1	1	89	70	46937
90_SA_1	-2	90	90	548
391_LC_5	5	51	75	50686
393_PR_5	5	52	150	49082
91_PR_1	1	91	120	50466
392_PR_5	5	53	35	53179
188_VI_2	-3	88	100	3940
332_PR_4	-5	62	120	1142
265_PR_3	3	75	100	47698
92_SA_1	1	92	60	44923
333_VI_4	4	63	90	51136
394_PR_5	5	54	75	53442
93_SA_1	-2	93	90	2722
94_NU_1	1	94	160	46696
95_SA_1	1	95	140	1706
334_SA_4	4	64	30	2566
96_VI_1	1	96	50	51128
98_PR_1	1	97	10	51921
97_PR_1	1	98	20	49639
335_SA_4	4	65	30	16866
266_SA_3	3	76	80	6772
99_SA_1	-2	99	75	5634
267_NU_3	3	77	50	9722
336_VI_4	4	66	240	1571
337_PR_4	-5	67	1	1976
395_SA_5	5	55	90	2160
338_SA_4	4	68	60	3992
396_SA_5	5	56	60	49229
397_SA_5	5	57	10	54683
268_SA_3	-4	78	90	1098
398_NU_5	5	58	150	4140
340_SA_4	4	69	60	10337
339_SA_4	4	70	140	7420
189_PR_2	2	89	80	7365
399_SA_5	5	59	60	51078
190_SA_2	2	90	30	49628
100_PR_1	1	100	60	2632
269_SA_3	3	79	40	298044
400_PR_5	5	60	45	50945
270_PR_3	3	80	75	13655
