#Nombre	DiaAten	ModelId		T.Servicio	Penalty
191_PR_3	3	1	1	11893
101_PR_2	-3	1	1	23786
1_PR_1	1	1	1	13226
341_SA_5	5	1	1	13568
102_SA_2	2	2	1	13840
2_SA_1	-2	2	5	28042
103_SA_2	2	3	5	14622
104_LC_2	2	4	5	14804
271_PR_4	4	1	15	15235
105_LC_2	2	5	15	15323
342_PR_5	5	2	15	15477
192_PR_3	3	2	18	15874
193_LC_3	3	3	20	15996
272_LC_4	4	2	20	16218
273_LC_4	4	3	20	16445
343_LC_5	5	3	20	16488
274_SA_4	4	4	20	16645
3_SA_1	1	3	20	16919
106_NU_2	2	6	20	17080
107_PR_2	2	7	25	17194
344_LC_5	5	4	30	17388
108_LC_2	2	8	30	17388
345_SA_5	5	5	30	17472
194_PR_3	3	4	30	17545
4_LC_1	1	4	30	17597
195_SA_3	3	5	30	17606
5_SA_1	-2	5	30	35964
197_SA_3	3	6	30	17982
346_LC_5	5	6	30	17982
199_SA_3	3	7	30	17982
196_PR_3	3	8	30	17982
198_SA_3	3	9	30	17982
6_SA_1	1	6	30	18004
200_SA_3	3	10	30	18004
201_LC_3	3	11	30	18004
347_SA_5	5	7	30	18143
7_SA_1	1	7	30	18196
202_SA_3	3	12	30	18196
8_SA_1	1	8	30	18196
110_SA_2	2	9	30	18196
111_SA_2	2	10	30	18196
112_SA_2	2	11	30	18196
109_SA_2	2	12	30	18196
114_SA_2	2	13	30	18196
113_SA_2	2	14	30	18196
203_SA_3	3	13	30	18196
115_PR_2	2	15	30	18248
348_SA_5	5	8	35	18258
349_SA_5	5	9	35	18258
9_SA_1	1	9	35	18327
10_SA_1	1	10	35	18327
13_SA_1	1	11	35	18327
14_SA_1	1	12	35	18327
350_SA_5	5	10	35	18327
12_SA_1	1	13	35	18327
204_SA_3	3	14	35	18327
205_SA_3	3	15	35	18327
352_PR_5	5	11	35	18327
11_SA_1	1	14	35	18327
275_SA_4	4	5	35	18327
276_SA_4	4	6	35	18327
277_SA_4	4	7	35	18327
120_SA_2	2	16	35	18327
279_SA_4	4	8	35	18327
280_NU_4	4	9	35	18327
119_SA_2	2	17	35	18327
124_SA_2	2	18	35	18327
121_LC_2	2	19	35	18327
122_SA_2	2	20	35	18327
351_SA_5	5	12	35	18327
118_SA_2	2	21	35	18327
278_PR_4	4	10	35	18327
116_SA_2	2	22	35	18327
117_SA_2	2	23	35	18327
123_SA_2	2	24	35	18327
15_SA_1	1	15	38	18360
125_SA_2	2	25	38	18540
281_PR_4	4	11	38	18540
282_LC_4	4	12	40	18590
127_PR_2	2	26	40	18610
206_PR_3	3	16	40	18610
126_PR_2	2	27	40	18610
353_SA_5	5	13	40	18861
354_PR_5	5	14	40	18885
16_SA_1	1	16	45	18893
207_SA_3	3	17	45	18893
128_SA_2	2	28	45	19016
17_NU_1	1	17	45	19025
129_NU_2	2	29	45	19025
283_SA_4	4	13	45	19083
355_LC_5	5	15	45	19092
130_SA_2	2	30	45	19092
356_SA_5	5	16	45	19157
131_PR_2	2	31	50	19183
18_SA_1	1	18	50	19218
208_SA_3	3	18	50	19218
209_SA_3	3	19	50	19218
132_SA_2	2	32	50	19218
19_SA_1	1	19	50	19222
210_SA_3	3	20	50	19222
284_SA_4	4	14	50	19222
134_SA_2	2	33	50	19390
133_SA_2	2	34	50	19390
357_SA_5	5	17	50	19390
285_SA_4	4	15	50	19410
135_SA_2	2	35	50	19507
20_SA_1	1	20	50	19507
136_LC_2	2	36	50	19511
286_PR_4	4	16	52	19577
360_LC_5	5	18	52	19577
358_PR_5	5	19	52	19577
137_PR_2	2	37	52	19577
359_LC_5	5	20	52	19577
361_SA_5	5	21	52	19577
21_NU_1	1	21	57	19586
211_NU_3	3	21	57	19586
362_PR_5	5	22	57	19589
22_PR_1	1	22	60	19712
213_LC_3	3	22	60	19712
139_PR_2	2	38	60	19712
140_SA_2	2	39	60	19712
288_SA_4	4	17	60	19712
287_PR_4	4	18	60	19712
212_SA_3	3	23	60	19712
138_VI_2	2	40	60	19712
363_VI_5	5	23	60	19909
214_VI_3	3	24	60	19909
215_PR_3	3	25	60	19940
23_SA_1	1	23	60	19987
24_PR_1	1	24	60	19994
289_LC_4	4	19	60	20032
25_PR_1	1	25	60	20071
141_NU_2	2	41	60	20077
26_NU_1	1	26	60	20077
27_LC_1	1	27	60	20095
216_SA_3	3	26	60	20097
28_SA_1	1	28	60	20118
29_SA_1	1	29	60	20120
364_PR_5	5	24	60	20276
217_SA_3	3	27	60	20326
365_SA_5	5	25	60	20326
290_SA_4	4	20	60	20326
291_SA_4	4	21	60	20335
292_PR_4	4	22	60	20369
293_PR_4	4	23	60	20369
294_SA_4	4	24	60	20401
142_LC_2	2	42	60	20432
218_SA_3	3	28	60	20436
219_SA_3	3	29	60	20436
143_SA_2	2	43	60	20436
144_SA_2	2	44	60	20496
145_LC_2	2	45	60	20505
146_SA_2	2	46	60	20505
147_LC_2	2	47	60	20505
220_PR_3	3	30	60	20505
30_PR_1	1	30	60	20517
295_LC_4	4	25	60	20530
366_SA_5	5	26	60	20584
32_SA_1	1	31	60	20589
31_SA_1	1	32	60	20589
367_PR_5	5	27	60	20646
33_LC_1	1	33	60	20653
221_PR_3	3	31	60	20674
296_SA_4	4	26	60	20676
222_PR_3	3	32	60	20709
223_PR_3	3	33	60	20710
224_PR_3	3	34	60	20720
34_LC_1	1	34	60	20753
148_SA_2	2	48	60	20880
368_PR_5	5	28	60	20885
369_SA_5	5	29	60	20930
370_SA_5	5	30	60	20930
225_SA_3	3	35	60	20949
35_SA_1	1	35	60	20949
297_SA_4	4	27	60	20962
36_LC_1	1	36	61	20991
298_PR_4	4	28	65	20992
150_SA_2	2	49	65	21012
149_SA_2	2	50	65	21012
151_SA_2	2	51	65	21056
38_PR_1	1	37	65	21062
371_PR_5	5	31	65	21062
37_PR_1	1	38	65	21062
39_LC_1	1	39	65	21087
226_PR_3	3	36	65	21103
372_LC_5	5	32	67	21135
227_LC_3	3	37	68	21140
40_SA_1	1	40	70	21156
228_SA_3	3	38	70	21188
152_LC_2	2	52	70	21194
41_LC_1	-2	41	70	42410
42_PR_1	1	42	70	21205
299_LC_4	4	29	70	21242
43_SA_1	1	43	73	21246
300_SA_4	4	30	75	21269
301_SA_4	4	31	75	21284
44_PR_1	1	44	75	21379
153_PR_2	2	53	75	21389
302_SA_4	4	32	75	21395
373_SA_5	5	33	75	21455
154_PR_2	2	54	75	21559
374_PR_5	5	34	75	21559
155_SA_2	2	55	75	21565
375_PR_5	5	35	75	21610
229_SA_3	3	39	75	21642
156_PR_2	-3	56	75	43324
45_VI_1	-2	45	75	43400
46_SA_1	1	46	75	21705
47_SA_1	1	47	75	21705
230_PR_3	3	40	78	21724
303_LC_4	4	33	79	21726
376_PR_5	5	36	80	21726
304_VI_4	4	34	80	21794
231_SA_3	3	41	80	21794
49_SA_1	1	48	80	21794
306_SA_4	4	35	80	21794
305_PR_4	4	36	80	21794
377_PR_5	5	37	80	21794
157_SA_2	2	57	80	21794
48_SA_1	1	49	80	21794
232_PR_3	3	42	80	21794
307_SA_4	4	37	80	21837
233_SA_3	3	43	80	21844
378_PR_5	5	38	80	21876
234_LC_3	3	44	80	21946
235_LC_3	3	45	85	21968
379_LC_5	5	39	85	21986
50_LC_1	1	50	90	22002
158_PR_2	2	58	90	22024
236_VI_3	3	46	90	22073
308_PR_4	4	38	90	22115
237_PR_3	3	47	90	22115
159_SA_2	2	59	90	22129
51_SA_1	1	51	90	22129
160_PR_2	2	60	90	22182
309_PR_4	4	39	90	22184
310_PR_4	4	40	90	22184
161_LC_2	-3	61	90	44626
238_SA_3	3	48	90	22314
162_SA_2	2	62	90	22317
239_SA_3	3	49	90	22343
52_PR_1	1	52	90	22347
240_PR_3	3	50	90	22347
53_NU_1	1	53	90	22378
311_PR_4	4	41	90	22412
241_SA_3	3	51	90	22432
55_LC_1	1	54	90	22434
54_LC_1	1	55	90	22434
312_PR_4	4	42	90	22478
56_LC_1	1	56	90	22482
313_PR_4	4	43	90	22485
163_PR_2	2	63	90	22485
164_NU_2	2	64	90	22495
314_SA_4	4	44	90	22556
380_LC_5	5	40	90	22640
59_SA_1	1	57	90	22712
57_SA_1	1	58	90	22712
58_SA_1	1	59	90	22712
165_SA_2	2	65	90	22762
60_LC_1	1	60	90	22798
167_SA_2	2	66	90	22816
64_SA_1	1	61	90	22816
62_SA_1	1	62	90	22816
61_SA_1	1	63	90	22816
166_SA_2	2	67	90	22816
65_SA_1	1	64	90	22816
63_SA_1	-2	65	90	45632
381_SA_5	5	41	90	22816
242_LC_3	3	52	90	22833
315_SA_4	4	45	90	22850
316_NU_4	4	46	90	22867
66_PR_1	1	66	90	22874
168_SA_2	2	68	90	22881
67_SA_1	1	67	90	22924
317_LC_4	4	47	90	23001
243_SA_3	3	53	90	23032
318_SA_4	4	48	90	23032
68_SA_1	1	68	90	23033
69_VI_1	1	69	90	23064
382_PR_5	5	42	93	23115
319_PR_4	4	49	98	23152
71_PR_1	1	70	100	23267
70_SA_1	1	71	100	23267
170_SA_2	2	69	100	23267
244_SA_3	3	54	100	23267
169_LC_2	2	70	100	23267
171_PR_2	2	71	100	23337
172_NU_2	2	72	100	23394
321_SA_4	4	50	100	23410
383_SA_5	5	43	100	23410
73_PR_1	1	72	100	23410
72_SA_1	1	73	100	23410
320_SA_4	4	51	100	23410
322_SA_4	4	52	100	23410
245_SA_3	3	55	100	23520
384_SA_5	5	44	100	23520
323_SA_4	4	53	100	23520
246_LC_3	3	56	100	23570
247_SA_3	3	57	100	23590
74_SA_1	1	74	100	23639
75_SA_1	1	75	100	23698
174_SA_2	2	73	100	23698
173_SA_2	2	74	100	23698
175_SA_2	2	75	100	23698
385_SA_5	5	45	100	23698
248_SA_3	3	58	102	23701
176_SA_2	2	76	102	23810
177_PR_2	2	77	105	23820
249_SA_3	3	59	105	23837
76_SA_1	1	76	105	23841
250_SA_3	3	60	105	23962
77_SA_1	1	77	105	23962
178_NU_2	2	78	108	24007
324_SA_4	4	54	108	24086
325_PR_4	4	55	110	24088
386_SA_5	5	46	110	24127
179_PR_2	2	79	110	24139
251_PR_3	3	61	111	24157
180_LC_2	2	80	120	24161
326_SA_4	4	56	120	24167
78_SA_1	1	78	120	24167
79_SA_1	1	79	120	24167
181_LC_2	2	81	120	24167
252_SA_3	3	62	120	24167
387_SA_5	5	47	120	24256
80_SA_1	1	80	120	24296
81_SA_1	1	81	120	24362
388_SA_5	5	48	120	24403
389_SA_5	5	49	120	24419
253_SA_3	3	63	120	24419
82_VI_1	1	82	120	24468
390_LC_5	5	50	120	24476
255_PR_3	3	64	120	24546
254_PR_3	3	65	120	24546
256_PR_3	3	66	120	24556
257_SA_3	3	67	120	24578
258_SA_3	3	68	120	24602
83_SA_1	1	83	120	24602
327_SA_4	4	57	120	24651
84_LC_1	1	84	120	24662
85_PR_1	1	85	120	24674
86_PR_1	1	86	120	24679
259_SA_3	3	69	120	24772
260_SA_3	3	70	120	24790
261_SA_3	3	71	128	24861
87_SA_1	1	87	130	24916
262_SA_3	3	72	130	24916
88_LC_1	1	88	130	24921
328_LC_4	4	58	130	24982
329_LC_4	4	59	130	24982
182_LC_2	2	82	130	25026
183_NU_2	-3	83	130	50124
263_SA_3	3	73	138	25093
184_SA_2	2	84	138	25093
185_SA_2	2	85	140	25130
331_SA_4	4	60	140	25130
330_SA_4	4	61	140	25130
264_SA_3	3	74	150	25191
186_PR_2	2	86	150	25253
187_SA_2	2	87	150	25272
89_PR_1	1	89	150	25351
90_SA_1	1	90	150	25402
391_LC_5	5	51	150	25411
393_PR_5	5	52	150	25419
91_PR_1	1	91	150	25419
392_PR_5	5	53	150	25419
188_VI_2	2	88	160	25421
332_PR_4	4	62	168	25426
265_PR_3	3	75	170	25477
92_SA_1	1	92	173	25506
333_VI_4	4	63	178	25580
394_PR_5	5	54	180	25717
93_SA_1	1	93	180	25822
94_NU_1	1	94	180	25830
95_SA_1	1	95	180	25958
334_SA_4	4	64	180	26265
96_VI_1	1	96	180	26372
98_PR_1	1	97	180	26429
97_PR_1	1	98	180	26429
335_SA_4	4	65	180	26468
266_SA_3	3	76	180	26502
99_SA_1	1	99	200	26538
267_NU_3	3	77	200	26632
336_VI_4	4	66	207	26687
337_PR_4	4	67	207	27008
395_SA_5	5	55	210	27193
338_SA_4	4	68	210	27193
396_SA_5	5	56	215	27211
397_SA_5	5	57	215	27211
268_SA_3	3	78	230	27277
398_NU_5	5	58	234	27688
340_SA_4	4	69	234	27688
339_SA_4	4	70	234	27688
189_PR_2	2	89	234	27688
399_SA_5	5	59	240	27801
190_SA_2	2	90	240	27801
100_PR_1	1	100	240	27963
269_SA_3	3	79	240	28030
400_PR_5	5	60	240	28277
270_PR_3	3	80	285	28710
