Iter 122
MasterProb = 2769010

s [*] :=
1   70
2   11
3   33
4  118
5   92
;

SubProb = -128601
d = 0

distanceCost*(sum{l in 1 .. Lcap - 1} t[l]) = 3850

Iter 123
MasterProb = 2671900

s [*] :=
1  51
2  90
3  97
4  47
5  36
;

SubProb = -122017
d = 0

distanceCost*(sum{l in 1 .. Lcap - 1} t[l]) = 3850

Iter 124
MasterProb = 2549890

s [*] :=
1  51
2  90
3  97
4  47
5  36
;

SubProb = -122017
d = 0

distanceCost*(sum{l in 1 .. Lcap - 1} t[l]) = 3850

Iter 125
MasterProb = 2549890

s [*] :=
1    4
2   13
3  120
4   39
5   17
;

SubProb = -102998
d = 0

distanceCost*(sum{l in 1 .. Lcap - 1} t[l]) = 5665

Iter 126
MasterProb = 2494640

s [*] :=
1   11
2   90
3  116
4   62
5    2
;

SubProb = -94845
d = 52

distanceCost*(sum{l in 1 .. Lcap - 1} t[l]) = 5060

Iter 127
MasterProb = 2494640

s [*] :=
1    9
2   29
3  120
4   71
5   94
;

SubProb = -42599
d = 0

distanceCost*(sum{l in 1 .. Lcap - 1} t[l]) = 4290

Iter 128
MasterProb = 2452040

s [*] :=
1    9
2   29
3  120
4   71
5   94
;

SubProb = -42599
d = 0

distanceCost*(sum{l in 1 .. Lcap - 1} t[l]) = 4290

Iter 129
MasterProb = 2452040

s [*] :=
1    9
2   29
3  120
4   71
5   94
;

SubProb = 0
d = 0

distanceCost*(sum{l in 1 .. Lcap - 1} t[l]) = 4290

Problema Entero
MasterProb = 2452040

fo1 = 11990
fo2 = 2440050

x[j] [*] :=
 59  1
 60  1
105  1
106  1
107  1
108  1
109  1
110  1
111  1
112  1
113  1
114  1
115  1
116  1
117  1
119  1
121  1
122  1
123  1
127  1
;

aa[i,j] [*,*]
:    59  60 105 106 107 108 109 110 111 112 113 114 115 116 117 119 121 122 123 :=
1     0   0   0   0   0   0   0   0   0   0   0   0   0   0   0   0   0   0   0
2     0   0   0   0   0   0   0   0   0   0   0   0   0   0   0   0   0   0   0
3     0   0   0   0   0   0   0   0   0   0   0   0   0   0   0   0   0   0   0
4     0   0   0   0   0   0   0   0   0   0   0   0   0   0   0   0   0   0   0
5     0   0   0   0   0   0   0   0   0   0   0   0   0   0   0   0   0   0   0
6     0   0   0   0   0   0   0   0   0   0   0   0   0   0   0   0   0   0   0
7     0   0   0   0   0   0   0   0   0   0   0   0   0   0   0   0   0   0   0
8     0   0   0   0   0   0   0   0   0   0   0   0   0   0   0   0   0   0   0
9     0   0   0   0   0   0   0   0   0   0   0   0   0   0   0   0   0   0   0
10    0   0   0   0   0   0   0   0   0   0   0   0   0   0   0   0   0   0   0
11    0   0   0   0   0   0   0   0   0   0   0   0   0   0   0   0   0   1   0
12    0   0   0   0   0   0   0   0   0   0   0   0   0   0   0   0   0   0   0
13    0   0   0   0   0   0   0   0   0   0   0   0   0   0   0   0   0   0   0
14    0   0   0   0   0   0   0   0   0   0   0   0   0   0   0   0   0   0   0
15    0   0   0   0   0   0   0   0   0   0   0   0   0   0   0   0   0   0   0
16    0   0   0   0   0   0   0   0   0   0   0   0   0   0   0   0   0   0   0
17    0   0   0   0   0   0   0   0   0   0   0   0   0   0   0   0   0   0   0
18    0   0   0   0   0   0   0   0   0   0   0   0   0   0   0   0   0   0   0
19    0   0   0   0   0   0   0   0   0   0   0   0   0   0   0   0   0   0   0
20    0   0   0   0   0   0   0   0   0   0   0   0   0   0   0   0   0   0   0
21    0   0   0   0   0   0   0   0   0   0   0   0   0   0   0   0   0   0   0
22    0   0   0   0   0   0   0   0   0   0   0   0   0   0   0   0   0   0   0
23    0   0   0   0   0   0   0   0   0   0   0   0   0   0   0   0   0   0   0
24    0   0   0   0   0   0   0   0   0   0   0   0   0   0   0   0   0   0   0
25    0   0   0   0   0   0   0   0   0   0   0   0   0   0   0   0   0   0   0
26    0   0   0   0   0   0   0   0   0   0   0   0   0   0   0   0   0   0   0
27    0   0   0   0   0   0   0   0   0   0   0   0   0   0   0   0   0   0   0
28    0   0   0   0   0   0   0   0   0   0   0   0   0   0   0   0   0   0   0
29    0   0   0   0   0   0   0   0   0   0   0   0   0   0   0   0   0   0   0
30    0   0   0   0   0   0   0   0   0   0   0   0   0   0   0   0   0   0   0
31    0   0   0   0   0   0   0   0   0   0   0   0   0   0   0   0   0   0   0
32    0   0   0   0   0   0   0   0   0   0   0   0   0   0   0   0   0   0   0
33    0   0   0   0   0   0   0   0   0   0   0   0   0   0   0   0   0   1   0
34    0   0   0   0   0   0   0   0   0   0   0   0   0   0   0   0   0   0   0
35    0   0   0   0   0   0   0   0   0   0   0   0   0   0   0   0   0   0   0
36    0   0   0   0   0   0   0   0   0   0   0   0   0   0   0   0   0   0   1
37    0   0   0   0   0   0   0   0   0   0   0   0   0   0   0   0   0   0   0
38    0   0   0   0   0   0   0   0   0   0   0   0   0   0   0   0   0   0   0
39    0   0   0   0   0   0   0   0   0   0   0   0   0   0   0   0   0   0   0
40    0   0   0   0   0   0   0   0   0   0   0   0   0   0   0   0   0   0   0
41    0   0   0   0   0   0   0   0   0   0   0   0   0   0   0   0   0   0   0
42    0   0   0   0   0   0   0   0   0   0   0   0   0   0   0   0   0   0   0
43    0   0   0   0   0   0   0   0   0   0   0   0   0   0   0   0   0   0   0
44    0   0   0   0   0   0   0   0   0   0   0   0   0   0   0   0   0   0   0
45    0   0   0   0   0   0   0   0   0   0   0   0   0   0   0   0   0   0   0
46    0   0   0   0   0   0   0   0   0   0   0   0   0   0   0   0   0   0   0
47    0   0   0   0   0   0   0   0   0   0   0   0   0   0   0   0   0   0   1
48    0   0   0   0   0   0   0   0   0   0   0   0   0   0   0   0   0   0   0
49    0   0   0   0   0   0   0   0   0   0   0   0   0   0   0   0   0   0   0
50    0   0   0   0   0   0   0   0   0   0   0   0   0   0   0   0   0   0   0
51    0   0   0   0   0   0   0   0   0   0   0   0   0   0   0   0   0   0   1
52    0   0   0   0   0   0   0   0   0   0   0   0   0   0   0   0   0   0   0
53    0   0   0   0   0   0   0   0   0   0   0   0   0   0   0   0   0   0   0
54    0   0   0   0   0   0   0   0   0   0   0   0   0   0   0   0   0   0   0
55    0   0   0   0   0   0   0   0   0   0   0   0   0   0   0   0   0   0   0
56    0   0   0   0   0   0   0   0   0   0   0   0   0   0   0   0   0   0   0
57    0   0   0   0   0   0   0   0   0   0   0   0   0   0   0   0   0   0   0
58    0   0   0   0   0   0   0   0   0   0   0   0   0   0   0   0   0   0   0
59    1   0   0   0   0   0   0   0   0   0   0   0   0   0   0   0   0   0   0
60    0   1   0   0   0   0   0   0   0   0   0   0   0   0   0   0   0   0   0
61    0   0   0   0   0   0   0   0   0   0   0   0   0   0   0   0   0   0   0
62    0   0   0   0   0   0   0   0   0   0   0   0   0   0   0   0   0   0   0
63    0   0   0   0   0   0   0   0   0   0   0   0   0   0   0   0   0   0   0
64    0   0   0   0   0   0   0   0   0   0   0   0   0   0   0   0   0   0   0
65    0   0   0   0   0   0   0   0   0   0   0   0   0   0   0   0   0   0   0
66    0   0   0   0   0   0   0   0   0   0   0   0   0   0   0   0   0   0   0
67    0   0   0   0   0   0   0   0   0   0   0   0   0   0   0   0   0   0   0
68    0   0   0   0   0   0   0   0   0   0   0   0   0   0   0   0   0   0   0
69    0   0   0   0   0   0   0   0   0   0   0   0   0   0   0   0   0   0   0
70    0   0   0   0   0   0   0   0   0   0   0   0   0   0   0   0   0   1   0
71    0   0   0   0   0   0   0   0   0   0   0   0   0   0   0   0   0   0   0
72    0   0   0   0   0   0   0   0   0   0   0   0   0   0   0   0   0   0   0
73    0   0   0   0   0   0   0   0   0   0   0   0   0   0   0   0   0   0   0
74    0   0   0   0   0   0   0   0   0   0   0   0   0   0   0   0   0   0   0
75    0   0   0   0   0   0   0   0   0   0   0   0   0   0   0   0   0   0   0
76    0   0   0   0   0   0   0   0   0   0   0   0   0   0   0   0   0   0   0
77    0   0   0   0   0   0   0   0   0   0   0   0   0   0   0   0   0   0   0
78    0   0   0   0   0   0   0   0   0   0   0   0   0   0   0   0   0   0   0
79    0   0   0   0   0   0   0   0   0   0   0   0   0   0   0   0   0   0   0
80    0   0   0   0   0   0   0   0   0   0   0   0   0   0   0   0   0   0   0
81    0   0   0   0   0   0   0   0   0   0   0   0   0   0   0   0   0   0   0
82    0   0   0   0   0   0   0   0   0   0   0   0   0   0   0   0   0   0   0
83    0   0   0   0   0   0   0   0   0   0   0   0   0   0   0   0   0   0   0
84    0   0   0   0   0   0   0   0   0   0   0   0   0   0   0   0   0   0   0
85    0   0   0   0   0   0   0   0   0   0   0   0   0   0   0   0   0   0   0
86    0   0   0   0   0   0   0   0   0   0   0   0   0   0   0   0   0   0   0
87    0   0   0   0   0   0   0   0   0   0   0   0   0   0   0   0   0   0   0
88    0   0   0   0   0   0   0   0   0   0   0   0   0   0   0   0   0   0   0
89    0   0   0   0   0   0   0   0   0   0   0   0   0   0   0   0   0   0   0
90    0   0   0   0   0   0   0   0   0   0   0   0   0   0   0   0   0   0   1
91    0   0   0   0   0   0   0   0   0   0   0   0   0   0   0   0   0   0   0
92    0   0   0   0   0   0   0   0   0   0   0   0   0   0   0   0   0   1   0
93    0   0   0   0   0   0   0   0   0   0   0   0   0   0   0   0   0   0   0
94    0   0   0   0   0   0   0   0   0   0   0   0   0   0   0   0   0   0   0
95    0   0   0   0   0   0   0   0   0   0   0   0   0   0   0   0   0   0   0
96    0   0   0   0   0   0   0   0   0   0   0   0   0   0   0   0   0   0   0
97    0   0   0   0   0   0   0   0   0   0   0   0   0   0   0   0   0   0   1
98    0   0   0   0   0   0   0   0   0   0   0   0   0   0   0   0   0   0   0
99    0   0   0   0   0   0   0   0   0   0   0   0   0   0   0   0   0   0   0
100   0   0   0   0   0   0   0   0   0   0   0   0   0   0   0   0   0   0   0
101   0   0   0   0   0   0   0   0   0   0   0   0   0   0   0   0   0   0   0
102   0   0   0   0   0   0   0   0   0   0   0   0   0   0   0   0   0   0   0
103   0   0   0   0   0   0   0   0   0   0   0   0   0   0   0   0   0   0   0
104   0   0   0   0   0   0   0   0   0   0   0   0   0   0   0   0   0   0   0
105   0   0   1   0   0   0   0   0   0   0   0   0   0   0   0   0   0   0   0
106   0   0   0   1   0   0   0   0   0   0   0   0   0   0   0   0   0   0   0
107   0   0   0   0   1   0   0   0   0   0   0   0   0   0   0   0   0   0   0
108   0   0   0   0   0   1   0   0   0   0   0   0   0   0   0   0   0   0   0
109   0   0   0   0   0   0   1   0   0   0   0   0   0   0   0   0   0   0   0
110   0   0   0   0   0   0   0   1   0   0   0   0   0   0   0   0   0   0   0
111   0   0   0   0   0   0   0   0   1   0   0   0   0   0   0   0   0   0   0
112   0   0   0   0   0   0   0   0   0   1   0   0   0   0   0   0   0   0   0
113   0   0   0   0   0   0   0   0   0   0   1   0   0   0   0   0   0   0   0
114   0   0   0   0   0   0   0   0   0   0   0   1   0   0   0   0   0   0   0
115   0   0   0   0   0   0   0   0   0   0   0   0   1   0   0   0   0   0   0
116   0   0   0   0   0   0   0   0   0   0   0   0   0   1   0   0   0   0   0
117   0   0   0   0   0   0   0   0   0   0   0   0   0   0   1   0   0   0   0
118   0   0   0   0   0   0   0   0   0   0   0   0   0   0   0   0   0   1   0
119   0   0   0   0   0   0   0   0   0   0   0   0   0   0   0   1   0   0   0
120   0   0   0   0   0   0   0   0   0   0   0   0   0   0   0   0   0   0   0
121   0   0   0   0   0   0   0   0   0   0   0   0   0   0   0   0   1   0   0

:   127    :=
1     0
2     0
3     0
4     0
5     0
6     0
7     0
8     0
9     1
10    0
11    0
12    0
13    0
14    0
15    0
16    0
17    0
18    0
19    0
20    0
21    0
22    0
23    0
24    0
25    0
26    0
27    0
28    0
29    1
30    0
31    0
32    0
33    0
34    0
35    0
36    0
37    0
38    0
39    0
40    0
41    0
42    0
43    0
44    0
45    0
46    0
47    0
48    0
49    0
50    0
51    0
52    0
53    0
54    0
55    0
56    0
57    0
58    0
59    0
60    0
61    0
62    0
63    0
64    0
65    0
66    0
67    0
68    0
69    0
70    0
71    1
72    0
73    0
74    0
75    0
76    0
77    0
78    0
79    0
80    0
81    0
82    0
83    0
84    0
85    0
86    0
87    0
88    0
89    0
90    0
91    0
92    0
93    0
94    1
95    0
96    0
97    0
98    0
99    0
100   0
101   0
102   0
103   0
104   0
105   0
106   0
107   0
108   0
109   0
110   0
111   0
112   0
113   0
114   0
115   0
116   0
117   0
118   0
119   0
120   1
121   0
;

vi[i] [*] :=
  1  1
  2  1
  3  1
  4  1
  5  1
  6  1
  7  1
  8  1
 10  1
 12  1
 13  1
 14  1
 15  1
 16  1
 17  1
 18  1
 19  1
 20  1
 21  1
 22  1
 23  1
 24  1
 25  1
 26  1
 27  1
 28  1
 30  1
 31  1
 32  1
 34  1
 35  1
 37  1
 38  1
 39  1
 40  1
 41  1
 42  1
 43  1
 44  1
 45  1
 46  1
 48  1
 49  1
 50  1
 52  1
 53  1
 54  1
 55  1
 56  1
 57  1
 58  1
 61  1
 62  1
 63  1
 64  1
 65  1
 66  1
 67  1
 68  1
 69  1
 72  1
 73  1
 74  1
 75  1
 76  1
 77  1
 78  1
 79  1
 80  1
 81  1
 82  1
 83  1
 84  1
 85  1
 86  1
 87  1
 88  1
 89  1
 91  1
 93  1
 95  1
 96  1
 98  1
 99  1
100  1
101  1
102  1
103  1
104  1
;

:   x[i]   c[i] travel[i] delay[i]    :=
59    1       0       0       0
60    1       0       0       0
105   1       0       0       0
106   1       0       0       0
107   1       0       0       0
108   1       0       0       0
109   1       0       0       0
110   1       0       0       0
111   1       0       0       0
112   1       0       0       0
113   1       0       0       0
114   1       0       0       0
115   1       0       0       0
116   1       0       0       0
117   1       0       0       0
119   1       0       0       0
121   1       0       0       0
122   1    3850    3850       0
123   1    3850    3850       0
127   1    4290    4290       0
;

