#Nombre	DiaAten	ModelId		T.Servicio	Penalty
191_PR_3	-4	1	60	13156
101_PR_2	-3	1	60	13156
1_PR_1	-2	1	90	15110
341_SA_5	-6	1	70	15584
102_SA_2	-3	2	120	17036
2_SA_1	1	2	90	8652
103_SA_2	-3	3	120	18258
104_LC_2	-3	4	120	18366
271_PR_4	-5	1	60	18550
105_LC_2	-3	5	200	18706
342_PR_5	-6	2	60	19404
192_PR_3	-4	2	130	19466
193_LC_3	-4	3	70	20048
272_LC_4	-5	2	130	20132
273_LC_4	-5	3	90	20170
343_LC_5	-6	3	45	20188
274_SA_4	-5	4	60	21030
3_SA_1	-2	3	75	21096
106_NU_2	-3	6	75	21442
107_PR_2	-3	7	30	21600
344_LC_5	-6	4	120	22154
108_LC_2	-3	8	10	22154
345_SA_5	-6	5	150	22514
194_PR_3	3	4	20	11438
4_LC_1	-2	4	120	23532
195_SA_3	-4	5	150	23608
5_SA_1	1	5	90	11909
197_SA_3	-4	6	120	23818
346_LC_5	-6	6	70	23818
199_SA_3	-4	7	80	23818
196_PR_3	-4	8	45	23818
198_SA_3	-4	9	60	23818
6_SA_1	-2	6	30	23968
200_SA_3	-4	10	60	23968
201_LC_3	-4	11	270	23968
347_SA_5	-6	7	20	24234
7_SA_1	1	7	290	12240
202_SA_3	-4	12	180	24480
8_SA_1	-2	8	60	24480
110_SA_2	-3	9	120	24480
111_SA_2	-3	10	120	24480
112_SA_2	-3	11	60	24480
109_SA_2	-3	12	110	24480
114_SA_2	-3	13	60	24480
113_SA_2	-3	14	60	24480
203_SA_3	3	13	45	12240
115_PR_2	-3	15	90	24922
348_SA_5	-6	8	60	25034
349_SA_5	5	9	15	12517
9_SA_1	-2	9	360	25140
10_SA_1	-2	10	60	25140
13_SA_1	-2	11	60	25140
14_SA_1	-2	12	90	25140
350_SA_5	-6	10	180	25140
12_SA_1	-2	13	75	25140
204_SA_3	-4	14	80	25140
205_SA_3	-4	15	60	25140
352_PR_5	5	11	70	12570
11_SA_1	-2	14	120	25140
275_SA_4	-5	5	90	25140
276_SA_4	-5	6	60	25140
277_SA_4	-5	7	120	25140
120_SA_2	-3	16	55	25140
279_SA_4	-5	8	300	25140
280_NU_4	-5	9	60	25140
119_SA_2	-3	17	60	25140
124_SA_2	2	18	30	12570
121_LC_2	-3	19	45	25140
122_SA_2	-3	20	50	25140
351_SA_5	-6	12	60	25140
118_SA_2	-3	21	120	25140
278_PR_4	4	10	150	12570
116_SA_2	-3	22	60	25140
117_SA_2	-3	23	140	25140
123_SA_2	-3	24	50	25140
15_SA_1	-2	15	240	25202
125_SA_2	-3	25	60	25208
281_PR_4	-5	11	70	25208
282_LC_4	-5	12	90	26268
127_PR_2	-3	26	80	26458
206_PR_3	-4	16	35	26458
126_PR_2	-3	27	180	26458
353_SA_5	-6	13	5	26532
354_PR_5	-6	14	30	26624
16_SA_1	-2	16	110	26654
207_SA_3	-4	17	50	26654
128_SA_2	-3	28	120	27318
17_NU_1	-2	17	180	27428
129_NU_2	-3	29	120	27428
283_SA_4	-5	13	180	27632
355_LC_5	-6	15	150	27798
130_SA_2	-3	30	90	27798
356_SA_5	-6	16	150	27808
131_PR_2	-3	31	215	28018
18_SA_1	-2	18	90	28380
208_SA_3	-4	18	90	28380
209_SA_3	-4	19	45	28380
132_SA_2	-3	32	20	28380
19_SA_1	-2	19	180	28908
210_SA_3	-4	20	180	28908
284_SA_4	-5	14	240	28908
134_SA_2	-3	33	60	29076
133_SA_2	-3	34	90	29076
357_SA_5	-6	17	60	29076
285_SA_4	4	15	60	14540
135_SA_2	-3	35	60	29444
20_SA_1	-2	20	60	29444
136_LC_2	-3	36	30	29650
286_PR_4	-5	16	60	29836
360_LC_5	-6	18	10	29836
358_PR_5	-6	19	70	29836
137_PR_2	-3	37	150	29836
359_LC_5	-6	20	10	29836
361_SA_5	-6	21	10	29836
21_NU_1	-2	21	90	29996
211_NU_3	-4	21	40	29996
362_PR_5	-6	22	240	30060
22_PR_1	-2	22	60	30462
213_LC_3	-4	22	90	30462
139_PR_2	-3	38	60	30462
140_SA_2	-3	39	50	30462
288_SA_4	-5	17	60	30462
287_PR_4	-5	18	90	30462
212_SA_3	-4	23	40	30462
138_VI_2	-3	40	90	30462
363_VI_5	-6	23	10	30676
214_VI_3	3	24	25	15338
215_PR_3	-4	25	45	30734
23_SA_1	-2	23	90	31212
24_PR_1	-2	24	100	31268
289_LC_4	-5	19	110	31416
25_PR_1	1	25	90	15816
141_NU_2	-3	41	150	31678
26_NU_1	-2	26	420	31678
27_LC_1	1	27	180	15962
216_SA_3	-4	26	80	32222
28_SA_1	-2	28	30	32228
29_SA_1	1	29	60	16270
364_PR_5	-6	24	1	32560
217_SA_3	-4	27	150	33380
365_SA_5	-6	25	120	33380
290_SA_4	-5	20	60	33380
291_SA_4	4	21	150	16814
292_PR_4	-5	22	50	34460
293_PR_4	-5	23	165	34460
294_SA_4	-5	24	90	34588
142_LC_2	-3	42	50	34654
218_SA_3	3	28	120	17359
219_SA_3	-4	29	90	34718
143_SA_2	-3	43	180	34718
144_SA_2	-3	44	90	34834
145_LC_2	-3	45	60	34956
146_SA_2	-3	46	165	34956
147_LC_2	-3	47	30	34956
220_PR_3	-4	30	60	34956
30_PR_1	-2	30	60	34980
295_LC_4	-5	25	60	35180
366_SA_5	-6	26	20	35280
32_SA_1	-2	31	90	35328
31_SA_1	-2	32	90	35328
367_PR_5	-6	27	15	35350
33_LC_1	1	33	150	17735
221_PR_3	-4	31	35	35504
296_SA_4	-5	26	90	35616
222_PR_3	-4	32	60	35908
223_PR_3	-4	33	40	35912
224_PR_3	-4	34	50	35934
34_LC_1	-2	34	80	36108
148_SA_2	-3	48	90	36806
368_PR_5	-6	28	5	36848
369_SA_5	5	29	120	18463
370_SA_5	-6	30	140	36926
225_SA_3	-4	35	80	37138
35_SA_1	-2	35	105	37138
297_SA_4	-5	27	100	37388
36_LC_1	-2	36	60	37696
298_PR_4	-5	28	120	37776
150_SA_2	-3	49	120	37872
149_SA_2	-3	50	235	37872
151_SA_2	-3	51	120	38130
38_PR_1	-2	37	80	38436
371_PR_5	-6	31	30	38436
37_PR_1	-2	38	60	38436
39_LC_1	-2	39	90	38786
226_PR_3	-4	36	65	38890
372_LC_5	-6	32	60	39040
227_LC_3	3	37	120	19615
40_SA_1	-2	40	60	39266
228_SA_3	-4	38	100	39322
152_LC_2	-3	52	1	39484
41_LC_1	-2	41	120	39552
42_PR_1	1	42	60	19776
299_LC_4	-5	29	60	39698
43_SA_1	-2	43	207	39944
300_SA_4	-5	30	105	40066
301_SA_4	-5	31	75	40168
44_PR_1	-2	44	25	40206
153_PR_2	-3	53	230	40240
302_SA_4	-5	32	90	40368
373_SA_5	5	33	60	20275
154_PR_2	-3	54	170	40618
374_PR_5	-6	34	105	40618
155_SA_2	-3	55	240	40850
375_PR_5	-6	35	170	41172
229_SA_3	-4	39	60	41448
156_PR_2	-3	56	80	41734
45_VI_1	-2	45	75	41806
46_SA_1	-2	46	90	42498
47_SA_1	-2	47	90	42498
230_PR_3	-4	40	30	42586
303_LC_4	-5	33	60	42594
376_PR_5	5	36	75	21406
304_VI_4	4	34	120	21450
231_SA_3	-4	41	80	42900
49_SA_1	-2	48	60	42900
306_SA_4	-5	35	270	42900
305_PR_4	-5	36	25	42900
377_PR_5	-6	37	30	42900
157_SA_2	-3	57	150	42900
48_SA_1	1	49	60	21450
232_PR_3	-4	42	120	42900
307_SA_4	-5	37	120	42958
233_SA_3	-4	43	40	43060
378_PR_5	-6	38	30	43420
234_LC_3	-4	44	60	43502
235_LC_3	-4	45	120	43918
379_LC_5	-6	39	60	44066
50_LC_1	-2	50	80	44310
158_PR_2	2	58	85	22407
236_VI_3	-4	46	90	44848
308_PR_4	-5	38	30	44890
237_PR_3	-4	47	70	44890
159_SA_2	-3	59	55	44982
51_SA_1	-2	51	90	44982
160_PR_2	-3	60	60	44982
309_PR_4	-5	39	60	44986
310_PR_4	-5	40	120	44986
161_LC_2	2	61	180	22503
238_SA_3	-4	48	60	45222
162_SA_2	-3	62	1	45362
239_SA_3	-4	49	180	45842
52_PR_1	1	52	30	22924
240_PR_3	-4	50	60	45848
53_NU_1	-2	53	90	45904
311_PR_4	-5	41	60	46042
241_SA_3	-4	51	20	46384
55_LC_1	1	54	60	23441
54_LC_1	-2	55	60	46882
312_PR_4	-5	42	50	47312
56_LC_1	-2	56	150	47314
313_PR_4	-5	43	50	47508
163_PR_2	-3	63	120	47508
164_NU_2	-3	64	90	47904
314_SA_4	-5	44	20	48122
380_LC_5	-6	40	234	48558
59_SA_1	-2	57	60	48726
57_SA_1	-2	58	60	48726
58_SA_1	-2	59	60	48726
165_SA_2	-3	65	120	48958
60_LC_1	-2	60	90	48994
167_SA_2	-3	66	60	49206
64_SA_1	-2	61	10	49206
62_SA_1	-2	62	150	49206
61_SA_1	-2	63	30	49206
166_SA_2	-3	67	40	49206
65_SA_1	-2	64	30	49206
63_SA_1	-2	65	75	49206
381_SA_5	-6	41	60	49206
242_LC_3	-4	52	40	49370
315_SA_4	-5	45	180	49526
316_NU_4	-5	46	60	49548
66_PR_1	-2	66	75	49576
168_SA_2	-3	68	60	49850
67_SA_1	-2	67	60	49878
317_LC_4	-5	47	45	49954
243_SA_3	-4	53	120	50074
318_SA_4	-5	48	240	50074
68_SA_1	-2	68	120	50860
69_VI_1	-2	69	60	51414
382_PR_5	-6	42	30	51746
319_PR_4	4	49	90	25930
71_PR_1	-2	70	520	52090
70_SA_1	1	71	180	26045
170_SA_2	-3	69	120	52090
244_SA_3	-4	54	80	52090
169_LC_2	-3	70	135	52090
171_PR_2	-3	71	65	52124
172_NU_2	-3	72	60	52230
321_SA_4	-5	50	240	52362
383_SA_5	-6	43	240	52362
73_PR_1	1	72	120	26181
72_SA_1	1	73	195	26181
320_SA_4	-5	51	120	52362
322_SA_4	-5	52	90	52362
245_SA_3	-4	55	160	52472
384_SA_5	-6	44	240	52472
323_SA_4	-5	53	120	52472
246_LC_3	-4	56	100	52486
247_SA_3	-4	57	90	53142
74_SA_1	1	74	60	26797
75_SA_1	1	75	75	27120
174_SA_2	-3	73	360	54240
173_SA_2	-3	74	55	54240
175_SA_2	-3	75	90	54240
385_SA_5	-6	45	60	54240
248_SA_3	-4	58	60	54558
176_SA_2	-3	76	90	54648
177_PR_2	-3	77	50	54946
249_SA_3	-4	59	75	55250
76_SA_1	1	76	100	27799
250_SA_3	-4	60	60	56362
77_SA_1	1	77	120	28181
178_NU_2	-3	78	20	56628
324_SA_4	-5	54	130	56964
325_PR_4	-5	55	180	57004
386_SA_5	-6	46	90	57008
179_PR_2	-3	79	100	57496
251_PR_3	-4	61	60	58126
180_LC_2	-3	80	60	58270
326_SA_4	-5	56	1	58544
78_SA_1	1	78	60	29272
79_SA_1	1	79	100	29272
181_LC_2	-3	81	120	58544
252_SA_3	-4	62	55	58544
387_SA_5	5	47	90	29636
80_SA_1	1	80	90	29765
81_SA_1	1	81	60	30080
388_SA_5	-6	48	60	60694
389_SA_5	-6	49	90	61716
253_SA_3	-4	63	60	61716
82_VI_1	1	82	30	30881
390_LC_5	-6	50	180	62452
255_PR_3	-4	64	150	63204
254_PR_3	-4	65	60	63204
256_PR_3	-4	66	90	63304
257_SA_3	-4	67	5	63394
258_SA_3	-4	68	120	63506
83_SA_1	1	83	240	31753
327_SA_4	-5	57	120	63828
84_LC_1	1	84	15	31937
85_PR_1	1	85	70	32210
86_PR_1	1	86	90	32405
259_SA_3	-4	69	110	65310
260_SA_3	-4	70	120	65438
261_SA_3	-4	71	90	65754
87_SA_1	1	87	60	33432
262_SA_3	-4	72	120	66864
88_LC_1	1	88	120	33923
328_LC_4	-5	58	120	68126
329_LC_4	-5	59	90	68126
182_LC_2	-3	82	60	68496
183_NU_2	-3	83	20	68604
263_SA_3	-4	73	60	69036
184_SA_2	-3	84	15	69036
185_SA_2	-3	85	35	69392
331_SA_4	-5	60	160	69392
330_SA_4	-5	61	120	69392
264_SA_3	-4	74	65	69936
186_PR_2	2	86	120	34996
187_SA_2	-3	87	210	70012
89_PR_1	1	89	70	35219
90_SA_1	1	90	90	35387
391_LC_5	5	51	75	36263
393_PR_5	-6	52	150	72620
91_PR_1	1	91	120	36310
392_PR_5	-6	53	35	72620
188_VI_2	-3	88	100	73014
332_PR_4	-5	62	120	73094
265_PR_3	-4	75	100	73518
92_SA_1	1	92	60	36925
333_VI_4	4	63	90	36971
394_PR_5	-6	54	75	75496
93_SA_1	1	93	90	38088
94_NU_1	1	94	160	39081
95_SA_1	1	95	140	39212
334_SA_4	-5	64	30	81452
96_VI_1	1	96	50	41144
98_PR_1	1	97	10	41313
97_PR_1	1	98	20	41313
335_SA_4	-5	65	30	83178
266_SA_3	-4	76	80	83662
99_SA_1	1	99	75	42090
267_NU_3	-4	77	50	85536
336_VI_4	4	66	240	43074
337_PR_4	4	67	1	45349
395_SA_5	-6	55	90	92368
338_SA_4	4	68	60	46184
396_SA_5	-6	56	60	93352
397_SA_5	-6	57	10	93352
268_SA_3	-4	78	90	96890
398_NU_5	-6	58	150	98074
340_SA_4	-5	69	60	98074
339_SA_4	-5	70	140	98074
189_PR_2	2	89	80	49037
399_SA_5	5	59	60	50325
190_SA_2	2	90	30	50325
100_PR_1	1	100	60	50473
269_SA_3	3	79	40	51930
400_PR_5	5	60	45	52695
270_PR_3	3	80	75	76270
