Iter 127
MasterProb = 60269100

s [*] :=
1  106
2  123
3  125
4  124
5  126
;

SubProb = -4923510
d = 95

distanceCost*(sum{l in 1 .. Lcap - 1} t[l]) = 4070

Iter 128
MasterProb = 56622900

s [*] :=
1  105
2  104
3  100
4  125
5  127
;

SubProb = -2703040
d = 0

distanceCost*(sum{l in 1 .. Lcap - 1} t[l]) = 2915

Iter 129
MasterProb = 56622900

s [*] :=
1  119
2   39
3  121
4  120
5  122
;

SubProb = -4216100
d = 57

distanceCost*(sum{l in 1 .. Lcap - 1} t[l]) = 4785

Iter 130
MasterProb = 53556600

s [*] :=
1   33
2   48
3  117
4   57
5   67
;

SubProb = -2370040
d = 0

distanceCost*(sum{l in 1 .. Lcap - 1} t[l]) = 3520

Iter 131
MasterProb = 51381800

s [*] :=
1    2
2  114
3   71
4  121
5   63
;

SubProb = -2613720
d = 0

distanceCost*(sum{l in 1 .. Lcap - 1} t[l]) = 4620

Iter 132
MasterProb = 51381800

s [*] :=
1   39
2   92
3  101
4  124
5   19
;

SubProb = -2485320
d = 0

distanceCost*(sum{l in 1 .. Lcap - 1} t[l]) = 3850

Iter 133
MasterProb = 50416100

s [*] :=
1   18
2   51
3  100
4   20
5   63
;

SubProb = -1825920
d = 0

distanceCost*(sum{l in 1 .. Lcap - 1} t[l]) = 3080

Iter 134
MasterProb = 49528800

s [*] :=
1   18
2   51
3  100
4   20
5   63
;

SubProb = -233854
d = 0

distanceCost*(sum{l in 1 .. Lcap - 1} t[l]) = 3080

Iter 135
MasterProb = 49528800

s [*] :=
1   18
2   51
3  100
4   20
5   63
;

SubProb = 0
d = 0

distanceCost*(sum{l in 1 .. Lcap - 1} t[l]) = 3080

Problema Entero
MasterProb = 49528800

fo1 = 27615
fo2 = 49501100

x[j] [*] :=
101  1
102  1
103  1
104  1
105  1
107  1
108  1
109  1
110  1
111  1
112  1
113  1
114  1
115  1
116  1
118  1
127  1
129  1
130  1
133  1
;

aa[i,j] [*,*]
:   101 102 103 104 105 107 108 109 110 111 112 113 114 115 116 118 127 129 130 :=
1     0   0   0   0   0   0   0   0   0   0   0   0   0   0   0   0   0   0   0
2     0   0   0   0   0   0   0   0   0   0   0   0   0   0   0   0   0   0   0
3     0   0   0   0   0   0   0   0   0   0   0   0   0   0   0   0   0   0   0
4     0   0   0   0   0   0   0   0   0   0   0   0   0   0   0   0   0   0   0
5     0   0   0   0   0   0   0   0   0   0   0   0   0   0   0   0   0   0   0
6     0   0   0   0   0   0   0   0   0   0   0   0   0   0   0   0   0   0   0
7     0   0   0   0   0   0   0   0   0   0   0   0   0   0   0   0   0   0   0
8     0   0   0   0   0   0   0   0   0   0   0   0   0   0   0   0   0   0   0
9     0   0   0   0   0   0   0   0   0   0   0   0   0   0   0   0   0   0   0
10    0   0   0   0   0   0   0   0   0   0   0   0   0   0   0   0   0   0   0
11    0   0   0   0   0   0   0   0   0   0   0   0   0   0   0   0   0   0   0
12    0   0   0   0   0   0   0   0   0   0   0   0   0   0   0   0   0   0   0
13    0   0   0   0   0   0   0   0   0   0   0   0   0   0   0   0   0   0   0
14    0   0   0   0   0   0   0   0   0   0   0   0   0   0   0   0   0   0   0
15    0   0   0   0   0   0   0   0   0   0   0   0   0   0   0   0   0   0   0
16    0   0   0   0   0   0   0   0   0   0   0   0   0   0   0   0   0   0   0
17    0   0   0   0   0   0   0   0   0   0   0   0   0   0   0   0   0   0   0
18    0   0   0   0   0   0   0   0   0   0   0   0   0   0   0   0   0   0   0
19    0   0   0   0   0   0   0   0   0   0   0   0   0   0   0   0   0   0   0
20    0   0   0   0   0   0   0   0   0   0   0   0   0   0   0   0   0   0   0
21    0   0   0   0   0   0   0   0   0   0   0   0   0   0   0   0   0   0   0
22    0   0   0   0   0   0   0   0   0   0   0   0   0   0   0   0   0   0   0
23    0   0   0   0   0   0   0   0   0   0   0   0   0   0   0   0   0   0   0
24    0   0   0   0   0   0   0   0   0   0   0   0   0   0   0   0   0   0   0
25    0   0   0   0   0   0   0   0   0   0   0   0   0   0   0   0   0   0   0
26    0   0   0   0   0   0   0   0   0   0   0   0   0   0   0   0   0   0   0
27    0   0   0   0   0   0   0   0   0   0   0   0   0   0   0   0   0   0   0
28    0   0   0   0   0   0   0   0   0   0   0   0   0   0   0   0   0   0   0
29    0   0   0   0   0   0   0   0   0   0   0   0   0   0   0   0   0   0   0
30    0   0   0   0   0   0   0   0   0   0   0   0   0   0   0   0   0   0   0
31    0   0   0   0   0   0   0   0   0   0   0   0   0   0   0   0   0   0   0
32    0   0   0   0   0   0   0   0   0   0   0   0   0   0   0   0   0   0   0
33    0   0   0   0   0   0   0   0   0   0   0   0   0   0   0   0   0   0   1
34    0   0   0   0   0   0   0   0   0   0   0   0   0   0   0   0   0   0   0
35    0   0   0   0   0   0   0   0   0   0   0   0   0   0   0   0   0   0   0
36    0   0   0   0   0   0   0   0   0   0   0   0   0   0   0   0   0   0   0
37    0   0   0   0   0   0   0   0   0   0   0   0   0   0   0   0   0   0   0
38    0   0   0   0   0   0   0   0   0   0   0   0   0   0   0   0   0   0   0
39    0   0   0   0   0   0   0   0   0   0   0   0   0   0   0   0   0   1   0
40    0   0   0   0   0   0   0   0   0   0   0   0   0   0   0   0   0   0   0
41    0   0   0   0   0   0   0   0   0   0   0   0   0   0   0   0   0   0   0
42    0   0   0   0   0   0   0   0   0   0   0   0   0   0   0   0   0   0   0
43    0   0   0   0   0   0   0   0   0   0   0   0   0   0   0   0   0   0   0
44    0   0   0   0   0   0   0   0   0   0   0   0   0   0   0   0   0   0   0
45    0   0   0   0   0   0   0   0   0   0   0   0   0   0   0   0   0   0   0
46    0   0   0   0   0   0   0   0   0   0   0   0   0   0   0   0   0   0   0
47    0   0   0   0   0   0   0   0   0   0   0   0   0   0   0   0   0   0   0
48    0   0   0   0   0   0   0   0   0   0   0   0   0   0   0   0   0   0   1
49    0   0   0   0   0   0   0   0   0   0   0   0   0   0   0   0   0   0   0
50    0   0   0   0   0   0   0   0   0   0   0   0   0   0   0   0   0   0   0
51    0   0   0   0   0   0   0   0   0   0   0   0   0   0   0   0   0   0   0
52    0   0   0   0   0   0   0   0   0   0   0   0   0   0   0   0   0   0   0
53    0   0   0   0   0   0   0   0   0   0   0   0   0   0   0   0   0   0   0
54    0   0   0   0   0   0   0   0   0   0   0   0   0   0   0   0   0   0   0
55    0   0   0   0   0   0   0   0   0   0   0   0   0   0   0   0   0   0   0
56    0   0   0   0   0   0   0   0   0   0   0   0   0   0   0   0   0   0   0
57    0   0   0   0   0   0   0   0   0   0   0   0   0   0   0   0   0   0   1
58    0   0   0   0   0   0   0   0   0   0   0   0   0   0   0   0   0   0   0
59    0   0   0   0   0   0   0   0   0   0   0   0   0   0   0   0   0   0   0
60    0   0   0   0   0   0   0   0   0   0   0   0   0   0   0   0   0   0   0
61    0   0   0   0   0   0   0   0   0   0   0   0   0   0   0   0   0   0   0
62    0   0   0   0   0   0   0   0   0   0   0   0   0   0   0   0   0   0   0
63    0   0   0   0   0   0   0   0   0   0   0   0   0   0   0   0   0   0   0
64    0   0   0   0   0   0   0   0   0   0   0   0   0   0   0   0   0   0   0
65    0   0   0   0   0   0   0   0   0   0   0   0   0   0   0   0   0   0   0
66    0   0   0   0   0   0   0   0   0   0   0   0   0   0   0   0   0   0   0
67    0   0   0   0   0   0   0   0   0   0   0   0   0   0   0   0   0   0   1
68    0   0   0   0   0   0   0   0   0   0   0   0   0   0   0   0   0   0   0
69    0   0   0   0   0   0   0   0   0   0   0   0   0   0   0   0   0   0   0
70    0   0   0   0   0   0   0   0   0   0   0   0   0   0   0   0   0   0   0
71    0   0   0   0   0   0   0   0   0   0   0   0   0   0   0   0   0   0   0
72    0   0   0   0   0   0   0   0   0   0   0   0   0   0   0   0   0   0   0
73    0   0   0   0   0   0   0   0   0   0   0   0   0   0   0   0   0   0   0
74    0   0   0   0   0   0   0   0   0   0   0   0   0   0   0   0   0   0   0
75    0   0   0   0   0   0   0   0   0   0   0   0   0   0   0   0   0   0   0
76    0   0   0   0   0   0   0   0   0   0   0   0   0   0   0   0   0   0   0
77    0   0   0   0   0   0   0   0   0   0   0   0   0   0   0   0   0   0   0
78    0   0   0   0   0   0   0   0   0   0   0   0   0   0   0   0   0   0   0
79    0   0   0   0   0   0   0   0   0   0   0   0   0   0   0   0   0   0   0
80    0   0   0   0   0   0   0   0   0   0   0   0   0   0   0   0   0   0   0
81    0   0   0   0   0   0   0   0   0   0   0   0   0   0   0   0   0   0   0
82    0   0   0   0   0   0   0   0   0   0   0   0   0   0   0   0   0   0   0
83    0   0   0   0   0   0   0   0   0   0   0   0   0   0   0   0   0   0   0
84    0   0   0   0   0   0   0   0   0   0   0   0   0   0   0   0   0   0   0
85    0   0   0   0   0   0   0   0   0   0   0   0   0   0   0   0   0   0   0
86    0   0   0   0   0   0   0   0   0   0   0   0   0   0   0   0   0   0   0
87    0   0   0   0   0   0   0   0   0   0   0   0   0   0   0   0   0   0   0
88    0   0   0   0   0   0   0   0   0   0   0   0   0   0   0   0   0   0   0
89    0   0   0   0   0   0   0   0   0   0   0   0   0   0   0   0   0   0   0
90    0   0   0   0   0   0   0   0   0   0   0   0   0   0   0   0   0   0   0
91    0   0   0   0   0   0   0   0   0   0   0   0   0   0   0   0   0   0   0
92    0   0   0   0   0   0   0   0   0   0   0   0   0   0   0   0   0   0   0
93    0   0   0   0   0   0   0   0   0   0   0   0   0   0   0   0   0   0   0
94    0   0   0   0   0   0   0   0   0   0   0   0   0   0   0   0   0   0   0
95    0   0   0   0   0   0   0   0   0   0   0   0   0   0   0   0   0   0   0
96    0   0   0   0   0   0   0   0   0   0   0   0   0   0   0   0   0   0   0
97    0   0   0   0   0   0   0   0   0   0   0   0   0   0   0   0   0   0   0
98    0   0   0   0   0   0   0   0   0   0   0   0   0   0   0   0   0   0   0
99    0   0   0   0   0   0   0   0   0   0   0   0   0   0   0   0   0   0   0
100   0   0   0   0   0   0   0   0   0   0   0   0   0   0   0   0   0   0   0
101   1   0   0   0   0   0   0   0   0   0   0   0   0   0   0   0   0   0   0
102   0   1   0   0   0   0   0   0   0   0   0   0   0   0   0   0   0   0   0
103   0   0   1   0   0   0   0   0   0   0   0   0   0   0   0   0   0   0   0
104   0   0   0   1   0   0   0   0   0   0   0   0   0   0   0   0   0   0   0
105   0   0   0   0   1   0   0   0   0   0   0   0   0   0   0   0   0   0   0
106   0   0   0   0   0   0   0   0   0   0   0   0   0   0   0   0   1   0   0
107   0   0   0   0   0   1   0   0   0   0   0   0   0   0   0   0   0   0   0
108   0   0   0   0   0   0   1   0   0   0   0   0   0   0   0   0   0   0   0
109   0   0   0   0   0   0   0   1   0   0   0   0   0   0   0   0   0   0   0
110   0   0   0   0   0   0   0   0   1   0   0   0   0   0   0   0   0   0   0
111   0   0   0   0   0   0   0   0   0   1   0   0   0   0   0   0   0   0   0
112   0   0   0   0   0   0   0   0   0   0   1   0   0   0   0   0   0   0   0
113   0   0   0   0   0   0   0   0   0   0   0   1   0   0   0   0   0   0   0
114   0   0   0   0   0   0   0   0   0   0   0   0   1   0   0   0   0   0   0
115   0   0   0   0   0   0   0   0   0   0   0   0   0   1   0   0   0   0   0
116   0   0   0   0   0   0   0   0   0   0   0   0   0   0   1   0   0   0   0
117   0   0   0   0   0   0   0   0   0   0   0   0   0   0   0   0   0   0   1
118   0   0   0   0   0   0   0   0   0   0   0   0   0   0   0   1   0   0   0
119   0   0   0   0   0   0   0   0   0   0   0   0   0   0   0   0   0   1   0
120   0   0   0   0   0   0   0   0   0   0   0   0   0   0   0   0   0   1   0
121   0   0   0   0   0   0   0   0   0   0   0   0   0   0   0   0   0   1   0
122   0   0   0   0   0   0   0   0   0   0   0   0   0   0   0   0   0   1   0
123   0   0   0   0   0   0   0   0   0   0   0   0   0   0   0   0   1   0   0
124   0   0   0   0   0   0   0   0   0   0   0   0   0   0   0   0   1   0   0
125   0   0   0   0   0   0   0   0   0   0   0   0   0   0   0   0   1   0   0
126   0   0   0   0   0   0   0   0   0   0   0   0   0   0   0   0   1   0   0

:   133    :=
1     0
2     0
3     0
4     0
5     0
6     0
7     0
8     0
9     0
10    0
11    0
12    0
13    0
14    0
15    0
16    0
17    0
18    1
19    0
20    1
21    0
22    0
23    0
24    0
25    0
26    0
27    0
28    0
29    0
30    0
31    0
32    0
33    0
34    0
35    0
36    0
37    0
38    0
39    0
40    0
41    0
42    0
43    0
44    0
45    0
46    0
47    0
48    0
49    0
50    0
51    1
52    0
53    0
54    0
55    0
56    0
57    0
58    0
59    0
60    0
61    0
62    0
63    1
64    0
65    0
66    0
67    0
68    0
69    0
70    0
71    0
72    0
73    0
74    0
75    0
76    0
77    0
78    0
79    0
80    0
81    0
82    0
83    0
84    0
85    0
86    0
87    0
88    0
89    0
90    0
91    0
92    0
93    0
94    0
95    0
96    0
97    0
98    0
99    0
100   1
101   0
102   0
103   0
104   0
105   0
106   0
107   0
108   0
109   0
110   0
111   0
112   0
113   0
114   0
115   0
116   0
117   0
118   0
119   0
120   0
121   0
122   0
123   0
124   0
125   0
126   0
;

vi[i] [*] :=
 1  1
 2  1
 3  1
 4  1
 5  1
 6  1
 7  1
 8  1
 9  1
10  1
11  1
12  1
13  1
14  1
15  1
16  1
17  1
19  1
21  1
22  1
23  1
24  1
25  1
26  1
27  1
28  1
29  1
30  1
31  1
32  1
34  1
35  1
36  1
37  1
38  1
40  1
41  1
42  1
43  1
44  1
45  1
46  1
47  1
49  1
50  1
52  1
53  1
54  1
55  1
56  1
58  1
59  1
60  1
61  1
62  1
64  1
65  1
66  1
68  1
69  1
70  1
71  1
72  1
73  1
74  1
75  1
76  1
77  1
78  1
79  1
80  1
81  1
82  1
83  1
84  1
85  1
86  1
87  1
88  1
89  1
90  1
91  1
92  1
93  1
94  1
95  1
96  1
97  1
98  1
99  1
;

:   x[i]   c[i]  travel[i] delay[i]    :=
101   1        0       0         0
102   1        0       0         0
103   1        0       0         0
104   1        0       0         0
105   1        0       0         0
107   1        0       0         0
108   1        0       0         0
109   1        0       0         0
110   1        0       0         0
111   1        0       0         0
112   1        0       0         0
113   1        0       0         0
114   1        0       0         0
115   1        0       0         0
116   1        0       0         0
118   1        0       0         0
127   1    11670    4070      7600
129   1     9345    4785      4560
130   1     3520    3520         0
133   1     3080    3080         0
;

