Iter 121
MasterProb = 113671

s [*] :=
1  104
2   42
3  101
4   39
5  107
;

SubProb = -11193.2
d = 17

distanceCost*(sum{l in 1 .. Lcap - 1} t[l]) = 3685

Iter 122
MasterProb = 107704

s [*] :=
1  92
2  12
3  26
4  66
5  84
;

SubProb = -5076.27
d = 0

distanceCost*(sum{l in 1 .. Lcap - 1} t[l]) = 4785

Iter 123
MasterProb = 104956

s [*] :=
1  89
2  82
3  39
4   2
5  80
;

SubProb = -5793.16
d = 0

distanceCost*(sum{l in 1 .. Lcap - 1} t[l]) = 5005

Iter 124
MasterProb = 104867

s [*] :=
1   38
2    6
3   58
4  110
5    7
;

SubProb = -4020.13
d = 0

distanceCost*(sum{l in 1 .. Lcap - 1} t[l]) = 3520

Iter 125
MasterProb = 104479

s [*] :=
1   83
2   34
3   27
4  105
5  121
;

SubProb = -6400.79
d = 0

distanceCost*(sum{l in 1 .. Lcap - 1} t[l]) = 3355

Iter 126
MasterProb = 100336

s [*] :=
1   74
2   69
3   62
4   33
5  110
;

SubProb = -11334.8
d = 0

distanceCost*(sum{l in 1 .. Lcap - 1} t[l]) = 3520

Iter 127
MasterProb = 97301.7

s [*] :=
1  25
2  60
3  22
4  17
5  85
;

SubProb = -4114.47
d = 0

distanceCost*(sum{l in 1 .. Lcap - 1} t[l]) = 4070

Iter 128
MasterProb = 96207.5

s [*] :=
1   82
2  110
3  104
4    1
5    8
;

SubProb = -8591.71
d = 0

distanceCost*(sum{l in 1 .. Lcap - 1} t[l]) = 5060

Iter 129
MasterProb = 95053.9

s [*] :=
1   1
2  25
3  10
4  12
5   8
;

SubProb = -5985.25
d = 0

distanceCost*(sum{l in 1 .. Lcap - 1} t[l]) = 4510

Iter 130
MasterProb = 94138.5

s [*] :=
1   7
2  89
3  22
4   2
5  92
;

SubProb = -4004.82
d = 8

distanceCost*(sum{l in 1 .. Lcap - 1} t[l]) = 4290

Iter 131
MasterProb = 93323.9

s [*] :=
1   1
2  29
3  90
4  35
5  15
;

SubProb = -3076.79
d = 0

distanceCost*(sum{l in 1 .. Lcap - 1} t[l]) = 3905

Iter 132
MasterProb = 93234.6

s [*] :=
1  118
2    8
3    3
4    9
5   85
;

SubProb = -7469.24
d = 0

distanceCost*(sum{l in 1 .. Lcap - 1} t[l]) = 4950

Iter 133
MasterProb = 91602.4

s [*] :=
1  67
2  53
3  52
4  72
5  60
;

SubProb = -4239.21
d = 0

distanceCost*(sum{l in 1 .. Lcap - 1} t[l]) = 3850

Iter 134
MasterProb = 91013.2

s [*] :=
1  118
2  119
3  121
4  122
5  123
;

SubProb = 186
d = 0

distanceCost*(sum{l in 1 .. Lcap - 1} t[l]) = 880

Problema Entero
MasterProb = 104499

fo1 = 53965
fo2 = 50534

x[j] [*] :=
  5  1
 61  1
 73  1
143  1
154  1
167  1
192  1
213  1
223  1
229  1
246  1
272  1
292  1
336  1
352  1
395  1
399  1
400  1
403  1
404  1
;

aa[i,j] [*,*]
:     5  61  73 143 154 167 192 213 223 229 246 272 292 336 352 395 399 400 403 :=
1     0   0   0   0   0   0   0   0   0   0   0   0   0   0   0   0   0   0   1
2     0   0   0   0   0   0   0   0   0   0   0   0   0   0   0   0   0   0   0
3     0   0   0   0   0   0   0   0   0   0   0   0   0   0   1   0   0   0   0
4     0   0   0   0   0   0   0   0   0   0   0   0   0   0   0   0   0   0   0
5     1   0   0   0   0   0   0   0   0   0   0   0   0   0   0   0   0   0   0
6     0   0   0   0   0   1   0   0   0   0   0   0   0   0   0   0   0   0   0
7     0   0   0   0   0   0   0   0   0   0   0   0   0   0   0   0   0   0   0
8     0   0   0   0   0   0   0   0   0   0   0   0   0   0   0   0   0   0   1
9     0   0   0   0   0   0   0   1   0   0   0   0   0   0   0   0   0   0   0
10    0   0   0   0   0   0   0   0   0   0   0   0   0   0   0   0   0   0   1
11    0   0   0   0   0   0   0   0   0   0   0   0   0   0   1   0   0   0   0
12    0   0   0   0   0   0   0   0   0   0   0   0   0   0   0   0   0   0   1
13    0   0   0   0   0   0   0   1   0   0   0   0   0   0   0   0   0   0   0
14    0   0   0   0   0   0   0   0   0   0   0   0   0   1   0   0   0   0   0
15    0   0   0   0   0   0   0   0   0   0   1   0   0   0   0   0   0   0   0
16    0   0   0   0   0   0   0   0   0   0   0   0   0   0   0   0   0   0   0
17    0   0   0   0   0   0   0   0   0   0   0   0   0   0   0   0   0   0   0
18    0   0   0   0   0   0   0   0   0   0   0   0   0   0   0   0   0   0   0
19    0   0   0   0   0   0   0   0   0   0   0   0   0   0   1   0   0   0   0
20    0   0   0   0   0   0   0   0   0   0   0   0   0   1   0   0   0   0   0
21    0   0   0   0   0   0   0   0   0   0   0   0   0   0   0   0   0   0   0
22    0   0   0   0   0   0   0   0   0   0   0   0   0   0   0   0   0   0   0
23    0   0   0   0   0   0   0   0   0   0   0   0   0   0   0   0   0   0   0
24    0   0   0   0   0   0   0   0   0   0   0   0   0   0   0   0   0   0   0
25    0   0   0   0   0   0   0   0   0   0   0   0   0   0   0   0   0   0   1
26    0   0   0   0   0   0   0   0   0   0   0   1   0   0   0   0   0   0   0
27    0   0   0   0   0   0   0   0   0   0   0   0   0   0   0   0   1   0   0
28    0   0   0   0   0   0   0   0   0   0   0   0   0   0   0   0   0   0   0
29    0   0   0   0   0   0   0   0   0   0   0   0   0   0   0   0   0   0   0
30    0   0   0   0   0   0   0   0   0   0   0   0   0   0   0   0   0   0   0
31    0   0   0   0   0   0   0   0   0   0   1   0   0   0   0   0   0   0   0
32    0   0   0   0   0   0   0   1   0   0   0   0   0   0   0   0   0   0   0
33    0   0   0   0   0   0   0   0   0   0   0   0   0   0   0   0   0   1   0
34    0   0   0   0   0   0   0   0   0   0   0   0   0   0   0   0   1   0   0
35    0   0   0   0   0   0   0   1   0   0   0   0   0   0   0   0   0   0   0
36    0   0   0   0   0   0   0   0   0   0   0   0   0   0   0   0   0   0   0
37    0   0   0   0   1   0   0   0   0   0   0   0   0   0   0   0   0   0   0
38    0   0   0   1   0   0   0   0   0   0   0   0   0   0   0   0   0   0   0
39    0   0   0   0   0   0   0   0   0   0   0   0   0   0   0   1   0   0   0
40    0   0   0   0   1   0   0   0   0   0   0   0   0   0   0   0   0   0   0
41    0   0   0   0   0   0   0   0   0   0   0   0   0   0   0   0   0   0   0
42    0   0   0   0   0   0   0   0   0   0   0   0   0   0   0   1   0   0   0
43    0   0   0   0   0   0   0   0   0   0   0   0   1   0   0   0   0   0   0
44    0   0   0   0   0   0   0   0   0   0   0   0   0   0   0   0   0   0   0
45    0   0   0   0   0   0   0   0   0   0   0   0   0   0   0   0   0   0   0
46    0   0   0   0   0   1   0   0   0   0   0   0   0   0   0   0   0   0   0
47    0   0   0   0   0   0   0   0   0   0   0   0   0   0   0   0   0   0   0
48    0   0   0   0   0   0   0   1   0   0   0   0   0   0   0   0   0   0   0
49    0   0   0   0   0   0   0   0   1   0   0   0   0   0   0   0   0   0   0
50    0   0   0   0   0   0   0   0   0   0   0   0   0   0   0   0   0   0   0
51    0   0   0   0   0   1   0   0   0   0   0   0   0   0   0   0   0   0   0
52    0   0   0   1   0   0   0   0   0   0   0   0   0   0   0   0   0   0   0
53    0   0   0   0   0   0   0   0   0   0   0   1   0   0   0   0   0   0   0
54    0   0   0   0   0   0   1   0   0   0   0   0   0   0   0   0   0   0   0
55    0   0   0   0   0   0   1   0   0   0   0   0   0   0   0   0   0   0   0
56    0   0   0   0   1   0   0   0   0   0   0   0   0   0   0   0   0   0   0
57    0   0   0   0   0   0   0   0   0   0   0   0   0   0   0   0   0   0   0
58    0   0   0   0   0   0   0   0   0   0   0   0   0   0   0   0   0   0   0
59    0   0   0   0   0   0   0   0   0   1   0   0   0   0   0   0   0   0   0
60    0   0   0   0   0   0   0   0   0   0   0   0   0   0   1   0   0   0   0
61    0   1   0   0   0   0   0   0   0   0   0   0   0   0   0   0   0   0   0
62    0   0   0   0   0   0   0   0   0   0   0   0   0   0   0   0   0   1   0
63    0   0   0   0   0   0   0   0   0   0   0   0   0   0   0   0   0   0   0
64    0   0   0   0   0   0   0   0   0   0   0   0   0   0   0   0   0   0   0
65    0   0   0   0   0   0   0   0   0   0   0   0   0   0   0   0   0   0   0
66    0   0   0   0   0   0   0   0   0   0   0   0   0   0   1   0   0   0   0
67    0   0   0   0   0   0   0   0   1   0   0   0   0   0   0   0   0   0   0
68    0   0   0   0   0   1   0   0   0   0   0   0   0   0   0   0   0   0   0
69    0   0   0   0   0   0   0   0   0   0   0   0   0   0   0   0   0   1   0
70    0   0   0   1   0   0   0   0   0   0   0   0   0   0   0   0   0   0   0
71    0   0   0   0   0   0   0   0   0   0   0   0   0   0   0   0   0   0   0
72    0   0   0   0   0   0   0   0   0   1   0   0   0   0   0   0   0   0   0
73    0   0   1   0   0   0   0   0   0   0   0   0   0   0   0   0   0   0   0
74    0   0   0   0   0   0   0   0   0   0   0   0   0   0   0   0   0   1   0
75    0   0   0   0   0   0   0   0   1   0   0   0   0   0   0   0   0   0   0
76    0   0   0   0   0   0   0   0   0   0   0   0   0   0   0   0   0   0   0
77    0   0   0   0   1   0   0   0   0   0   0   0   0   0   0   0   0   0   0
78    0   0   0   0   0   0   0   0   0   0   0   0   0   0   0   0   0   0   0
79    0   0   0   0   0   0   0   0   0   1   0   0   0   0   0   0   0   0   0
80    0   0   0   0   0   0   0   0   0   1   0   0   0   0   0   0   0   0   0
81    0   0   0   1   0   0   0   0   0   0   0   0   0   0   0   0   0   0   0
82    0   0   0   1   0   0   0   0   0   0   0   0   0   0   0   0   0   0   0
83    0   0   0   0   0   0   0   0   0   0   0   0   0   0   0   0   1   0   0
84    0   0   0   0   0   1   0   0   0   0   0   0   0   0   0   0   0   0   0
85    0   0   0   0   0   0   0   0   1   0   0   0   0   0   0   0   0   0   0
86    0   0   0   0   0   0   0   0   0   1   0   0   0   0   0   0   0   0   0
87    0   0   0   0   0   0   0   0   0   0   0   0   1   0   0   0   0   0   0
88    0   0   0   0   0   0   0   0   0   0   0   0   0   0   0   0   0   0   0
89    0   0   0   0   0   0   0   0   0   0   0   0   0   0   0   0   0   0   0
90    0   0   0   0   1   0   0   0   0   0   0   0   0   0   0   0   0   0   0
91    0   0   0   0   0   0   0   0   0   0   0   0   0   0   0   0   0   0   0
92    0   0   0   0   0   0   0   0   0   0   0   0   0   0   0   0   0   0   0
93    0   0   0   0   0   0   0   0   0   0   0   0   0   0   0   0   0   0   0
94    0   0   0   0   0   0   0   0   0   0   0   0   0   0   0   0   0   0   0
95    0   0   0   0   0   0   0   0   0   0   0   0   0   0   0   0   0   0   0
96    0   0   0   0   0   0   0   0   0   0   0   0   0   0   0   0   0   0   0
97    0   0   0   0   0   0   0   0   0   0   0   0   0   0   0   0   0   0   0
98    0   0   0   0   0   0   0   0   0   0   0   0   0   0   0   0   0   0   0
99    0   0   0   0   0   0   0   0   0   0   0   0   0   0   0   0   0   0   0
100   0   0   0   0   0   0   0   0   0   0   0   0   0   0   0   0   0   0   0
101   0   0   0   0   0   0   0   0   0   0   0   0   0   0   0   1   0   0   0
102   0   0   0   0   0   0   0   0   0   0   0   0   0   0   0   0   0   0   0
103   0   0   0   0   0   0   0   0   0   0   0   0   0   0   0   0   0   0   0
104   0   0   0   0   0   0   0   0   0   0   0   0   0   0   0   1   0   0   0
105   0   0   0   0   0   0   0   0   0   0   0   0   0   0   0   0   1   0   0
106   0   0   0   0   0   0   0   0   0   0   0   0   0   0   0   0   0   0   0
107   0   0   0   0   0   0   0   0   0   0   0   0   0   0   0   1   0   0   0
108   0   0   0   0   0   0   0   0   0   0   0   0   0   0   0   0   0   0   0
109   0   0   0   0   0   0   0   0   0   0   0   0   0   0   0   0   0   0   0
110   0   0   0   0   0   0   0   0   0   0   0   0   0   0   0   0   0   1   0
111   0   0   0   0   0   0   0   0   0   0   0   0   0   0   0   0   0   0   0
112   0   0   0   0   0   0   0   0   0   0   0   0   0   0   0   0   0   0   0
113   0   0   0   0   0   0   0   0   0   0   0   0   0   0   0   0   0   0   0
114   0   0   0   0   0   0   0   0   0   0   0   0   0   0   0   0   0   0   0
115   0   0   0   0   0   0   0   0   0   0   0   0   0   0   0   0   0   0   0
116   0   0   0   0   0   0   0   0   0   0   0   0   0   0   0   0   0   0   0
117   0   0   0   0   0   0   0   0   0   0   0   0   0   0   0   0   0   0   0
118   0   0   0   0   0   0   0   0   0   0   0   0   0   0   0   0   0   0   0
119   0   0   0   0   0   0   0   0   0   0   0   0   0   0   0   0   0   0   0
120   0   0   0   0   0   0   0   0   0   0   0   0   0   0   0   0   0   0   0

:   404    :=
1     0
2     1
3     0
4     0
5     0
6     0
7     1
8     0
9     0
10    0
11    0
12    0
13    0
14    0
15    0
16    0
17    0
18    0
19    0
20    0
21    0
22    1
23    0
24    0
25    0
26    0
27    0
28    0
29    0
30    0
31    0
32    0
33    0
34    0
35    0
36    0
37    0
38    0
39    0
40    0
41    0
42    0
43    0
44    0
45    0
46    0
47    0
48    0
49    0
50    0
51    0
52    0
53    0
54    0
55    0
56    0
57    0
58    0
59    0
60    0
61    0
62    0
63    0
64    0
65    0
66    0
67    0
68    0
69    0
70    0
71    0
72    0
73    0
74    0
75    0
76    0
77    0
78    0
79    0
80    0
81    0
82    0
83    0
84    0
85    0
86    0
87    0
88    0
89    1
90    0
91    0
92    1
93    0
94    0
95    0
96    0
97    0
98    0
99    0
100   0
101   0
102   0
103   0
104   0
105   0
106   0
107   0
108   0
109   0
110   0
111   0
112   0
113   0
114   0
115   0
116   0
117   0
118   0
119   0
120   0
;

vi[i] [*] :=
  4  1
 16  1
 17  1
 18  1
 21  1
 23  1
 24  1
 28  1
 29  1
 30  1
 36  1
 41  1
 44  1
 45  1
 47  1
 50  1
 57  1
 58  1
 63  1
 64  1
 65  1
 71  1
 76  1
 78  1
 88  1
 91  1
 93  1
 94  1
 95  1
 96  1
 97  1
 98  1
 99  1
100  1
102  1
103  1
106  1
108  1
109  1
111  1
112  1
113  1
114  1
115  1
116  1
117  1
118  1
119  1
120  1
;

:   x[i]   c[i] travel[i] delay[i]    :=
5     1       0       0         0
61    1       0       0         0
73    1       0       0         0
143   1    3080    3080         0
154   1    3685    3685         0
167   1    5985    3905      2080
192   1    1155    1155         0
213   1    3520    3520         0
223   1    2640    2640         0
229   1    4235    4235         0
246   1     660     660         0
272   1     660     660         0
292   1     880     880         0
336   1     880     880         0
352   1    5225    5225         0
395   1    5045    3685      1360
399   1    3355    3355         0
400   1    3520    3520         0
403   1    4510    4510         0
404   1    4930    4290       640
;

