#Nombre	DiaAten	ModelId		T.Servicio	Penalty
191_PR_3	3	1	60	1430
101_PR_2	2	1	60	2796
1_PR_1	-2	1	90	332
341_SA_5	5	1	70	3888
102_SA_2	2	2	120	4432
2_SA_1	1	2	90	53637
103_SA_2	2	3	120	60267
104_LC_2	-3	4	120	452
271_PR_4	4	1	60	5635
105_LC_2	2	5	200	46062
342_PR_5	-6	2	60	1156
192_PR_3	3	2	130	2016
193_LC_3	3	3	70	2222
272_LC_4	4	2	130	64397
273_LC_4	4	3	90	4011
343_LC_5	5	3	45	46990
274_SA_4	4	4	60	30301
3_SA_1	1	3	75	35868
106_NU_2	2	6	75	43354
107_PR_2	2	7	30	42591
344_LC_5	5	4	120	48222
108_LC_2	2	8	10	47266
345_SA_5	-6	5	150	644
194_PR_3	3	4	20	35491
4_LC_1	-2	4	120	4308
195_SA_3	3	5	150	2114
5_SA_1	1	5	90	61882
197_SA_3	3	6	120	72687
346_LC_5	5	6	70	88361
199_SA_3	3	7	80	32162
196_PR_3	3	8	45	45374
198_SA_3	3	9	60	35000
6_SA_1	1	6	30	7175
200_SA_3	3	10	60	5895
201_LC_3	3	11	270	5018
347_SA_5	5	7	20	49268
7_SA_1	1	7	290	56698
202_SA_3	3	12	180	68055
8_SA_1	1	8	60	46419
110_SA_2	2	9	120	47309
111_SA_2	2	10	120	49117
112_SA_2	2	11	60	24617
109_SA_2	2	12	110	53436
114_SA_2	2	13	60	62327
113_SA_2	2	14	60	38447
203_SA_3	3	13	45	43359
115_PR_2	2	15	90	44151
348_SA_5	5	8	60	7140
349_SA_5	5	9	15	6654
9_SA_1	-2	9	360	790
10_SA_1	-2	10	60	2098
13_SA_1	-2	11	60	1170
14_SA_1	-2	12	90	768
350_SA_5	-6	10	180	1666
12_SA_1	-2	13	75	1164
204_SA_3	-4	14	80	1078
205_SA_3	-4	15	60	1574
352_PR_5	-6	11	70	1646
11_SA_1	-2	14	120	1622
275_SA_4	-5	5	90	1626
276_SA_4	-5	6	60	1480
277_SA_4	4	7	120	885
120_SA_2	-3	16	55	1230
279_SA_4	-5	8	300	1698
280_NU_4	-5	9	60	1728
119_SA_2	-3	17	60	1048
124_SA_2	-3	18	30	1676
121_LC_2	2	19	45	1090
122_SA_2	2	20	50	915
351_SA_5	-6	12	60	816
118_SA_2	-3	21	120	1132
278_PR_4	-5	10	150	918
116_SA_2	2	22	60	1189
117_SA_2	-3	23	140	1386
123_SA_2	-3	24	50	1916
15_SA_1	1	15	240	50588
125_SA_2	2	25	60	62964
281_PR_4	4	11	70	41855
282_LC_4	4	12	90	24428
127_PR_2	2	26	80	74018
206_PR_3	3	16	35	156463
126_PR_2	2	27	180	104827
353_SA_5	-6	13	5	240
354_PR_5	5	14	30	46637
16_SA_1	1	16	110	661
207_SA_3	-4	17	50	862
128_SA_2	-3	28	120	446
17_NU_1	-2	17	180	2080
129_NU_2	-3	29	120	1960
283_SA_4	4	13	180	2718
355_LC_5	5	15	150	1694
130_SA_2	-3	30	90	2808
356_SA_5	-6	16	150	804
131_PR_2	2	31	215	50982
18_SA_1	1	18	90	2248
208_SA_3	-4	18	90	3252
209_SA_3	-4	19	45	3260
132_SA_2	2	32	20	593
19_SA_1	1	19	180	117208
210_SA_3	3	20	180	78757
284_SA_4	4	14	240	92750
134_SA_2	2	33	60	49631
133_SA_2	2	34	90	46408
357_SA_5	5	17	60	60723
285_SA_4	4	15	60	52852
135_SA_2	2	35	60	83207
20_SA_1	1	20	60	64231
136_LC_2	-3	36	30	944
286_PR_4	4	16	60	49119
360_LC_5	5	18	10	75558
358_PR_5	5	19	70	58704
137_PR_2	2	37	150	59329
359_LC_5	5	20	10	36821
361_SA_5	5	21	10	66299
21_NU_1	1	21	90	16769
211_NU_3	3	21	40	30224
362_PR_5	5	22	240	51981
22_PR_1	1	22	60	55032
213_LC_3	3	22	90	21159
139_PR_2	2	38	60	75513
140_SA_2	2	39	50	48631
288_SA_4	4	17	60	48976
287_PR_4	4	18	90	68861
212_SA_3	3	23	40	37579
138_VI_2	2	40	90	52606
363_VI_5	5	23	10	2753
214_VI_3	3	24	25	2917
215_PR_3	3	25	45	66591
23_SA_1	1	23	90	62320
24_PR_1	1	24	100	6212
289_LC_4	4	19	110	28321
25_PR_1	1	25	90	7687
141_NU_2	-3	41	150	534
26_NU_1	-2	26	420	722
27_LC_1	-2	27	180	5284
216_SA_3	3	26	80	7195
28_SA_1	-2	28	30	928
29_SA_1	1	29	60	53769
364_PR_5	5	24	1	2185
217_SA_3	-4	27	150	746
365_SA_5	-6	25	120	2286
290_SA_4	4	20	60	939
291_SA_4	4	21	150	1961
292_PR_4	4	22	50	2350
293_PR_4	4	23	165	2872
294_SA_4	4	24	90	30895
142_LC_2	2	42	50	6876
218_SA_3	3	28	120	4239
219_SA_3	3	29	90	3658
143_SA_2	2	43	180	3892
144_SA_2	-3	44	90	474
145_LC_2	-3	45	60	450
146_SA_2	2	46	165	230
147_LC_2	-3	47	30	500
220_PR_3	-4	30	60	402
30_PR_1	1	30	60	5782
295_LC_4	-5	25	60	168
366_SA_5	5	26	20	15767
32_SA_1	1	31	90	14540
31_SA_1	1	32	90	5007
367_PR_5	5	27	15	64248
33_LC_1	1	33	150	5831
221_PR_3	3	31	35	71899
296_SA_4	4	26	90	72606
222_PR_3	3	32	60	68072
223_PR_3	3	33	40	72856
224_PR_3	3	34	50	2261
34_LC_1	1	34	80	45079
148_SA_2	2	48	90	11068
368_PR_5	5	28	5	14756
369_SA_5	5	29	120	48346
370_SA_5	5	30	140	76560
225_SA_3	-4	35	80	788
35_SA_1	-2	35	105	438
297_SA_4	-5	27	100	2282
36_LC_1	1	36	60	50821
298_PR_4	-5	28	120	482
150_SA_2	2	49	120	1632
149_SA_2	-3	50	235	2286
151_SA_2	2	51	120	46255
38_PR_1	1	37	80	55855
371_PR_5	5	31	30	51342
37_PR_1	1	38	60	42711
39_LC_1	-2	39	90	7372
226_PR_3	3	36	65	64038
372_LC_5	5	32	60	27382
227_LC_3	-4	37	120	3414
40_SA_1	1	40	60	4464
228_SA_3	3	38	100	35026
152_LC_2	2	52	1	2210
41_LC_1	-2	41	120	5376
42_PR_1	1	42	60	2916
299_LC_4	-5	29	60	428
43_SA_1	1	43	207	3888
300_SA_4	4	30	105	55496
301_SA_4	-5	31	75	790
44_PR_1	1	44	25	748
153_PR_2	2	53	230	54631
302_SA_4	4	32	90	46209
373_SA_5	5	33	60	1571
154_PR_2	2	54	170	49164
374_PR_5	5	34	105	55955
155_SA_2	2	55	240	50492
375_PR_5	5	35	170	48380
229_SA_3	-4	39	60	744
156_PR_2	2	56	80	63221
45_VI_1	1	45	75	13376
46_SA_1	-2	46	90	214
47_SA_1	1	47	90	136
230_PR_3	3	40	30	31587
303_LC_4	4	33	60	23620
376_PR_5	5	36	75	52861
304_VI_4	-5	34	120	3140
231_SA_3	3	41	80	2064
49_SA_1	1	48	60	1527
306_SA_4	-5	35	270	1560
305_PR_4	4	36	25	1598
377_PR_5	5	37	30	1067
157_SA_2	-3	57	150	3386
48_SA_1	-2	49	60	3548
232_PR_3	3	42	120	1298
307_SA_4	4	37	120	54867
233_SA_3	3	43	40	67228
378_PR_5	5	38	30	53799
234_LC_3	3	44	60	2294
235_LC_3	-4	45	120	716
379_LC_5	5	39	60	55784
50_LC_1	1	50	80	67992
158_PR_2	-3	58	85	5796
236_VI_3	-4	46	90	344
308_PR_4	4	38	30	38296
237_PR_3	3	47	70	46457
159_SA_2	2	59	55	3066
51_SA_1	1	51	90	1085
160_PR_2	2	60	60	51723
309_PR_4	4	39	60	12473
310_PR_4	4	40	120	51272
161_LC_2	2	61	180	29755
238_SA_3	3	48	60	5523
162_SA_2	2	62	1	6267
239_SA_3	3	49	180	45360
52_PR_1	1	52	30	6048
240_PR_3	3	50	60	2433
53_NU_1	1	53	90	71755
311_PR_4	4	41	60	74653
241_SA_3	3	51	20	44411
55_LC_1	1	54	60	1075
54_LC_1	-2	55	60	2776
312_PR_4	4	42	50	152045
56_LC_1	-2	56	150	168
313_PR_4	4	43	50	1702
163_PR_2	-3	63	120	4176
164_NU_2	-3	64	90	5128
314_SA_4	4	44	20	2414
380_LC_5	5	40	234	3759
59_SA_1	1	57	60	3740
57_SA_1	-2	58	60	5786
58_SA_1	1	59	60	5465
165_SA_2	-3	65	120	1980
60_LC_1	1	60	90	4345
167_SA_2	2	66	60	50992
64_SA_1	1	61	10	43459
62_SA_1	1	62	150	39005
61_SA_1	1	63	30	53127
166_SA_2	2	67	40	32081
65_SA_1	1	64	30	67686
63_SA_1	1	65	75	30144
381_SA_5	5	41	60	43044
242_LC_3	3	52	40	81637
315_SA_4	4	45	180	3180
316_NU_4	4	46	60	4126
66_PR_1	-2	66	75	752
168_SA_2	2	68	60	925
67_SA_1	1	67	60	230
317_LC_4	4	47	45	53852
243_SA_3	3	53	120	1055
318_SA_4	-5	48	240	1588
68_SA_1	-2	68	120	506
69_VI_1	1	69	60	48575
382_PR_5	5	42	30	3663
319_PR_4	4	49	90	2691
71_PR_1	1	70	520	17889
70_SA_1	1	71	180	13504
170_SA_2	2	69	120	20654
244_SA_3	3	54	80	9593
169_LC_2	2	70	135	22977
171_PR_2	-3	71	65	5542
172_NU_2	2	72	60	52165
321_SA_4	4	50	240	48776
383_SA_5	5	43	240	54578
73_PR_1	1	72	120	70106
72_SA_1	1	73	195	48291
320_SA_4	4	51	120	50121
322_SA_4	4	52	90	76354
245_SA_3	-4	55	160	802
384_SA_5	-6	44	240	798
323_SA_4	-5	53	120	764
246_LC_3	3	56	100	4975
247_SA_3	3	57	90	54007
74_SA_1	-2	74	60	412
75_SA_1	1	75	75	72940
174_SA_2	2	73	360	84462
173_SA_2	2	74	55	61446
175_SA_2	2	75	90	63299
385_SA_5	5	45	60	48464
248_SA_3	3	58	60	2415
176_SA_2	-3	76	90	1596
177_PR_2	2	77	50	161
249_SA_3	3	59	75	56725
76_SA_1	-2	76	100	290
250_SA_3	3	60	60	59382
77_SA_1	1	77	120	27892
178_NU_2	-3	78	20	540
324_SA_4	4	54	130	32891
325_PR_4	4	55	180	4489
386_SA_5	5	46	90	62762
179_PR_2	2	79	100	26842
251_PR_3	3	61	60	5908
180_LC_2	2	80	60	44332
326_SA_4	4	56	1	1195
78_SA_1	-2	78	60	2174
79_SA_1	-2	79	100	1784
181_LC_2	2	81	120	445
252_SA_3	3	62	55	772
387_SA_5	5	47	90	23768
80_SA_1	1	80	90	49348
81_SA_1	1	81	60	2836
388_SA_5	5	48	60	2667
389_SA_5	5	49	90	46386
253_SA_3	3	63	60	35658
82_VI_1	1	82	30	5937
390_LC_5	5	50	180	3820
255_PR_3	3	64	150	61297
254_PR_3	3	65	60	44580
256_PR_3	-4	66	90	1100
257_SA_3	-4	67	5	1614
258_SA_3	3	68	120	2571
83_SA_1	1	83	240	1776
327_SA_4	4	57	120	5210
84_LC_1	1	84	15	29887
85_PR_1	1	85	70	160
86_PR_1	1	86	90	24246
259_SA_3	-4	69	110	498
260_SA_3	-4	70	120	458
261_SA_3	3	71	90	7398
87_SA_1	1	87	60	1519
262_SA_3	-4	72	120	2054
88_LC_1	1	88	120	58170
328_LC_4	4	58	120	44146
329_LC_4	4	59	90	17044
182_LC_2	2	82	60	64707
183_NU_2	2	83	20	401
263_SA_3	3	73	60	24404
184_SA_2	2	84	15	40765
185_SA_2	2	85	35	31613
331_SA_4	4	60	160	40557
330_SA_4	4	61	120	45344
264_SA_3	3	74	65	60513
186_PR_2	2	86	120	177
187_SA_2	2	87	210	62990
89_PR_1	1	89	70	58240
90_SA_1	-2	90	90	114
391_LC_5	5	51	75	57367
393_PR_5	5	52	150	59074
91_PR_1	1	91	120	59818
392_PR_5	5	53	35	82437
188_VI_2	-3	88	100	138
332_PR_4	4	62	120	2310
265_PR_3	3	75	100	55707
92_SA_1	1	92	60	58435
333_VI_4	4	63	90	63233
394_PR_5	5	54	75	42446
93_SA_1	-2	93	90	4584
94_NU_1	1	94	160	31479
95_SA_1	-2	95	140	694
334_SA_4	-5	64	30	1356
96_VI_1	1	96	50	82120
98_PR_1	1	97	10	29835
97_PR_1	1	98	20	68628
335_SA_4	4	65	30	3783
266_SA_3	3	76	80	5105
99_SA_1	-2	99	75	192
267_NU_3	3	77	50	7881
336_VI_4	-5	66	240	770
337_PR_4	4	67	1	1427
395_SA_5	-6	55	90	192
338_SA_4	-5	68	60	346
396_SA_5	5	56	60	55854
397_SA_5	5	57	10	40969
268_SA_3	3	78	90	1084
398_NU_5	5	58	150	5711
340_SA_4	4	69	60	5331
339_SA_4	4	70	140	6920
189_PR_2	2	89	80	6552
399_SA_5	5	59	60	51155
190_SA_2	2	90	30	68802
100_PR_1	1	100	60	5131
269_SA_3	3	79	40	217910
400_PR_5	5	60	45	56571
270_PR_3	3	80	75	12043
