Iter 101
MasterProb = 1662900

s [*] :=
1   61
2  100
3   75
4   20
5   22
;

SubProb = -86976
d = 0

distanceCost*(sum{l in 1 .. Lcap - 1} t[l]) = 4345

Iter 102
MasterProb = 1582240

s [*] :=
1   3
2  44
3  87
4  32
5  47
;

SubProb = -76526
d = 0

distanceCost*(sum{l in 1 .. Lcap - 1} t[l]) = 4070

Iter 103
MasterProb = 1506530

s [*] :=
1  91
2  75
3  21
4  96
5  61
;

SubProb = -89716
d = 0

distanceCost*(sum{l in 1 .. Lcap - 1} t[l]) = 5225

Iter 104
MasterProb = 1502280

s [*] :=
1   99
2   96
3   98
4   66
5  100
;

SubProb = -103393
d = 0

distanceCost*(sum{l in 1 .. Lcap - 1} t[l]) = 3685

Iter 105
MasterProb = 1458330

s [*] :=
1  25
2  24
3  16
4  50
5   9
;

SubProb = -40026
d = 351

distanceCost*(sum{l in 1 .. Lcap - 1} t[l]) = 5005

Iter 106
MasterProb = 1418310

s [*] :=
1  25
2  24
3  16
4  50
5   9
;

SubProb = -39847
d = 351

distanceCost*(sum{l in 1 .. Lcap - 1} t[l]) = 5005

Iter 107
MasterProb = 1418310

s [*] :=
1  12
2  89
3  94
4  92
5  95
;

SubProb = -87901
d = 111

distanceCost*(sum{l in 1 .. Lcap - 1} t[l]) = 3905

Iter 108
MasterProb = 1340590

s [*] :=
1  97
2  85
3  93
4  90
5  88
;

SubProb = -102980
d = 0

distanceCost*(sum{l in 1 .. Lcap - 1} t[l]) = 4290

Iter 109
MasterProb = 1250400

s [*] :=
1  94
2  28
3  24
4  99
5  49
;

SubProb = -77430
d = 26

distanceCost*(sum{l in 1 .. Lcap - 1} t[l]) = 4455

Iter 110
MasterProb = 1250400

s [*] :=
1   5
2  97
3  81
4  22
5  31
;

SubProb = -77205
d = 0

distanceCost*(sum{l in 1 .. Lcap - 1} t[l]) = 4620

Iter 111
MasterProb = 1250400

s [*] :=
1  99
2  28
3   2
4  24
5  49
;

SubProb = -70175
d = 0

distanceCost*(sum{l in 1 .. Lcap - 1} t[l]) = 4070

Iter 112
MasterProb = 1234920

s [*] :=
1  41
2  98
3  56
4  48
5  15
;

SubProb = -63562
d = 189

distanceCost*(sum{l in 1 .. Lcap - 1} t[l]) = 4345

Iter 113
MasterProb = 1198960

s [*] :=
1  10
2  59
3  60
4  50
5  66
;

SubProb = -81052
d = 0

distanceCost*(sum{l in 1 .. Lcap - 1} t[l]) = 4015

Iter 114
MasterProb = 1118070

s [*] :=
1  10
2  59
3  60
4  50
5  66
;

SubProb = -80896
d = 0

distanceCost*(sum{l in 1 .. Lcap - 1} t[l]) = 4015

Iter 115
MasterProb = 1118070

s [*] :=
1  100
2   81
3   82
4   84
5   86
;

SubProb = -98239
d = 0

distanceCost*(sum{l in 1 .. Lcap - 1} t[l]) = 4400

Iter 116
MasterProb = 1028930

s [*] :=
1   27
2   29
3  101
4  102
5  103
;

SubProb = -14471
d = 0

distanceCost*(sum{l in 1 .. Lcap - 1} t[l]) = 1595

Iter 117
MasterProb = 1014480

s [*] :=
1   27
2   29
3  101
4  102
5  103
;

SubProb = -14368
d = 0

distanceCost*(sum{l in 1 .. Lcap - 1} t[l]) = 1595

Iter 118
MasterProb = 1014480

s [*] :=
1   27
2   29
3  101
4  102
5  103
;

SubProb = 0
d = 0

distanceCost*(sum{l in 1 .. Lcap - 1} t[l]) = 1595

Problema Entero
MasterProb = 1014480

fo1 = 59915
fo2 = 954568

x[j] [*] :=
 70  1
 71  1
 72  1
 73  1
 74  1
 76  1
 77  1
 78  1
 79  1
 80  1
 83  1
102  1
103  1
107  1
108  1
111  1
112  1
113  1
115  1
116  1
;

aa[i,j] [*,*]
:    70  71  72  73  74  76  77  78  79  80  83 102 103 107 108 111 112 113 115 :=
1     0   0   0   0   0   0   0   0   0   0   0   0   0   0   0   0   0   0   0
2     0   0   0   0   0   0   0   0   0   0   0   0   0   0   0   1   0   0   0
3     0   0   0   0   0   0   0   0   0   0   0   1   0   0   0   0   0   0   0
4     0   0   0   0   0   0   0   0   0   0   0   0   0   0   0   0   0   0   0
5     0   0   0   0   0   0   0   0   0   0   0   0   0   0   0   0   0   0   0
6     0   0   0   0   0   0   0   0   0   0   0   0   0   0   0   0   0   0   0
7     0   0   0   0   0   0   0   0   0   0   0   0   0   0   0   0   0   0   0
8     0   0   0   0   0   0   0   0   0   0   0   0   0   0   0   0   0   0   0
9     0   0   0   0   0   0   0   0   0   0   0   0   0   0   0   0   0   0   0
10    0   0   0   0   0   0   0   0   0   0   0   0   0   0   0   0   0   1   0
11    0   0   0   0   0   0   0   0   0   0   0   0   0   0   0   0   0   0   0
12    0   0   0   0   0   0   0   0   0   0   0   0   0   1   0   0   0   0   0
13    0   0   0   0   0   0   0   0   0   0   0   0   0   0   0   0   0   0   0
14    0   0   0   0   0   0   0   0   0   0   0   0   0   0   0   0   0   0   0
15    0   0   0   0   0   0   0   0   0   0   0   0   0   0   0   0   1   0   0
16    0   0   0   0   0   0   0   0   0   0   0   0   0   0   0   0   0   0   0
17    0   0   0   0   0   0   0   0   0   0   0   0   0   0   0   0   0   0   0
18    0   0   0   0   0   0   0   0   0   0   0   0   0   0   0   0   0   0   0
19    0   0   0   0   0   0   0   0   0   0   0   0   0   0   0   0   0   0   0
20    0   0   0   0   0   0   0   0   0   0   0   0   0   0   0   0   0   0   0
21    0   0   0   0   0   0   0   0   0   0   0   0   1   0   0   0   0   0   0
22    0   0   0   0   0   0   0   0   0   0   0   0   0   0   0   0   0   0   0
23    0   0   0   0   0   0   0   0   0   0   0   0   0   0   0   0   0   0   0
24    0   0   0   0   0   0   0   0   0   0   0   0   0   0   0   1   0   0   0
25    0   0   0   0   0   0   0   0   0   0   0   0   0   0   0   0   0   0   0
26    0   0   0   0   0   0   0   0   0   0   0   0   0   0   0   0   0   0   0
27    0   0   0   0   0   0   0   0   0   0   0   0   0   0   0   0   0   0   0
28    0   0   0   0   0   0   0   0   0   0   0   0   0   0   0   1   0   0   0
29    0   0   0   0   0   0   0   0   0   0   0   0   0   0   0   0   0   0   0
30    0   0   0   0   0   0   0   0   0   0   0   0   0   0   0   0   0   0   0
31    0   0   0   0   0   0   0   0   0   0   0   0   0   0   0   0   0   0   0
32    0   0   0   0   0   0   0   0   0   0   0   1   0   0   0   0   0   0   0
33    0   0   0   0   0   0   0   0   0   0   0   0   0   0   0   0   0   0   0
34    0   0   0   0   0   0   0   0   0   0   0   0   0   0   0   0   0   0   0
35    0   0   0   0   0   0   0   0   0   0   0   0   0   0   0   0   0   0   0
36    0   0   0   0   0   0   0   0   0   0   0   0   0   0   0   0   0   0   0
37    0   0   0   0   0   0   0   0   0   0   0   0   0   0   0   0   0   0   0
38    0   0   0   0   0   0   0   0   0   0   0   0   0   0   0   0   0   0   0
39    0   0   0   0   0   0   0   0   0   0   0   0   0   0   0   0   0   0   0
40    0   0   0   0   0   0   0   0   0   0   0   0   0   0   0   0   0   0   0
41    0   0   0   0   0   0   0   0   0   0   0   0   0   0   0   0   1   0   0
42    0   0   0   0   0   0   0   0   0   0   0   0   0   0   0   0   0   0   0
43    0   0   0   0   0   0   0   0   0   0   0   0   0   0   0   0   0   0   0
44    0   0   0   0   0   0   0   0   0   0   0   1   0   0   0   0   0   0   0
45    0   0   0   0   0   0   0   0   0   0   0   0   0   0   0   0   0   0   0
46    0   0   0   0   0   0   0   0   0   0   0   0   0   0   0   0   0   0   0
47    0   0   0   0   0   0   0   0   0   0   0   1   0   0   0   0   0   0   0
48    0   0   0   0   0   0   0   0   0   0   0   0   0   0   0   0   1   0   0
49    0   0   0   0   0   0   0   0   0   0   0   0   0   0   0   1   0   0   0
50    0   0   0   0   0   0   0   0   0   0   0   0   0   0   0   0   0   1   0
51    0   0   0   0   0   0   0   0   0   0   0   0   0   0   0   0   0   0   0
52    0   0   0   0   0   0   0   0   0   0   0   0   0   0   0   0   0   0   0
53    0   0   0   0   0   0   0   0   0   0   0   0   0   0   0   0   0   0   0
54    0   0   0   0   0   0   0   0   0   0   0   0   0   0   0   0   0   0   0
55    0   0   0   0   0   0   0   0   0   0   0   0   0   0   0   0   0   0   0
56    0   0   0   0   0   0   0   0   0   0   0   0   0   0   0   0   1   0   0
57    0   0   0   0   0   0   0   0   0   0   0   0   0   0   0   0   0   0   0
58    0   0   0   0   0   0   0   0   0   0   0   0   0   0   0   0   0   0   0
59    0   0   0   0   0   0   0   0   0   0   0   0   0   0   0   0   0   1   0
60    0   0   0   0   0   0   0   0   0   0   0   0   0   0   0   0   0   1   0
61    0   0   0   0   0   0   0   0   0   0   0   0   1   0   0   0   0   0   0
62    0   0   0   0   0   0   0   0   0   0   0   0   0   0   0   0   0   0   0
63    0   0   0   0   0   0   0   0   0   0   0   0   0   0   0   0   0   0   0
64    0   0   0   0   0   0   0   0   0   0   0   0   0   0   0   0   0   0   0
65    0   0   0   0   0   0   0   0   0   0   0   0   0   0   0   0   0   0   0
66    0   0   0   0   0   0   0   0   0   0   0   0   0   0   0   0   0   1   0
67    0   0   0   0   0   0   0   0   0   0   0   0   0   0   0   0   0   0   0
68    0   0   0   0   0   0   0   0   0   0   0   0   0   0   0   0   0   0   0
69    0   0   0   0   0   0   0   0   0   0   0   0   0   0   0   0   0   0   0
70    1   0   0   0   0   0   0   0   0   0   0   0   0   0   0   0   0   0   0
71    0   1   0   0   0   0   0   0   0   0   0   0   0   0   0   0   0   0   0
72    0   0   1   0   0   0   0   0   0   0   0   0   0   0   0   0   0   0   0
73    0   0   0   1   0   0   0   0   0   0   0   0   0   0   0   0   0   0   0
74    0   0   0   0   1   0   0   0   0   0   0   0   0   0   0   0   0   0   0
75    0   0   0   0   0   0   0   0   0   0   0   0   1   0   0   0   0   0   0
76    0   0   0   0   0   1   0   0   0   0   0   0   0   0   0   0   0   0   0
77    0   0   0   0   0   0   1   0   0   0   0   0   0   0   0   0   0   0   0
78    0   0   0   0   0   0   0   1   0   0   0   0   0   0   0   0   0   0   0
79    0   0   0   0   0   0   0   0   1   0   0   0   0   0   0   0   0   0   0
80    0   0   0   0   0   0   0   0   0   1   0   0   0   0   0   0   0   0   0
81    0   0   0   0   0   0   0   0   0   0   0   0   0   0   0   0   0   0   1
82    0   0   0   0   0   0   0   0   0   0   0   0   0   0   0   0   0   0   1
83    0   0   0   0   0   0   0   0   0   0   1   0   0   0   0   0   0   0   0
84    0   0   0   0   0   0   0   0   0   0   0   0   0   0   0   0   0   0   1
85    0   0   0   0   0   0   0   0   0   0   0   0   0   0   1   0   0   0   0
86    0   0   0   0   0   0   0   0   0   0   0   0   0   0   0   0   0   0   1
87    0   0   0   0   0   0   0   0   0   0   0   1   0   0   0   0   0   0   0
88    0   0   0   0   0   0   0   0   0   0   0   0   0   0   1   0   0   0   0
89    0   0   0   0   0   0   0   0   0   0   0   0   0   1   0   0   0   0   0
90    0   0   0   0   0   0   0   0   0   0   0   0   0   0   1   0   0   0   0
91    0   0   0   0   0   0   0   0   0   0   0   0   1   0   0   0   0   0   0
92    0   0   0   0   0   0   0   0   0   0   0   0   0   1   0   0   0   0   0
93    0   0   0   0   0   0   0   0   0   0   0   0   0   0   1   0   0   0   0
94    0   0   0   0   0   0   0   0   0   0   0   0   0   1   0   0   0   0   0
95    0   0   0   0   0   0   0   0   0   0   0   0   0   1   0   0   0   0   0
96    0   0   0   0   0   0   0   0   0   0   0   0   1   0   0   0   0   0   0
97    0   0   0   0   0   0   0   0   0   0   0   0   0   0   1   0   0   0   0
98    0   0   0   0   0   0   0   0   0   0   0   0   0   0   0   0   1   0   0
99    0   0   0   0   0   0   0   0   0   0   0   0   0   0   0   1   0   0   0
100   0   0   0   0   0   0   0   0   0   0   0   0   0   0   0   0   0   0   1

:   116    :=
1     0
2     0
3     0
4     0
5     0
6     0
7     0
8     0
9     0
10    0
11    0
12    0
13    0
14    0
15    0
16    0
17    0
18    0
19    0
20    0
21    0
22    0
23    0
24    0
25    0
26    0
27    1
28    0
29    1
30    0
31    0
32    0
33    0
34    0
35    0
36    0
37    0
38    0
39    0
40    0
41    0
42    0
43    0
44    0
45    0
46    0
47    0
48    0
49    0
50    0
51    0
52    0
53    0
54    0
55    0
56    0
57    0
58    0
59    0
60    0
61    0
62    0
63    0
64    0
65    0
66    0
67    0
68    0
69    0
70    0
71    0
72    0
73    0
74    0
75    0
76    0
77    0
78    0
79    0
80    0
81    0
82    0
83    0
84    0
85    0
86    0
87    0
88    0
89    0
90    0
91    0
92    0
93    0
94    0
95    0
96    0
97    0
98    0
99    0
100   0
;

vi[i] [*] :=
 1  1
 4  1
 5  1
 6  1
 7  1
 8  1
 9  1
11  1
13  1
14  1
16  1
17  1
18  1
19  1
20  1
22  1
23  1
25  1
26  1
30  1
31  1
33  1
34  1
35  1
36  1
37  1
38  1
39  1
40  1
42  1
43  1
45  1
46  1
51  1
52  1
53  1
54  1
55  1
57  1
58  1
62  1
63  1
64  1
65  1
67  1
68  1
69  1
;

:   x[i]   c[i]  travel[i] delay[i]    :=
70    1        0       0         0
71    1        0       0         0
72    1        0       0         0
73    1        0       0         0
74    1        0       0         0
76    1        0       0         0
77    1        0       0         0
78    1        0       0         0
79    1        0       0         0
80    1        0       0         0
83    1        0       0         0
102   1     4070    4070         0
103   1     5225    5225         0
107   1    12785    3905      8880
108   1     4290    4290         0
111   1     4070    4070         0
112   1    19465    4345     15120
113   1     4015    4015         0
115   1     4400    4400         0
116   1     1595    1595         0
;

