#Nombre	DiaAten	ModelId		T.Servicio	Penalty
191_PR_3	-4	1	60	27512
101_PR_2	-3	1	60	27512
1_PR_1	-2	1	90	29282
341_SA_5	-6	1	70	30126
102_SA_2	2	2	120	15200
2_SA_1	1	2	90	15323
103_SA_2	-3	3	120	30756
104_LC_2	-3	4	120	31388
271_PR_4	-5	1	60	31536
105_LC_2	-3	5	200	31844
342_PR_5	-6	2	60	32134
192_PR_3	-4	2	130	32394
193_LC_3	-4	3	70	32462
272_LC_4	-5	2	130	32634
273_LC_4	-5	3	90	33180
343_LC_5	-6	3	45	33792
274_SA_4	-5	4	60	33886
3_SA_1	1	3	75	17070
106_NU_2	-3	6	75	34210
107_PR_2	-3	7	30	34332
344_LC_5	-6	4	120	34736
108_LC_2	2	8	10	17368
345_SA_5	-6	5	150	34860
194_PR_3	-4	4	20	34880
4_LC_1	-2	4	120	34970
195_SA_3	-4	5	150	35196
5_SA_1	-2	5	90	35210
197_SA_3	-4	6	120	35210
346_LC_5	-6	6	70	35210
199_SA_3	-4	7	80	35210
196_PR_3	-4	8	45	35210
198_SA_3	-4	9	60	35210
6_SA_1	-2	6	30	35448
200_SA_3	-4	10	60	35448
201_LC_3	-4	11	270	35448
347_SA_5	-6	7	20	35460
7_SA_1	-2	7	290	35578
202_SA_3	-4	12	180	35578
8_SA_1	-2	8	60	35578
110_SA_2	-3	9	120	35578
111_SA_2	-3	10	120	35578
112_SA_2	-3	11	60	35578
109_SA_2	-3	12	110	35578
114_SA_2	-3	13	60	35578
113_SA_2	-3	14	60	35578
203_SA_3	-4	13	45	35578
115_PR_2	2	15	90	18071
348_SA_5	-6	8	60	36226
349_SA_5	-6	9	15	36226
9_SA_1	-2	9	360	36260
10_SA_1	1	10	60	18130
13_SA_1	-2	11	60	36260
14_SA_1	1	12	90	18130
350_SA_5	-6	10	180	36260
12_SA_1	-2	13	75	36260
204_SA_3	-4	14	80	36260
205_SA_3	3	15	60	18130
352_PR_5	5	11	70	18130
11_SA_1	-2	14	120	36260
275_SA_4	-5	5	90	36260
276_SA_4	-5	6	60	36260
277_SA_4	-5	7	120	36260
120_SA_2	-3	16	55	36260
279_SA_4	-5	8	300	36260
280_NU_4	-5	9	60	36260
119_SA_2	-3	17	60	36260
124_SA_2	-3	18	30	36260
121_LC_2	-3	19	45	36260
122_SA_2	-3	20	50	36260
351_SA_5	5	12	60	18130
118_SA_2	-3	21	120	36260
278_PR_4	-5	10	150	36260
116_SA_2	-3	22	60	36260
117_SA_2	-3	23	140	36260
123_SA_2	-3	24	50	36260
15_SA_1	1	15	240	18186
125_SA_2	-3	25	60	36580
281_PR_4	-5	11	70	36580
282_LC_4	4	12	90	18296
127_PR_2	-3	26	80	36680
206_PR_3	-4	16	35	36680
126_PR_2	-3	27	180	36680
353_SA_5	-6	13	5	36830
354_PR_5	-6	14	30	36920
16_SA_1	-2	16	110	36940
207_SA_3	-4	17	50	36940
128_SA_2	-3	28	120	37046
17_NU_1	-2	17	180	37158
129_NU_2	-3	29	120	37158
283_SA_4	-5	13	180	37176
355_LC_5	-6	15	150	37520
130_SA_2	-3	30	90	37520
356_SA_5	-6	16	150	37608
131_PR_2	-3	31	215	37614
18_SA_1	-2	18	90	37826
208_SA_3	-4	18	90	37826
209_SA_3	-4	19	45	37826
132_SA_2	-3	32	20	37826
19_SA_1	-2	19	180	37948
210_SA_3	-4	20	180	37948
284_SA_4	-5	14	240	37948
134_SA_2	-3	33	60	38018
133_SA_2	-3	34	90	38018
357_SA_5	-6	17	60	38018
285_SA_4	-5	15	60	38182
135_SA_2	-3	35	60	38238
20_SA_1	-2	20	60	38238
136_LC_2	-3	36	30	38250
286_PR_4	-5	16	60	38432
360_LC_5	-6	18	10	38432
358_PR_5	-6	19	70	38432
137_PR_2	-3	37	150	38432
359_LC_5	-6	20	10	38432
361_SA_5	-6	21	10	38432
21_NU_1	1	21	90	19238
211_NU_3	-4	21	40	38476
362_PR_5	5	22	240	19293
22_PR_1	-2	22	60	38806
213_LC_3	3	22	90	19403
139_PR_2	-3	38	60	38806
140_SA_2	-3	39	50	38806
288_SA_4	-5	17	60	38806
287_PR_4	-5	18	90	38806
212_SA_3	-4	23	40	38806
138_VI_2	-3	40	90	38806
363_VI_5	5	23	10	19417
214_VI_3	-4	24	25	38834
215_PR_3	-4	25	45	38860
23_SA_1	-2	23	90	38886
24_PR_1	1	24	100	19454
289_LC_4	-5	19	110	39004
25_PR_1	-2	25	90	39080
141_NU_2	-3	41	150	39152
26_NU_1	-2	26	420	39152
27_LC_1	1	27	180	19600
216_SA_3	-4	26	80	39238
28_SA_1	1	28	30	19636
29_SA_1	1	29	60	19728
364_PR_5	-6	24	1	39464
217_SA_3	-4	27	150	39596
365_SA_5	-6	25	120	39596
290_SA_4	-5	20	60	39596
291_SA_4	-5	21	150	39644
292_PR_4	-5	22	50	39900
293_PR_4	-5	23	165	39900
294_SA_4	-5	24	90	39974
142_LC_2	-3	42	50	40030
218_SA_3	-4	28	120	40174
219_SA_3	-4	29	90	40174
143_SA_2	-3	43	180	40174
144_SA_2	-3	44	90	40356
145_LC_2	-3	45	60	40362
146_SA_2	-3	46	165	40362
147_LC_2	-3	47	30	40362
220_PR_3	-4	30	60	40362
30_PR_1	-2	30	60	40478
295_LC_4	-5	25	60	40502
366_SA_5	-6	26	20	40530
32_SA_1	-2	31	90	40538
31_SA_1	1	32	90	20269
367_PR_5	5	27	15	20275
33_LC_1	-2	33	150	40586
221_PR_3	-4	31	35	40638
296_SA_4	-5	26	90	40740
222_PR_3	-4	32	60	40744
223_PR_3	-4	33	40	40750
224_PR_3	-4	34	50	40754
34_LC_1	-2	34	80	40756
148_SA_2	-3	48	90	40784
368_PR_5	-6	28	5	40834
369_SA_5	-6	29	120	40884
370_SA_5	-6	30	140	40884
225_SA_3	-4	35	80	40888
35_SA_1	-2	35	105	40888
297_SA_4	-5	27	100	40916
36_LC_1	-2	36	60	40946
298_PR_4	-5	28	120	40970
150_SA_2	-3	49	120	40976
149_SA_2	-3	50	235	40976
151_SA_2	-3	51	120	41088
38_PR_1	-2	37	80	41108
371_PR_5	-6	31	30	41108
37_PR_1	-2	38	60	41108
39_LC_1	-2	39	90	41132
226_PR_3	-4	36	65	41264
372_LC_5	-6	32	60	41326
227_LC_3	-4	37	120	41364
40_SA_1	-2	40	60	41396
228_SA_3	-4	38	100	41554
152_LC_2	-3	52	1	41602
41_LC_1	1	41	120	20812
42_PR_1	-2	42	60	41624
299_LC_4	-5	29	60	41934
43_SA_1	-2	43	207	41954
300_SA_4	-5	30	105	41968
301_SA_4	-5	31	75	41978
44_PR_1	1	44	25	21058
153_PR_2	-3	53	230	42134
302_SA_4	-5	32	90	42150
373_SA_5	-6	33	60	42204
154_PR_2	-3	54	170	42264
374_PR_5	-6	34	105	42264
155_SA_2	-3	55	240	42422
375_PR_5	5	35	170	21246
229_SA_3	-4	39	60	42496
156_PR_2	-3	56	80	42750
45_VI_1	-2	45	75	42756
46_SA_1	-2	46	90	42780
47_SA_1	1	47	90	21390
230_PR_3	-4	40	30	42836
303_LC_4	-5	33	60	42874
376_PR_5	-6	36	75	42968
304_VI_4	-5	34	120	43020
231_SA_3	-4	41	80	43020
49_SA_1	1	48	60	21510
306_SA_4	-5	35	270	43020
305_PR_4	-5	36	25	43020
377_PR_5	-6	37	30	43020
157_SA_2	-3	57	150	43020
48_SA_1	1	49	60	21510
232_PR_3	-4	42	120	43020
307_SA_4	-5	37	120	43034
233_SA_3	-4	43	40	43038
378_PR_5	-6	38	30	43082
234_LC_3	-4	44	60	43146
235_LC_3	-4	45	120	43228
379_LC_5	-6	39	60	43232
50_LC_1	1	50	80	21746
158_PR_2	-3	58	85	43566
236_VI_3	-4	46	90	43740
308_PR_4	-5	38	30	43846
237_PR_3	-4	47	70	43846
159_SA_2	-3	59	55	43926
51_SA_1	-2	51	90	43926
160_PR_2	-3	60	60	44044
309_PR_4	-5	39	60	44080
310_PR_4	4	40	120	22040
161_LC_2	-3	61	180	44092
238_SA_3	-4	48	60	44222
162_SA_2	-3	62	1	44278
239_SA_3	-4	49	180	44320
52_PR_1	-2	52	30	44550
240_PR_3	-4	50	60	44550
53_NU_1	-2	53	90	44740
311_PR_4	-5	41	60	44762
241_SA_3	-4	51	20	44812
55_LC_1	-2	54	60	44826
54_LC_1	-2	55	60	44826
312_PR_4	-5	42	50	44986
56_LC_1	1	56	150	22519
313_PR_4	-5	43	50	45048
163_PR_2	-3	63	120	45048
164_NU_2	-3	64	90	45234
314_SA_4	-5	44	20	45240
380_LC_5	-6	40	234	45344
59_SA_1	-2	57	60	45494
57_SA_1	-2	58	60	45494
58_SA_1	1	59	60	22747
165_SA_2	-3	65	120	45626
60_LC_1	1	60	90	22849
167_SA_2	-3	66	60	45710
64_SA_1	1	61	10	22855
62_SA_1	-2	62	150	45710
61_SA_1	-2	63	30	45710
166_SA_2	-3	67	40	45710
65_SA_1	-2	64	30	45710
63_SA_1	-2	65	75	45710
381_SA_5	-6	41	60	45710
242_LC_3	-4	52	40	45734
315_SA_4	-5	45	180	45832
316_NU_4	-5	46	60	45858
66_PR_1	1	66	75	22960
168_SA_2	-3	68	60	46104
67_SA_1	-2	67	60	46154
317_LC_4	-5	47	45	46260
243_SA_3	-4	53	120	46440
318_SA_4	-5	48	240	46440
68_SA_1	-2	68	120	46524
69_VI_1	-2	69	60	46572
382_PR_5	-6	42	30	46630
319_PR_4	-5	49	90	46668
71_PR_1	1	70	520	23365
70_SA_1	1	71	180	23365
170_SA_2	-3	69	120	46730
244_SA_3	-4	54	80	46730
169_LC_2	-3	70	135	46730
171_PR_2	-3	71	65	46816
172_NU_2	-3	72	60	47036
321_SA_4	-5	50	240	47042
383_SA_5	-6	43	240	47042
73_PR_1	1	72	120	23521
72_SA_1	1	73	195	23521
320_SA_4	-5	51	120	47042
322_SA_4	-5	52	90	47042
245_SA_3	-4	55	160	47054
384_SA_5	-6	44	240	47054
323_SA_4	-5	53	120	47054
246_LC_3	-4	56	100	47076
247_SA_3	-4	57	90	47218
74_SA_1	1	74	60	23618
75_SA_1	1	75	75	23621
174_SA_2	-3	73	360	47242
173_SA_2	-3	74	55	47242
175_SA_2	-3	75	90	47242
385_SA_5	5	45	60	23621
248_SA_3	-4	58	60	47356
176_SA_2	-3	76	90	47380
177_PR_2	-3	77	50	47468
249_SA_3	-4	59	75	47598
76_SA_1	1	76	100	23821
250_SA_3	-4	60	60	47820
77_SA_1	1	77	120	23910
178_NU_2	-3	78	20	47828
324_SA_4	-5	54	130	47834
325_PR_4	-5	55	180	47950
386_SA_5	-6	46	90	48218
179_PR_2	-3	79	100	48268
251_PR_3	-4	61	60	48278
180_LC_2	-3	80	60	48436
326_SA_4	-5	56	1	48458
78_SA_1	1	78	60	24229
79_SA_1	1	79	100	24229
181_LC_2	-3	81	120	48458
252_SA_3	-4	62	55	48458
387_SA_5	-6	47	90	48732
80_SA_1	1	80	90	24408
81_SA_1	1	81	60	24548
388_SA_5	-6	48	60	49130
389_SA_5	-6	49	90	49186
253_SA_3	-4	63	60	49186
82_VI_1	1	82	30	24692
390_LC_5	-6	50	180	49398
255_PR_3	-4	64	150	49562
254_PR_3	-4	65	60	49562
256_PR_3	-4	66	90	49592
257_SA_3	-4	67	5	49780
258_SA_3	-4	68	120	49790
83_SA_1	1	83	240	24895
327_SA_4	4	57	120	24912
84_LC_1	1	84	15	24927
85_PR_1	1	85	70	24952
86_PR_1	1	86	90	25115
259_SA_3	-4	69	110	50326
260_SA_3	-4	70	120	50346
261_SA_3	-4	71	90	50520
87_SA_1	1	87	60	25357
262_SA_3	-4	72	120	50714
88_LC_1	1	88	120	25377
328_LC_4	-5	58	120	50824
329_LC_4	-5	59	90	50824
182_LC_2	2	82	60	25443
183_NU_2	-3	83	20	51038
263_SA_3	-4	73	60	51140
184_SA_2	-3	84	15	51140
185_SA_2	-3	85	35	51182
331_SA_4	-5	60	160	51182
330_SA_4	-5	61	120	51182
264_SA_3	-4	74	65	51304
186_PR_2	-3	86	120	51370
187_SA_2	-3	87	210	51672
89_PR_1	1	89	70	26038
90_SA_1	1	90	90	26282
391_LC_5	-6	51	75	52612
393_PR_5	-6	52	150	52690
91_PR_1	1	91	120	26345
392_PR_5	-6	53	35	52690
188_VI_2	-3	88	100	52692
332_PR_4	-5	62	120	52904
265_PR_3	-4	75	100	53012
92_SA_1	1	92	60	26788
333_VI_4	-5	63	90	53630
394_PR_5	5	54	75	26944
93_SA_1	1	93	90	26970
94_NU_1	1	94	160	27038
95_SA_1	1	95	140	27100
334_SA_4	-5	64	30	54736
96_VI_1	1	96	50	27430
98_PR_1	1	97	10	27510
97_PR_1	1	98	20	27510
335_SA_4	-5	65	30	55366
266_SA_3	-4	76	80	55824
99_SA_1	1	99	75	27956
267_NU_3	-4	77	50	56282
336_VI_4	-5	66	240	56358
337_PR_4	-5	67	1	56408
395_SA_5	-6	55	90	57338
338_SA_4	-5	68	60	57338
396_SA_5	-6	56	60	57408
397_SA_5	-6	57	10	57408
268_SA_3	-4	78	90	58064
398_NU_5	-6	58	150	59778
340_SA_4	-5	69	60	59778
339_SA_4	-5	70	140	59778
189_PR_2	-3	89	80	59778
399_SA_5	-6	59	60	60858
190_SA_2	-3	90	30	60858
100_PR_1	1	100	60	30731
269_SA_3	-4	79	40	62354
400_PR_5	-6	60	45	64278
270_PR_3	-4	80	75	76506
