Iter 61
MasterProb = 26400

s [*] :=
1  44
2  10
3  61
4  62
5  63
;

SubProb = -5545
d = 0

distanceCost*(sum{l in 1 .. Lcap - 1} t[l]) = 880

Iter 62
MasterProb = 26400

s [*] :=
1   6
2  40
3  39
4  19
5   3
;

SubProb = -1555
d = 0

distanceCost*(sum{l in 1 .. Lcap - 1} t[l]) = 1980

Iter 63
MasterProb = 25933.1

s [*] :=
1   4
2  39
3  61
4  62
5  63
;

SubProb = -325
d = 0

distanceCost*(sum{l in 1 .. Lcap - 1} t[l]) = 495

Iter 64
MasterProb = 25877.5

s [*] :=
1  14
2  35
3  61
4  62
5  63
;

SubProb = -220
d = 0

distanceCost*(sum{l in 1 .. Lcap - 1} t[l]) = 660

Iter 65
MasterProb = 25799.4

s [*] :=
1  34
2  58
3  42
4  36
5  32
;

SubProb = -620.4
d = 0

distanceCost*(sum{l in 1 .. Lcap - 1} t[l]) = 2750

Iter 66
MasterProb = 25691.1

s [*] :=
1  28
2  38
3  61
4  62
5  63
;

SubProb = -220
d = 0

distanceCost*(sum{l in 1 .. Lcap - 1} t[l]) = 660

Iter 67
MasterProb = 25608

s [*] :=
1  15
2   4
3  61
4  62
5  63
;

SubProb = -385
d = 0

distanceCost*(sum{l in 1 .. Lcap - 1} t[l]) = 495

Iter 68
MasterProb = 25451.2

s [*] :=
1  38
2  60
3  61
4  62
5  63
;

SubProb = -89.375
d = 0

distanceCost*(sum{l in 1 .. Lcap - 1} t[l]) = 660

Iter 69
MasterProb = 25441.4

s [*] :=
1  26
2  59
3  61
4  62
5  63
;

SubProb = 0
d = 0

distanceCost*(sum{l in 1 .. Lcap - 1} t[l]) = 880

Problema Entero
MasterProb = 25630

fo1 = 25630
fo2 = 0

x[j] [*] :=
  8  1
 16  1
 21  1
 22  1
 25  1
 26  1
 30  1
 37  1
 43  1
 46  1
 52  1
 65  1
 67  1
 98  1
109  1
110  1
113  1
116  1
119  1
125  1
127  1
128  1
131  1
133  1
134  1
;

aa[i,j] [*,*]
:    8  16  21  22  25  26  30  37  43  46  52  65  67  98 109 110 113 116 119 :=
1    0   0   0   0   0   0   0   0   0   0   0   0   0   0   0   0   1   0   0
2    0   0   0   0   0   0   0   0   0   0   0   0   1   0   0   0   0   0   0
3    0   0   0   0   0   0   0   0   0   0   0   0   0   0   0   0   0   0   0
4    0   0   0   0   0   0   0   0   0   0   0   0   0   0   0   0   0   0   0
5    0   0   0   0   0   0   0   0   0   0   0   0   0   0   0   0   0   0   1
6    0   0   0   0   0   0   0   0   0   0   0   0   0   0   0   0   0   0   0
7    0   0   0   0   0   0   0   0   0   0   0   0   0   1   0   0   0   0   0
8    1   0   0   0   0   0   0   0   0   0   0   0   0   0   0   0   0   0   0
9    0   0   0   0   0   0   0   0   0   0   0   0   0   1   0   0   0   0   0
10   0   0   0   0   0   0   0   0   0   0   0   0   0   0   0   0   0   0   0
11   0   0   0   0   0   0   0   0   0   0   0   0   0   0   0   0   0   0   1
12   0   0   0   0   0   0   0   0   0   0   0   1   0   0   0   0   0   0   0
13   0   0   0   0   0   0   0   0   0   0   0   0   0   0   0   0   1   0   0
14   0   0   0   0   0   0   0   0   0   0   0   1   0   0   0   0   0   0   0
15   0   0   0   0   0   0   0   0   0   0   0   0   0   0   0   0   0   0   0
16   0   1   0   0   0   0   0   0   0   0   0   0   0   0   0   0   0   0   0
17   0   0   0   0   0   0   0   0   0   0   0   0   0   0   0   0   1   0   0
18   0   0   0   0   0   0   0   0   0   0   0   0   0   0   0   0   0   0   0
19   0   0   0   0   0   0   0   0   0   0   0   0   0   0   0   0   0   0   0
20   0   0   0   0   0   0   0   0   0   0   0   0   0   0   0   1   0   0   0
21   0   0   1   0   0   0   0   0   0   0   0   0   0   0   0   0   0   0   0
22   0   0   0   1   0   0   0   0   0   0   0   0   0   0   0   0   0   0   0
23   0   0   0   0   0   0   0   0   0   0   0   0   0   0   1   0   0   0   0
24   0   0   0   0   0   0   0   0   0   0   0   1   0   0   0   0   0   0   0
25   0   0   0   0   1   0   0   0   0   0   0   0   0   0   0   0   0   0   0
26   0   0   0   0   0   1   0   0   0   0   0   0   0   0   0   0   0   0   0
27   0   0   0   0   0   0   0   0   0   0   0   0   1   0   0   0   0   0   0
28   0   0   0   0   0   0   0   0   0   0   0   1   0   0   0   0   0   0   0
29   0   0   0   0   0   0   0   0   0   0   0   0   0   0   0   0   1   0   0
30   0   0   0   0   0   0   1   0   0   0   0   0   0   0   0   0   0   0   0
31   0   0   0   0   0   0   0   0   0   0   0   0   1   0   0   0   0   0   0
32   0   0   0   0   0   0   0   0   0   0   0   0   0   0   0   0   0   0   0
33   0   0   0   0   0   0   0   0   0   0   0   0   0   1   0   0   0   0   0
34   0   0   0   0   0   0   0   0   0   0   0   0   0   0   0   0   0   0   0
35   0   0   0   0   0   0   0   0   0   0   0   0   0   0   0   0   0   0   0
36   0   0   0   0   0   0   0   0   0   0   0   0   0   0   0   0   0   0   0
37   0   0   0   0   0   0   0   1   0   0   0   0   0   0   0   0   0   0   0
38   0   0   0   0   0   0   0   0   0   0   0   0   0   0   0   0   0   0   0
39   0   0   0   0   0   0   0   0   0   0   0   0   0   0   0   0   0   0   0
40   0   0   0   0   0   0   0   0   0   0   0   0   0   0   0   0   0   0   0
41   0   0   0   0   0   0   0   0   0   0   0   0   0   0   0   0   0   0   1
42   0   0   0   0   0   0   0   0   0   0   0   0   0   0   0   0   0   0   0
43   0   0   0   0   0   0   0   0   1   0   0   0   0   0   0   0   0   0   0
44   0   0   0   0   0   0   0   0   0   0   0   0   0   0   0   0   0   0   0
45   0   0   0   0   0   0   0   0   0   0   0   0   0   1   0   0   0   0   0
46   0   0   0   0   0   0   0   0   0   1   0   0   0   0   0   0   0   0   0
47   0   0   0   0   0   0   0   0   0   0   0   0   0   0   0   0   0   0   1
48   0   0   0   0   0   0   0   0   0   0   0   0   0   0   0   0   0   1   0
49   0   0   0   0   0   0   0   0   0   0   0   0   0   0   0   0   0   1   0
50   0   0   0   0   0   0   0   0   0   0   0   0   0   0   1   0   0   0   0
51   0   0   0   0   0   0   0   0   0   0   0   0   0   0   0   1   0   0   0
52   0   0   0   0   0   0   0   0   0   0   1   0   0   0   0   0   0   0   0
53   0   0   0   0   0   0   0   0   0   0   0   0   1   0   0   0   0   0   0
54   0   0   0   0   0   0   0   0   0   0   0   1   0   0   0   0   0   0   0
55   0   0   0   0   0   0   0   0   0   0   0   0   0   0   0   0   1   0   0
56   0   0   0   0   0   0   0   0   0   0   0   0   0   1   0   0   0   0   0
57   0   0   0   0   0   0   0   0   0   0   0   0   0   0   0   0   0   0   1
58   0   0   0   0   0   0   0   0   0   0   0   0   0   0   0   0   0   0   0
59   0   0   0   0   0   0   0   0   0   0   0   0   1   0   0   0   0   0   0
60   0   0   0   0   0   0   0   0   0   0   0   0   0   0   0   0   0   0   0

:  125 127 128 131 133 134    :=
1    0   0   0   0   0   0
2    0   0   0   0   0   0
3    0   0   1   0   0   0
4    0   0   0   0   1   0
5    0   0   0   0   0   0
6    0   0   1   0   0   0
7    0   0   0   0   0   0
8    0   0   0   0   0   0
9    0   0   0   0   0   0
10   0   1   0   0   0   0
11   0   0   0   0   0   0
12   0   0   0   0   0   0
13   0   0   0   0   0   0
14   0   0   0   0   0   0
15   0   0   0   0   1   0
16   0   0   0   0   0   0
17   0   0   0   0   0   0
18   1   0   0   0   0   0
19   0   0   1   0   0   0
20   0   0   0   0   0   0
21   0   0   0   0   0   0
22   0   0   0   0   0   0
23   0   0   0   0   0   0
24   0   0   0   0   0   0
25   0   0   0   0   0   0
26   0   0   0   0   0   0
27   0   0   0   0   0   0
28   0   0   0   0   0   0
29   0   0   0   0   0   0
30   0   0   0   0   0   0
31   0   0   0   0   0   0
32   0   0   0   1   0   0
33   0   0   0   0   0   0
34   0   0   0   1   0   0
35   1   0   0   0   0   0
36   0   0   0   1   0   0
37   0   0   0   0   0   0
38   0   0   0   0   0   1
39   0   0   1   0   0   0
40   0   0   1   0   0   0
41   0   0   0   0   0   0
42   0   0   0   1   0   0
43   0   0   0   0   0   0
44   0   1   0   0   0   0
45   0   0   0   0   0   0
46   0   0   0   0   0   0
47   0   0   0   0   0   0
48   0   0   0   0   0   0
49   0   0   0   0   0   0
50   0   0   0   0   0   0
51   0   0   0   0   0   0
52   0   0   0   0   0   0
53   0   0   0   0   0   0
54   0   0   0   0   0   0
55   0   0   0   0   0   0
56   0   0   0   0   0   0
57   0   0   0   0   0   0
58   0   0   0   1   0   0
59   0   0   0   0   0   0
60   0   0   0   0   0   1
;

vi[i] [*] :=
;

:   x[i]   c[i] travel[i] delay[i]    :=
8     1       0       0       0
16    1       0       0       0
21    1       0       0       0
22    1       0       0       0
25    1       0       0       0
26    1       0       0       0
30    1       0       0       0
37    1       0       0       0
43    1       0       0       0
46    1       0       0       0
52    1       0       0       0
65    1    2640    2640       0
67    1    3135    3135       0
98    1    3520    3520       0
109   1     495     495       0
110   1     495     495       0
113   1    3520    3520       0
116   1     880     880       0
119   1    3520    3520       0
125   1     660     660       0
127   1     880     880       0
128   1    1980    1980       0
131   1    2750    2750       0
133   1     495     495       0
134   1     660     660       0
;

