#Nombre	DiaAten	ModelId		T.Servicio	Penalty
1_PR_1	1	1	90	35708
2_SA_1	1	2	90	30282
3_SA_1	1	3	75	30732
4_LC_1	1	4	120	30029
5_SA_1	1	5	90	32970
6_SA_1	1	6	30	35261
7_SA_1	1	7	290	22312
8_SA_1	1	8	60	22312
9_SA_1	1	9	360	30953
10_SA_1	1	10	60	30953
11_SA_1	1	11	120	30953
12_SA_1	1	12	75	30953
13_SA_1	1	13	60	30953
14_SA_1	1	14	90	30953
15_SA_1	1	15	240	26836
16_SA_1	1	16	110	26330
17_NU_1	1	17	180	30061
18_SA_1	1	18	90	32364
19_SA_1	1	19	180	28415
20_SA_1	1	20	60	26576
21_NU_1	1	21	90	31844
22_PR_1	1	22	60	26177
23_SA_1	1	23	90	28143
24_PR_1	1	24	100	26526
25_PR_1	1	25	90	31018
26_NU_1	1	26	420	26605
27_LC_1	1	27	180	31901
28_SA_1	1	28	30	28468
29_SA_1	1	29	60	28779
30_PR_1	1	30	60	28624
31_SA_1	1	31	90	32748
32_SA_1	1	32	90	32748
33_LC_1	1	33	150	33762
34_LC_1	1	34	80	26063
35_SA_1	1	35	105	23073
36_LC_1	-2	36	60	51124
37_PR_1	1	37	60	29792
38_PR_1	1	38	80	29792
39_LC_1	1	39	90	35211
40_SA_1	1	40	60	33163
41_LC_1	1	41	120	33779
42_PR_1	1	42	60	33779
43_SA_1	1	43	207	36632
44_PR_1	1	44	25	24293
45_VI_1	1	45	75	27928
46_SA_1	1	46	90	28526
47_SA_1	1	47	90	28526
48_SA_1	1	48	60	34310
49_SA_1	1	49	60	34310
50_LC_1	1	50	80	26774
51_SA_1	1	51	90	34206
52_PR_1	1	52	30	35598
53_NU_1	1	53	90	35669
54_LC_1	-2	54	60	40406
55_LC_1	1	55	60	20203
56_LC_1	1	56	150	30590
57_SA_1	1	57	60	24086
58_SA_1	1	58	60	24086
59_SA_1	1	59	60	24086
60_LC_1	-2	60	90	54380
61_SA_1	1	61	30	28084
62_SA_1	1	62	150	28084
63_SA_1	1	63	75	28084
64_SA_1	1	64	10	28084
65_SA_1	1	65	30	28084
66_PR_1	1	66	75	24183
67_SA_1	1	67	60	23795
68_SA_1	1	68	120	24656
69_VI_1	1	69	60	25177
70_SA_1	1	70	180	34388
71_PR_1	1	71	520	34388
72_SA_1	1	72	195	32727
73_PR_1	1	73	120	32727
74_SA_1	1	74	60	28999
75_SA_1	1	75	75	35243
76_SA_1	1	76	100	20200
77_SA_1	1	77	120	23007
78_SA_1	1	78	60	41122
79_SA_1	1	79	100	41122
80_SA_1	1	80	90	29528
81_SA_1	1	81	60	25507
82_VI_1	-2	82	30	42440
83_SA_1	1	83	240	35456
84_LC_1	1	84	15	24256
85_PR_1	1	85	70	28695
86_PR_1	1	86	90	21032
87_SA_1	1	87	60	24207
88_LC_1	-2	88	120	52034
89_PR_1	1	89	70	29183
90_SA_1	1	90	90	30732
91_PR_1	1	91	120	32657
92_SA_1	1	92	60	27406
93_SA_1	1	93	90	26021
94_NU_1	1	94	160	24281
95_SA_1	1	95	140	35129
96_VI_1	1	96	50	29740
97_PR_1	-2	97	20	47992
98_PR_1	1	98	10	23996
99_SA_1	1	99	75	29738
100_PR_1	1	100	60	30952
101_PR_2	2	1	60	28292
102_SA_2	2	2	120	29400
103_SA_2	2	3	120	20647
104_LC_2	2	4	120	26121
105_LC_2	2	5	200	25848
106_NU_2	2	6	75	26914
107_PR_2	2	7	30	34509
108_LC_2	-3	8	10	59360
109_SA_2	2	9	110	22312
110_SA_2	2	10	120	22312
111_SA_2	2	11	120	22312
112_SA_2	2	12	60	22312
113_SA_2	2	13	60	22312
114_SA_2	2	14	60	22312
115_PR_2	2	15	90	30657
116_SA_2	2	16	60	30953
117_SA_2	2	17	140	30953
118_SA_2	2	18	120	30953
119_SA_2	2	19	60	30953
120_SA_2	2	20	55	30953
121_LC_2	2	21	45	30953
122_SA_2	2	22	50	30953
123_SA_2	2	23	50	30953
124_SA_2	2	24	30	30953
125_SA_2	2	25	60	31855
126_PR_2	2	26	180	37001
127_PR_2	2	27	80	37001
128_SA_2	2	28	120	29103
129_NU_2	2	29	120	30061
130_SA_2	2	30	90	33261
131_PR_2	2	31	215	27119
132_SA_2	2	32	20	32364
133_SA_2	2	33	90	27028
134_SA_2	2	34	60	27028
135_SA_2	2	35	60	26576
136_LC_2	2	36	30	30462
137_PR_2	2	37	150	29326
138_VI_2	2	38	90	26177
139_PR_2	2	39	60	26177
140_SA_2	2	40	50	26177
141_NU_2	2	41	150	26605
142_LC_2	2	42	50	25543
143_SA_2	2	43	180	24497
144_SA_2	2	44	90	30004
145_LC_2	2	45	60	33747
146_SA_2	2	46	165	33747
147_LC_2	2	47	30	33747
148_SA_2	2	48	90	28005
149_SA_2	-3	49	235	46592
150_SA_2	2	50	120	23296
151_SA_2	2	51	120	28146
152_LC_2	2	52	1	19861
153_PR_2	2	53	230	32193
154_PR_2	2	54	170	31210
155_SA_2	2	55	240	31597
156_PR_2	2	56	80	32262
157_SA_2	2	57	150	34310
158_PR_2	2	58	85	25821
159_SA_2	2	59	55	34206
160_PR_2	2	60	60	23056
161_LC_2	2	61	180	22026
162_SA_2	2	62	1	29728
163_PR_2	2	63	120	27343
164_NU_2	2	64	90	26443
165_SA_2	2	65	120	27068
166_SA_2	2	66	40	28084
167_SA_2	2	67	60	28084
168_SA_2	2	68	60	31196
169_LC_2	2	69	135	34388
170_SA_2	2	70	120	34388
171_PR_2	2	71	65	35700
172_NU_2	2	72	60	21510
173_SA_2	2	73	55	35243
174_SA_2	2	74	360	35243
175_SA_2	2	75	90	35243
176_SA_2	2	76	90	27155
177_PR_2	2	77	50	24722
178_NU_2	2	78	20	26533
179_PR_2	2	79	100	33294
180_LC_2	2	80	60	36859
181_LC_2	2	81	120	41122
182_LC_2	2	82	60	37645
183_NU_2	2	83	20	30484
184_SA_2	2	84	15	25143
185_SA_2	2	85	35	32276
186_PR_2	2	86	120	23081
187_SA_2	2	87	210	28596
188_VI_2	2	88	100	27594
189_PR_2	2	89	80	31558
190_SA_2	2	90	30	31691
191_PR_3	3	1	60	28292
192_PR_3	3	2	130	31591
193_LC_3	3	3	70	30797
194_PR_3	3	4	20	29609
195_SA_3	3	5	150	36048
196_PR_3	3	6	45	32970
197_SA_3	3	7	120	32970
198_SA_3	3	8	60	32970
199_SA_3	3	9	80	32970
200_SA_3	3	10	60	35261
201_LC_3	3	11	270	35261
202_SA_3	3	12	180	22312
203_SA_3	3	13	45	22312
204_SA_3	3	14	80	30953
205_SA_3	3	15	60	30953
206_PR_3	3	16	35	37001
207_SA_3	3	17	50	26330
208_SA_3	3	18	90	32364
209_SA_3	3	19	45	32364
210_SA_3	3	20	180	28415
211_NU_3	3	21	40	31844
212_SA_3	3	22	40	26177
213_LC_3	3	23	90	26177
214_VI_3	3	24	25	20185
215_PR_3	3	25	45	24703
216_SA_3	3	26	80	32637
217_SA_3	3	27	150	26615
218_SA_3	3	28	120	24497
219_SA_3	3	29	90	24497
220_PR_3	3	30	60	33747
221_PR_3	3	31	35	33074
222_PR_3	3	32	60	29714
223_PR_3	3	33	40	20563
224_PR_3	3	34	50	34648
225_SA_3	3	35	80	23073
226_PR_3	3	36	65	32121
227_LC_3	3	37	120	37658
228_SA_3	3	38	100	26401
229_SA_3	3	39	60	32931
230_PR_3	3	40	30	22545
231_SA_3	3	41	80	34310
232_PR_3	3	42	120	34310
233_SA_3	3	43	40	32529
234_LC_3	3	44	60	33774
235_LC_3	3	45	120	32258
236_VI_3	3	46	90	33049
237_PR_3	3	47	70	29481
238_SA_3	3	48	60	34776
239_SA_3	3	49	180	32562
240_PR_3	3	50	60	35598
241_SA_3	3	51	20	22631
242_LC_3	3	52	40	25646
243_SA_3	3	53	120	21264
244_SA_3	3	54	80	34388
245_SA_3	3	55	160	33143
246_LC_3	3	56	100	26692
247_SA_3	3	57	90	25607
248_SA_3	3	58	60	32586
249_SA_3	3	59	75	33377
250_SA_3	3	60	60	23007
251_PR_3	3	61	60	25505
252_SA_3	3	62	55	41122
253_SA_3	3	63	60	29415
254_PR_3	3	64	60	20819
255_PR_3	3	65	150	20819
256_PR_3	3	66	90	27029
257_SA_3	3	67	5	24819
258_SA_3	3	68	120	35456
259_SA_3	3	69	110	25309
260_SA_3	3	70	120	22837
261_SA_3	3	71	90	31471
262_SA_3	3	72	120	24207
263_SA_3	3	73	60	25143
264_SA_3	3	74	65	30050
265_PR_3	3	75	100	28073
266_SA_3	3	76	80	28798
267_NU_3	3	77	50	33257
268_SA_3	3	78	90	27609
269_SA_3	3	79	40	28160
270_PR_3	3	80	75	28554
271_PR_4	4	1	60	23208
272_LC_4	4	2	130	34427
273_LC_4	4	3	90	30032
274_SA_4	4	4	60	35357
275_SA_4	4	5	90	30953
276_SA_4	4	6	60	30953
277_SA_4	4	7	120	30953
278_PR_4	4	8	150	30953
279_SA_4	4	9	300	30953
280_NU_4	4	10	60	30953
281_PR_4	4	11	70	31855
282_LC_4	4	12	90	23233
283_SA_4	4	13	180	28945
284_SA_4	4	14	240	28415
285_SA_4	4	15	60	33478
286_PR_4	4	16	60	29326
287_PR_4	4	17	90	26177
288_SA_4	4	18	60	26177
289_LC_4	4	19	110	30743
290_SA_4	4	20	60	26615
291_SA_4	4	21	150	30969
292_PR_4	4	22	50	21276
293_PR_4	4	23	165	21276
294_SA_4	4	24	90	27842
295_LC_4	4	25	60	30195
296_SA_4	4	26	90	27969
297_SA_4	4	27	100	27947
298_PR_4	4	28	120	35202
299_LC_4	4	29	60	30558
300_SA_4	4	30	105	32889
301_SA_4	4	31	75	24621
302_SA_4	4	32	90	23098
303_LC_4	4	33	60	26213
304_VI_4	4	34	120	34310
305_PR_4	4	35	25	34310
306_SA_4	4	36	270	34310
307_SA_4	4	37	120	24972
308_PR_4	4	38	30	29481
309_PR_4	4	39	60	25288
310_PR_4	4	40	120	25288
311_PR_4	4	41	60	26602
312_PR_4	4	42	50	28677
313_PR_4	4	43	50	27343
314_SA_4	4	44	20	27354
315_SA_4	4	45	180	29961
316_NU_4	4	46	60	27969
317_LC_4	4	47	45	34312
318_SA_4	4	48	240	21264
319_PR_4	4	49	90	33603
320_SA_4	4	50	120	32727
321_SA_4	4	51	240	32727
322_SA_4	4	52	90	32727
323_SA_4	4	53	120	33143
324_SA_4	4	54	130	26065
325_PR_4	4	55	180	33326
326_SA_4	4	56	1	41122
327_SA_4	4	57	120	19964
328_LC_4	4	58	120	30885
329_LC_4	4	59	90	30885
330_SA_4	4	60	120	32276
331_SA_4	4	61	160	32276
332_PR_4	4	62	120	25842
333_VI_4	4	63	90	30490
334_SA_4	4	64	30	22112
335_SA_4	4	65	30	31679
336_VI_4	4	66	240	29304
337_PR_4	4	67	1	27206
338_SA_4	4	68	60	24837
339_SA_4	4	69	140	31558
340_SA_4	4	70	60	31558
341_SA_5	5	1	70	33435
342_PR_5	5	2	60	31070
343_LC_5	5	3	45	23500
344_LC_5	5	4	120	29680
345_SA_5	5	5	150	22645
346_LC_5	5	6	70	32970
347_SA_5	5	7	20	24353
348_SA_5	5	8	60	31303
349_SA_5	5	9	15	31303
350_SA_5	5	10	180	30953
351_SA_5	5	11	60	30953
352_PR_5	5	12	70	30953
353_SA_5	5	13	5	17987
354_PR_5	5	14	30	28578
355_LC_5	5	15	150	33261
356_SA_5	5	16	150	27032
357_SA_5	5	17	60	27028
358_PR_5	5	18	70	29326
359_LC_5	5	19	10	29326
360_LC_5	5	20	10	29326
361_SA_5	5	21	10	29326
362_PR_5	5	22	240	33903
363_VI_5	5	23	10	20185
364_PR_5	5	24	1	26444
365_SA_5	5	25	120	26615
366_SA_5	5	26	20	32155
367_PR_5	5	27	15	27735
368_PR_5	5	28	5	35438
369_SA_5	5	29	120	29425
370_SA_5	5	30	140	29425
371_PR_5	5	31	30	29792
372_LC_5	5	32	60	22752
373_SA_5	5	33	60	28348
374_PR_5	5	34	105	31210
375_PR_5	5	35	170	33975
376_PR_5	5	36	75	22070
377_PR_5	5	37	30	34310
378_PR_5	5	38	30	30664
379_LC_5	5	39	60	30147
380_LC_5	5	40	234	33206
381_SA_5	5	41	60	28084
382_PR_5	5	42	30	29805
383_SA_5	5	43	240	32727
384_SA_5	5	44	240	33143
385_SA_5	5	45	60	35243
386_SA_5	5	46	90	23707
387_SA_5	5	47	90	31539
388_SA_5	5	48	60	29107
389_SA_5	5	49	90	29415
390_LC_5	5	50	180	29511
391_LC_5	5	51	75	30970
392_PR_5	5	52	35	32657
393_PR_5	5	53	150	32657
394_PR_5	5	54	75	25813
395_SA_5	5	55	90	24837
396_SA_5	5	56	60	29572
397_SA_5	5	57	10	29572
398_NU_5	5	58	150	31558
399_SA_5	5	59	60	31691
400_PR_5	5	60	45	29603
