#Nombre	DiaAten	ModelId		T.Servicio	Penalty
191_PR_3	-4	1	60	1022
101_PR_2	-3	1	60	1022
1_PR_1	-2	1	90	1130
341_SA_5	-6	1	70	1154
102_SA_2	-3	2	120	1180
2_SA_1	-2	2	90	1186
103_SA_2	-3	3	120	1196
104_LC_2	-3	4	120	1236
271_PR_4	-5	1	60	1252
105_LC_2	-3	5	200	1284
342_PR_5	-6	2	60	1290
192_PR_3	-4	2	130	1300
193_LC_3	-4	3	70	1326
272_LC_4	-5	2	130	1370
273_LC_4	-5	3	90	1406
343_LC_5	-6	3	45	1412
274_SA_4	-5	4	60	1414
3_SA_1	-2	3	75	1426
106_NU_2	-3	6	75	1428
107_PR_2	-3	7	30	1472
344_LC_5	-6	4	120	1492
108_LC_2	-3	8	10	1492
345_SA_5	-6	5	150	1498
194_PR_3	-4	4	20	1504
4_LC_1	-2	4	120	1520
195_SA_3	-4	5	150	1542
5_SA_1	-2	5	90	1550
197_SA_3	-4	6	120	1550
346_LC_5	-6	6	70	1550
199_SA_3	-4	7	80	1550
196_PR_3	-4	8	45	1550
198_SA_3	-4	9	60	1550
6_SA_1	-2	6	30	1566
200_SA_3	-4	10	60	1566
201_LC_3	-4	11	270	1566
347_SA_5	-6	7	20	1570
7_SA_1	-2	7	290	1576
202_SA_3	-4	12	180	1576
8_SA_1	-2	8	60	1576
110_SA_2	-3	9	120	1576
111_SA_2	-3	10	120	1576
112_SA_2	-3	11	60	1576
109_SA_2	-3	12	110	1576
114_SA_2	-3	13	60	1576
113_SA_2	-3	14	60	1576
203_SA_3	-4	13	45	1576
115_PR_2	-3	15	90	1582
348_SA_5	-6	8	60	1592
349_SA_5	-6	9	15	1592
9_SA_1	-2	9	360	1618
10_SA_1	-2	10	60	1618
13_SA_1	-2	11	60	1618
14_SA_1	-2	12	90	1618
350_SA_5	-6	10	180	1618
12_SA_1	-2	13	75	1618
204_SA_3	-4	14	80	1618
205_SA_3	-4	15	60	1618
352_PR_5	-6	11	70	1618
11_SA_1	-2	14	120	1618
275_SA_4	-5	5	90	1618
276_SA_4	-5	6	60	1618
277_SA_4	-5	7	120	1618
120_SA_2	-3	16	55	1618
279_SA_4	-5	8	300	1618
280_NU_4	-5	9	60	1618
119_SA_2	-3	17	60	1618
124_SA_2	2	18	30	809
121_LC_2	-3	19	45	1618
122_SA_2	-3	20	50	1618
351_SA_5	-6	12	60	1618
118_SA_2	-3	21	120	1618
278_PR_4	-5	10	150	1618
116_SA_2	-3	22	60	1618
117_SA_2	-3	23	140	1618
123_SA_2	-3	24	50	1618
15_SA_1	-2	15	240	1630
125_SA_2	-3	25	60	1636
281_PR_4	-5	11	70	1636
282_LC_4	-5	12	90	1638
127_PR_2	-3	26	80	1648
206_PR_3	-4	16	35	1648
126_PR_2	-3	27	180	1648
353_SA_5	-6	13	5	1668
354_PR_5	-6	14	30	1672
16_SA_1	-2	16	110	1672
207_SA_3	-4	17	50	1672
128_SA_2	-3	28	120	1672
17_NU_1	-2	17	180	1682
129_NU_2	-3	29	120	1682
283_SA_4	-5	13	180	1692
355_LC_5	-6	15	150	1692
130_SA_2	-3	30	90	1692
356_SA_5	-6	16	150	1702
131_PR_2	-3	31	215	1702
18_SA_1	-2	18	90	1704
208_SA_3	-4	18	90	1704
209_SA_3	-4	19	45	1704
132_SA_2	-3	32	20	1704
19_SA_1	-2	19	180	1704
210_SA_3	-4	20	180	1704
284_SA_4	-5	14	240	1704
134_SA_2	-3	33	60	1708
133_SA_2	-3	34	90	1708
357_SA_5	-6	17	60	1708
285_SA_4	-5	15	60	1710
135_SA_2	-3	35	60	1712
20_SA_1	-2	20	60	1712
136_LC_2	-3	36	30	1712
286_PR_4	-5	16	60	1712
360_LC_5	-6	18	10	1712
358_PR_5	-6	19	70	1712
137_PR_2	-3	37	150	1712
359_LC_5	-6	20	10	1712
361_SA_5	-6	21	10	1712
21_NU_1	-2	21	90	1714
211_NU_3	-4	21	40	1714
362_PR_5	-6	22	240	1716
22_PR_1	-2	22	60	1742
213_LC_3	-4	22	90	1742
139_PR_2	-3	38	60	1742
140_SA_2	-3	39	50	1742
288_SA_4	-5	17	60	1742
287_PR_4	-5	18	90	1742
212_SA_3	-4	23	40	1742
138_VI_2	-3	40	90	1742
363_VI_5	-6	23	10	1752
214_VI_3	-4	24	25	1752
215_PR_3	-4	25	45	1752
23_SA_1	-2	23	90	1764
24_PR_1	-2	24	100	1766
289_LC_4	-5	19	110	1774
25_PR_1	-2	25	90	1774
141_NU_2	-3	41	150	1776
26_NU_1	-2	26	420	1776
27_LC_1	-2	27	180	1786
216_SA_3	-4	26	80	1790
28_SA_1	-2	28	30	1814
29_SA_1	-2	29	60	1830
364_PR_5	-6	24	1	1832
217_SA_3	-4	27	150	1834
365_SA_5	-6	25	120	1834
290_SA_4	-5	20	60	1834
291_SA_4	-5	21	150	1840
292_PR_4	-5	22	50	1852
293_PR_4	-5	23	165	1852
294_SA_4	-5	24	90	1862
142_LC_2	-3	42	50	1880
218_SA_3	-4	28	120	1888
219_SA_3	-4	29	90	1888
143_SA_2	-3	43	180	1888
144_SA_2	-3	44	90	1896
145_LC_2	-3	45	60	1906
146_SA_2	-3	46	165	1906
147_LC_2	2	47	30	953
220_PR_3	-4	30	60	1906
30_PR_1	-2	30	60	1912
295_LC_4	-5	25	60	1916
366_SA_5	-6	26	20	1918
32_SA_1	-2	31	90	1926
31_SA_1	-2	32	90	1926
367_PR_5	-6	27	15	1928
33_LC_1	-2	33	150	1932
221_PR_3	-4	31	35	1938
296_SA_4	-5	26	90	1944
222_PR_3	-4	32	60	1958
223_PR_3	-4	33	40	1964
224_PR_3	-4	34	50	1974
34_LC_1	-2	34	80	1974
148_SA_2	-3	48	90	1986
368_PR_5	-6	28	5	1988
369_SA_5	-6	29	120	1994
370_SA_5	-6	30	140	1994
225_SA_3	-4	35	80	2000
35_SA_1	-2	35	105	2000
297_SA_4	-5	27	100	2002
36_LC_1	-2	36	60	2002
298_PR_4	-5	28	120	2018
150_SA_2	-3	49	120	2026
149_SA_2	-3	50	235	2026
151_SA_2	-3	51	120	2040
38_PR_1	-2	37	80	2048
371_PR_5	-6	31	30	2048
37_PR_1	-2	38	60	2048
39_LC_1	-2	39	90	2058
226_PR_3	-4	36	65	2064
372_LC_5	-6	32	60	2070
227_LC_3	-4	37	120	2072
40_SA_1	-2	40	60	2072
228_SA_3	-4	38	100	2092
152_LC_2	-3	52	1	2098
41_LC_1	-2	41	120	2100
42_PR_1	-2	42	60	2100
299_LC_4	-5	29	60	2102
43_SA_1	-2	43	207	2104
300_SA_4	-5	30	105	2116
301_SA_4	-5	31	75	2130
44_PR_1	-2	44	25	2130
153_PR_2	-3	53	230	2134
302_SA_4	-5	32	90	2142
373_SA_5	-6	33	60	2142
154_PR_2	-3	54	170	2152
374_PR_5	-6	34	105	2152
155_SA_2	-3	55	240	2154
375_PR_5	-6	35	170	2156
229_SA_3	-4	39	60	2158
156_PR_2	-3	56	80	2158
45_VI_1	-2	45	75	2158
46_SA_1	-2	46	90	2184
47_SA_1	-2	47	90	2184
230_PR_3	-4	40	30	2196
303_LC_4	-5	33	60	2198
376_PR_5	-6	36	75	2204
304_VI_4	-5	34	120	2208
231_SA_3	-4	41	80	2208
49_SA_1	-2	48	60	2208
306_SA_4	-5	35	270	2208
305_PR_4	-5	36	25	2208
377_PR_5	-6	37	30	2208
157_SA_2	-3	57	150	2208
48_SA_1	-2	49	60	2208
232_PR_3	-4	42	120	2208
307_SA_4	-5	37	120	2216
233_SA_3	-4	43	40	2230
378_PR_5	-6	38	30	2234
234_LC_3	-4	44	60	2240
235_LC_3	-4	45	120	2240
379_LC_5	-6	39	60	2248
50_LC_1	-2	50	80	2250
158_PR_2	-3	58	85	2256
236_VI_3	-4	46	90	2256
308_PR_4	-5	38	30	2256
237_PR_3	-4	47	70	2256
159_SA_2	-3	59	55	2260
51_SA_1	-2	51	90	2260
160_PR_2	-3	60	60	2262
309_PR_4	-5	39	60	2264
310_PR_4	-5	40	120	2264
161_LC_2	-3	61	180	2266
238_SA_3	-4	48	60	2266
162_SA_2	-3	62	1	2272
239_SA_3	-4	49	180	2278
52_PR_1	-2	52	30	2282
240_PR_3	-4	50	60	2282
53_NU_1	-2	53	90	2288
311_PR_4	-5	41	60	2292
241_SA_3	-4	51	20	2294
55_LC_1	-2	54	60	2296
54_LC_1	-2	55	60	2296
312_PR_4	-5	42	50	2312
56_LC_1	-2	56	150	2312
313_PR_4	-5	43	50	2328
163_PR_2	-3	63	120	2328
164_NU_2	-3	64	90	2334
314_SA_4	-5	44	20	2334
380_LC_5	-6	40	234	2344
59_SA_1	-2	57	60	2358
57_SA_1	-2	58	60	2358
58_SA_1	-2	59	60	2358
165_SA_2	-3	65	120	2358
60_LC_1	-2	60	90	2360
167_SA_2	-3	66	60	2364
64_SA_1	-2	61	10	2364
62_SA_1	-2	62	150	2364
61_SA_1	-2	63	30	2364
166_SA_2	-3	67	40	2364
65_SA_1	-2	64	30	2364
63_SA_1	-2	65	75	2364
381_SA_5	-6	41	60	2364
242_LC_3	-4	52	40	2364
315_SA_4	-5	45	180	2368
316_NU_4	-5	46	60	2380
66_PR_1	-2	66	75	2386
168_SA_2	-3	68	60	2390
67_SA_1	-2	67	60	2396
317_LC_4	-5	47	45	2404
243_SA_3	-4	53	120	2422
318_SA_4	-5	48	240	2422
68_SA_1	-2	68	120	2424
69_VI_1	-2	69	60	2430
382_PR_5	-6	42	30	2430
319_PR_4	-5	49	90	2436
71_PR_1	-2	70	520	2446
70_SA_1	-2	71	180	2446
170_SA_2	-3	69	120	2446
244_SA_3	-4	54	80	2446
169_LC_2	-3	70	135	2446
171_PR_2	-3	71	65	2454
172_NU_2	-3	72	60	2460
321_SA_4	-5	50	240	2466
383_SA_5	-6	43	240	2466
73_PR_1	-2	72	120	2466
72_SA_1	-2	73	195	2466
320_SA_4	-5	51	120	2466
322_SA_4	-5	52	90	2466
245_SA_3	-4	55	160	2526
384_SA_5	-6	44	240	2526
323_SA_4	-5	53	120	2526
246_LC_3	-4	56	100	2536
247_SA_3	-4	57	90	2540
74_SA_1	-2	74	60	2546
75_SA_1	-2	75	75	2552
174_SA_2	-3	73	360	2552
173_SA_2	-3	74	55	2552
175_SA_2	-3	75	90	2552
385_SA_5	-6	45	60	2552
248_SA_3	-4	58	60	2552
176_SA_2	-3	76	90	2552
177_PR_2	-3	77	50	2556
249_SA_3	-4	59	75	2556
76_SA_1	-2	76	100	2562
250_SA_3	-4	60	60	2562
77_SA_1	-2	77	120	2562
178_NU_2	-3	78	20	2562
324_SA_4	-5	54	130	2570
325_PR_4	-5	55	180	2588
386_SA_5	-6	46	90	2594
179_PR_2	-3	79	100	2596
251_PR_3	-4	61	60	2602
180_LC_2	-3	80	60	2602
326_SA_4	-5	56	1	2608
78_SA_1	-2	78	60	2608
79_SA_1	-2	79	100	2608
181_LC_2	-3	81	120	2608
252_SA_3	-4	62	55	2608
387_SA_5	-6	47	90	2630
80_SA_1	1	80	90	1320
81_SA_1	-2	81	60	2640
388_SA_5	-6	48	60	2640
389_SA_5	-6	49	90	2652
253_SA_3	-4	63	60	2652
82_VI_1	1	82	30	1326
390_LC_5	-6	50	180	2654
255_PR_3	-4	64	150	2658
254_PR_3	-4	65	60	2658
256_PR_3	-4	66	90	2686
257_SA_3	-4	67	5	2694
258_SA_3	-4	68	120	2704
83_SA_1	1	83	240	1352
327_SA_4	-5	57	120	2720
84_LC_1	1	84	15	1360
85_PR_1	1	85	70	1364
86_PR_1	1	86	90	1366
259_SA_3	-4	69	110	2732
260_SA_3	-4	70	120	2752
261_SA_3	-4	71	90	2754
87_SA_1	1	87	60	1384
262_SA_3	-4	72	120	2768
88_LC_1	1	88	120	1387
328_LC_4	-5	58	120	2776
329_LC_4	-5	59	90	2776
182_LC_2	-3	82	60	2782
183_NU_2	-3	83	20	2786
263_SA_3	-4	73	60	2812
184_SA_2	-3	84	15	2812
185_SA_2	-3	85	35	2840
331_SA_4	-5	60	160	2840
330_SA_4	-5	61	120	2840
264_SA_3	-4	74	65	2850
186_PR_2	-3	86	120	2866
187_SA_2	-3	87	210	2884
89_PR_1	1	89	70	1448
90_SA_1	1	90	90	1449
391_LC_5	-6	51	75	2916
393_PR_5	-6	52	150	2932
91_PR_1	1	91	120	1466
392_PR_5	-6	53	35	2932
188_VI_2	-3	88	100	2982
332_PR_4	-5	62	120	3030
265_PR_3	-4	75	100	3056
92_SA_1	1	92	60	1533
333_VI_4	-5	63	90	3070
394_PR_5	-6	54	75	3084
93_SA_1	1	93	90	1557
94_NU_1	1	94	160	1632
95_SA_1	1	95	140	1652
334_SA_4	-5	64	30	3352
96_VI_1	1	96	50	1684
98_PR_1	1	97	10	1685
97_PR_1	1	98	20	1685
335_SA_4	-5	65	30	3370
266_SA_3	-4	76	80	3394
99_SA_1	1	99	75	1697
267_NU_3	-4	77	50	3516
336_VI_4	-5	66	240	3548
337_PR_4	-5	67	1	3572
395_SA_5	-6	55	90	3586
338_SA_4	-5	68	60	3586
396_SA_5	-6	56	60	3592
397_SA_5	-6	57	10	3592
268_SA_3	-4	78	90	3720
398_NU_5	-6	58	150	3760
340_SA_4	-5	69	60	3760
339_SA_4	-5	70	140	3760
189_PR_2	-3	89	80	3760
399_SA_5	-6	59	60	3784
190_SA_2	-3	90	30	3784
100_PR_1	1	100	60	1899
269_SA_3	-4	79	40	3866
400_PR_5	-6	60	45	3892
270_PR_3	-4	80	75	4644
