#cliente	day	place	penalty	service
191_PR_3	3	2	1430	60
101_PR_2	2	2	2796	60
1_PR_1	1	2	166	90
341_SA_5	5	1	3888	70
102_SA_2	2	1	4432	120
2_SA_1	1	1	53637	90
103_SA_2	2	1	60267	120
104_LC_2	2	3	226	120
271_PR_4	4	2	5635	60
105_LC_2	2	3	46062	200
342_PR_5	5	2	578	60
192_PR_3	3	2	2016	130
193_LC_3	3	3	2222	70
272_LC_4	4	3	64397	130
273_LC_4	4	3	4011	90
343_LC_5	5	3	46990	45
274_SA_4	4	1	30301	60
3_SA_1	1	1	35868	75
106_NU_2	2	5	43354	75
107_PR_2	2	2	42591	30
344_LC_5	5	3	48222	120
108_LC_2	2	3	47266	10
345_SA_5	5	1	322	150
194_PR_3	3	2	35491	20
4_LC_1	1	3	2154	120
195_SA_3	3	1	2114	150
5_SA_1	1	1	61882	90
197_SA_3	3	1	72687	120
346_LC_5	5	3	88361	70
199_SA_3	3	1	32162	80
196_PR_3	3	2	45374	45
198_SA_3	3	1	35000	60
6_SA_1	1	1	7175	30
200_SA_3	3	1	5895	60
201_LC_3	3	3	5018	270
347_SA_5	5	1	49268	20
7_SA_1	1	1	56698	290
202_SA_3	3	1	68055	180
8_SA_1	1	1	46419	60
110_SA_2	2	1	47309	120
111_SA_2	2	1	49117	120
112_SA_2	2	1	24617	60
109_SA_2	2	1	53436	110
114_SA_2	2	1	62327	60
113_SA_2	2	1	38447	60
203_SA_3	3	1	43359	45
115_PR_2	2	2	44151	90
348_SA_5	5	1	7140	60
349_SA_5	5	1	6654	15
9_SA_1	1	1	395	360
10_SA_1	1	1	1049	60
13_SA_1	1	1	585	60
14_SA_1	1	1	384	90
350_SA_5	5	1	833	180
12_SA_1	1	1	582	75
204_SA_3	3	1	539	80
205_SA_3	3	1	787	60
352_PR_5	5	2	823	70
11_SA_1	1	1	811	120
275_SA_4	4	1	813	90
276_SA_4	4	1	740	60
277_SA_4	4	1	885	120
120_SA_2	2	1	615	55
279_SA_4	4	1	849	300
280_NU_4	4	5	864	60
119_SA_2	2	1	524	60
124_SA_2	2	1	838	30
121_LC_2	2	3	1090	45
122_SA_2	2	1	915	50
351_SA_5	5	1	408	60
118_SA_2	2	1	566	120
278_PR_4	4	2	459	150
116_SA_2	2	1	1189	60
117_SA_2	2	1	693	140
123_SA_2	2	1	958	50
15_SA_1	1	1	50588	240
125_SA_2	2	1	62964	60
281_PR_4	4	2	41855	70
282_LC_4	4	3	24428	90
127_PR_2	2	2	74018	80
206_PR_3	3	2	156463	35
126_PR_2	2	2	104827	180
353_SA_5	5	1	120	5
354_PR_5	5	2	46637	30
16_SA_1	1	1	661	110
207_SA_3	3	1	431	50
128_SA_2	2	1	223	120
17_NU_1	1	5	1040	180
129_NU_2	2	5	980	120
283_SA_4	4	1	2718	180
355_LC_5	5	3	1694	150
130_SA_2	2	1	1404	90
356_SA_5	5	1	402	150
131_PR_2	2	2	50982	215
18_SA_1	1	1	2248	90
208_SA_3	3	1	1626	90
209_SA_3	3	1	1630	45
132_SA_2	2	1	593	20
19_SA_1	1	1	117208	180
210_SA_3	3	1	78757	180
284_SA_4	4	1	92750	240
134_SA_2	2	1	49631	60
133_SA_2	2	1	46408	90
357_SA_5	5	1	60723	60
285_SA_4	4	1	52852	60
135_SA_2	2	1	83207	60
20_SA_1	1	1	64231	60
136_LC_2	2	3	472	30
286_PR_4	4	2	49119	60
360_LC_5	5	3	75558	10
358_PR_5	5	2	58704	70
137_PR_2	2	2	59329	150
359_LC_5	5	3	36821	10
361_SA_5	5	1	66299	10
21_NU_1	1	5	16769	90
211_NU_3	3	5	30224	40
362_PR_5	5	2	51981	240
22_PR_1	1	2	55032	60
213_LC_3	3	3	21159	90
139_PR_2	2	2	75513	60
140_SA_2	2	1	48631	50
288_SA_4	4	1	48976	60
287_PR_4	4	2	68861	90
212_SA_3	3	1	37579	40
138_VI_2	2	4	52606	90
363_VI_5	5	4	2753	10
214_VI_3	3	4	2917	25
215_PR_3	3	2	66591	45
23_SA_1	1	1	62320	90
24_PR_1	1	2	6212	100
289_LC_4	4	3	28321	110
25_PR_1	1	2	7687	90
141_NU_2	2	5	267	150
26_NU_1	1	5	361	420
27_LC_1	1	3	2642	180
216_SA_3	3	1	7195	80
28_SA_1	1	1	464	30
29_SA_1	1	1	53769	60
364_PR_5	5	2	2185	1
217_SA_3	3	1	373	150
365_SA_5	5	1	1143	120
290_SA_4	4	1	939	60
291_SA_4	4	1	1961	150
292_PR_4	4	2	2350	50
293_PR_4	4	2	2872	165
294_SA_4	4	1	30895	90
142_LC_2	2	3	6876	50
218_SA_3	3	1	4239	120
219_SA_3	3	1	3658	90
143_SA_2	2	1	3892	180
144_SA_2	2	1	237	90
145_LC_2	2	3	225	60
146_SA_2	2	1	230	165
147_LC_2	2	3	250	30
220_PR_3	3	2	201	60
30_PR_1	1	2	5782	60
295_LC_4	4	3	84	60
366_SA_5	5	1	15767	20
32_SA_1	1	1	14540	90
31_SA_1	1	1	5007	90
367_PR_5	5	2	64248	15
33_LC_1	1	3	5831	150
221_PR_3	3	2	71899	35
296_SA_4	4	1	72606	90
222_PR_3	3	2	68072	60
223_PR_3	3	2	72856	40
224_PR_3	3	2	2261	50
34_LC_1	1	3	45079	80
148_SA_2	2	1	11068	90
368_PR_5	5	2	14756	5
369_SA_5	5	1	48346	120
370_SA_5	5	1	76560	140
225_SA_3	3	1	394	80
35_SA_1	1	1	219	105
297_SA_4	4	1	1141	100
36_LC_1	1	3	50821	60
298_PR_4	4	2	241	120
150_SA_2	2	1	1632	120
149_SA_2	2	1	1143	235
151_SA_2	2	1	46255	120
38_PR_1	1	2	55855	80
371_PR_5	5	2	51342	30
37_PR_1	1	2	42711	60
39_LC_1	1	3	3686	90
226_PR_3	3	2	64038	65
372_LC_5	5	3	27382	60
227_LC_3	3	3	1707	120
40_SA_1	1	1	4464	60
228_SA_3	3	1	35026	100
152_LC_2	2	3	2210	1
41_LC_1	1	3	2688	120
42_PR_1	1	2	2916	60
299_LC_4	4	3	214	60
43_SA_1	1	1	3888	207
300_SA_4	4	1	55496	105
301_SA_4	4	1	395	75
44_PR_1	1	2	748	25
153_PR_2	2	2	54631	230
302_SA_4	4	1	46209	90
373_SA_5	5	1	1571	60
154_PR_2	2	2	49164	170
374_PR_5	5	2	55955	105
155_SA_2	2	1	50492	240
375_PR_5	5	2	48380	170
229_SA_3	3	1	372	60
156_PR_2	2	2	63221	80
45_VI_1	1	4	13376	75
46_SA_1	1	1	107	90
47_SA_1	1	1	136	90
230_PR_3	3	2	31587	30
303_LC_4	4	3	23620	60
376_PR_5	5	2	52861	75
304_VI_4	4	4	1570	120
231_SA_3	3	1	2064	80
49_SA_1	1	1	1527	60
306_SA_4	4	1	780	270
305_PR_4	4	2	1598	25
377_PR_5	5	2	1067	30
157_SA_2	2	1	1693	150
48_SA_1	1	1	1774	60
232_PR_3	3	2	1298	120
307_SA_4	4	1	54867	120
233_SA_3	3	1	67228	40
378_PR_5	5	2	53799	30
234_LC_3	3	3	2294	60
235_LC_3	3	3	358	120
379_LC_5	5	3	55784	60
50_LC_1	1	3	67992	80
158_PR_2	2	2	2898	85
236_VI_3	3	4	172	90
308_PR_4	4	2	38296	30
237_PR_3	3	2	46457	70
159_SA_2	2	1	3066	55
51_SA_1	1	1	1085	90
160_PR_2	2	2	51723	60
309_PR_4	4	2	12473	60
310_PR_4	4	2	51272	120
161_LC_2	2	3	29755	180
238_SA_3	3	1	5523	60
162_SA_2	2	1	6267	1
239_SA_3	3	1	45360	180
52_PR_1	1	2	6048	30
240_PR_3	3	2	2433	60
53_NU_1	1	5	71755	90
311_PR_4	4	2	74653	60
241_SA_3	3	1	44411	20
55_LC_1	1	3	1075	60
54_LC_1	1	3	1388	60
312_PR_4	4	2	152045	50
56_LC_1	1	3	84	150
313_PR_4	4	2	1702	50
163_PR_2	2	2	2088	120
164_NU_2	2	5	2564	90
314_SA_4	4	1	2414	20
380_LC_5	5	3	3759	234
59_SA_1	1	1	3740	60
57_SA_1	1	1	2893	60
58_SA_1	1	1	5465	60
165_SA_2	2	1	990	120
60_LC_1	1	3	4345	90
167_SA_2	2	1	50992	60
64_SA_1	1	1	43459	10
62_SA_1	1	1	39005	150
61_SA_1	1	1	53127	30
166_SA_2	2	1	32081	40
65_SA_1	1	1	67686	30
63_SA_1	1	1	30144	75
381_SA_5	5	1	43044	60
242_LC_3	3	3	81637	40
315_SA_4	4	1	3180	180
316_NU_4	4	5	4126	60
66_PR_1	1	2	376	75
168_SA_2	2	1	925	60
67_SA_1	1	1	230	60
317_LC_4	4	3	53852	45
243_SA_3	3	1	1055	120
318_SA_4	4	1	794	240
68_SA_1	1	1	253	120
69_VI_1	1	4	48575	60
382_PR_5	5	2	3663	30
319_PR_4	4	2	2691	90
71_PR_1	1	2	17889	520
70_SA_1	1	1	13504	180
170_SA_2	2	1	20654	120
244_SA_3	3	1	9593	80
169_LC_2	2	3	22977	135
171_PR_2	2	2	2771	65
172_NU_2	2	5	52165	60
321_SA_4	4	1	48776	240
383_SA_5	5	1	54578	240
73_PR_1	1	2	70106	120
72_SA_1	1	1	48291	195
320_SA_4	4	1	50121	120
322_SA_4	4	1	76354	90
245_SA_3	3	1	401	160
384_SA_5	5	1	399	240
323_SA_4	4	1	382	120
246_LC_3	3	3	4975	100
247_SA_3	3	1	54007	90
74_SA_1	1	1	206	60
75_SA_1	1	1	72940	75
174_SA_2	2	1	84462	360
173_SA_2	2	1	61446	55
175_SA_2	2	1	63299	90
385_SA_5	5	1	48464	60
248_SA_3	3	1	2415	60
176_SA_2	2	1	798	90
177_PR_2	2	2	161	50
249_SA_3	3	1	56725	75
76_SA_1	1	1	145	100
250_SA_3	3	1	59382	60
77_SA_1	1	1	27892	120
178_NU_2	2	5	270	20
324_SA_4	4	1	32891	130
325_PR_4	4	2	4489	180
386_SA_5	5	1	62762	90
179_PR_2	2	2	26842	100
251_PR_3	3	2	5908	60
180_LC_2	2	3	44332	60
326_SA_4	4	1	1195	1
78_SA_1	1	1	1087	60
79_SA_1	1	1	892	100
181_LC_2	2	3	445	120
252_SA_3	3	1	772	55
387_SA_5	5	1	23768	90
80_SA_1	1	1	49348	90
81_SA_1	1	1	2836	60
388_SA_5	5	1	2667	60
389_SA_5	5	1	46386	90
253_SA_3	3	1	35658	60
82_VI_1	1	4	5937	30
390_LC_5	5	3	3820	180
255_PR_3	3	2	61297	150
254_PR_3	3	2	44580	60
256_PR_3	3	2	550	90
257_SA_3	3	1	807	5
258_SA_3	3	1	2571	120
83_SA_1	1	1	1776	240
327_SA_4	4	1	5210	120
84_LC_1	1	3	29887	15
85_PR_1	1	2	160	70
86_PR_1	1	2	24246	90
259_SA_3	3	1	249	110
260_SA_3	3	1	229	120
261_SA_3	3	1	7398	90
87_SA_1	1	1	1519	60
262_SA_3	3	1	1027	120
88_LC_1	1	3	58170	120
328_LC_4	4	3	44146	120
329_LC_4	4	3	17044	90
182_LC_2	2	3	64707	60
183_NU_2	2	5	401	20
263_SA_3	3	1	24404	60
184_SA_2	2	1	40765	15
185_SA_2	2	1	31613	35
331_SA_4	4	1	40557	160
330_SA_4	4	1	45344	120
264_SA_3	3	1	60513	65
186_PR_2	2	2	177	120
187_SA_2	2	1	62990	210
89_PR_1	1	2	58240	70
90_SA_1	1	1	57	90
391_LC_5	5	3	57367	75
393_PR_5	5	2	59074	150
91_PR_1	1	2	59818	120
392_PR_5	5	2	82437	35
188_VI_2	2	4	69	100
332_PR_4	4	2	2310	120
265_PR_3	3	2	55707	100
92_SA_1	1	1	58435	60
333_VI_4	4	4	63233	90
394_PR_5	5	2	42446	75
93_SA_1	1	1	2292	90
94_NU_1	1	5	31479	160
95_SA_1	1	1	347	140
334_SA_4	4	1	678	30
96_VI_1	1	4	82120	50
98_PR_1	1	2	29835	10
97_PR_1	1	2	68628	20
335_SA_4	4	1	3783	30
266_SA_3	3	1	5105	80
99_SA_1	1	1	96	75
267_NU_3	3	5	7881	50
336_VI_4	4	4	385	240
337_PR_4	4	2	1427	1
395_SA_5	5	1	96	90
338_SA_4	4	1	173	60
396_SA_5	5	1	55854	60
397_SA_5	5	1	40969	10
268_SA_3	3	1	1084	90
398_NU_5	5	5	5711	150
340_SA_4	4	1	5331	60
339_SA_4	4	1	6920	140
189_PR_2	2	2	6552	80
399_SA_5	5	1	51155	60
190_SA_2	2	1	68802	30
100_PR_1	1	2	5131	60
269_SA_3	3	1	217910	40
400_PR_5	5	2	56571	45
270_PR_3	3	2	12043	75
